670 2 7.65
671 11 32.79
672 8 21.38
673 17 23.68
674 9 2.84
675 10 9.29
676 9 11.23
677 9 4.87
678 14 1.02
679 1 0.01
680 1 0.01
681 1 0.01
682 1 0.01
683 1 0.01
684 1 0.01
685 1 0.01
686 1 0.01
687 9 2.33
688 9 2.77
689 9 5.59
690 9 5.47
691 1 0.01
692 1 0.01
693 1 0.01
694 1 0.01
695 1 0.01
696 2 25.87
697 14 17.87
698 14 6.05
699 2 8.22
700 8 45.81
701 8 27.06
702 13 29.31
703 12 11.02
704 15 24.01
705 23 23.12
706 13 28.65
707 7 24.08
708 8 25.26
709 12 33.83
710 11 25.77
711 23 21.23
712 15 66.23
713 7 19.58
714 11 17.99
715 17 30.43
716 14 1.28
717 9 7.23
718 9 12.00
719 9 3.67
720 1 0.01
721 1 0.01
722 9 7.77
723 9 6.42
724 9 4.51
725 9 3.57
726 1 0.01
727 1 0.01
728 2 18.92
729 19 82.71
730 8 37.76
731 2 8.14
732 23 31.37
733 9 6.42
734 17 15.41
735 17 15.50
736 17 14.93
737 2 19.30
738 14 6.22
739 1 0.01
740 24 62.00
741 15 71.34
742 15 50.11
743 15 58.27
744 15 28.66
745 2 8.93
746 15 34.81
747 15 21.75
748 17 16.29
749 2 18.75
750 8 23.67
751 14 11.09
752 25 8.91
753 14 23.19
754 1 0.01
755 1 0.01
756 1 0.01
757 9 6.30
758 1 5.77
759 14 4.49
760 1 0.01
761 1 0.01
762 1 1.80
763 1 0.01
764 1 1.80
765 14 0.99
766 1 0.01
767 1 0.01
768 1 0.01
769 14 4.24
770 1 0.01
771 12 81.22
772 11 24.97
773 7 30.67
774 10 8.07
775 14 10.97
776 14 4.46
777 1 0.01
778 1 1.76
779 1 0.01
780 8 28.68
781 8 37.16
782 3 21.83
783 12 29.71
784 12 31.24
785 7 38.52
786 11 15.16
787 8 35.86
788 13 17.28
789 18 23.73
790 17 24.41
791 14 3.54
792 2 22.18
793 10 9.52
794 9 5.30
795 14 4.40
796 1 0.01
797 1 1.80
798 1 0.01
799 1 0.01
800 16 24.23
801 23 26.28
802 23 18.32
803 23 15.54
804 17 20.92
805 7 30.02
806 11 29.44
807 10 11.17
808 10 21.45
809 14 4.58
810 9 6.76
811 14 4.40
812 1 0.01
813 1 1.80
814 1 0.01
815 1 0.01
816 1 0.01
817 14 1.29
818 1 0.01
819 1 0.01
820 1 0.01
821 14 6.12
822 1 0.01
823 12 21.41
824 3 18.79
825 13 27.88
826 8 18.15
827 8 22.11
828 2 8.49
829 23 18.58
830 8 23.11
831 24 48.20
832 8 23.87
833 23 19.61
834 15 26.29
835 8 21.94
836 13 29.67
837 11 15.97
838 17 11.95
839 10 9.74
840 10 9.61
841 14 4.40
842 9 2.33
843 9 6.02
844 1 0.01
845 1 0.01
846 14 4.49
847 1 0.01
848 13 31.03
849 13 36.37
850 2 8.83
851 13 32.16
852 3 23.21
853 2 8.58
854 23 18.62
855 3 28.59
856 8 29.35
857 7 111.98
858 11 32.14
859 8 20.48
860 21 25.87
861 10 14.88
862 17 13.29
863 2 11.77
864 3 33.50
865 1 0.01
866 15 30.65
867 23 20.66
868 18 17.94
869 8 27.87
870 8 15.49
871 13 22.78
872 23 18.55
873 8 24.28
874 2 8.02
875 3 17.94
876 17 25.71
877 24 25.63
878 17 22.30
879 11 20.48
880 17 16.18
881 14 7.22
882 14 2.48
883 9 5.25
884 9 6.67
885 1 0.01
886 1 0.01
887 1 0.01
888 1 0.01
889 1 0.01
890 1 0.01
891 1 0.01
892 12 19.04
893 18 18.30
894 17 15.66
895 10 17.11
896 9 2.84
897 2 13.96
898 17 28.37
899 1 0.01
900 1 0.01
901 9 6.37
902 11 13.88
903 17 10.55
904 10 7.86
905 14 17.84
906 14 1.25
907 1 0.01
908 1 0.01
909 1 0.01
910 1 0.01
911 1 0.01
912 1 0.01
913 1 0.01
914 1 0.01
915 1 0.01
916 1 0.01
917 1 1.78
918 1 0.01
919 1 0.01
