1 1 1.86
2 1 0.01
3 1 0.01
4 1 0.01
5 1 1.86
6 1 0.01
7 1 1.84
8 1 0.01
9 1 1.83
10 1 0.01
11 1 0.01
12 1 0.01
13 1 0.01
14 7 4.81
15 1 0.01
16 1 0.01
17 1 0.01
18 1 0.01
19 1 0.01
20 1 0.01
21 1 0.01
22 1 0.01
23 1 0.01
24 1 0.01
25 1 0.01
26 1 1.87
27 1 0.01
28 25 8.10
29 25 2.25
30 25 2.72
31 1 0.01
32 1 1.86
33 1 0.01
34 1 0.01
35 1 0.01
36 1 0.01
37 25 3.17
38 1 0.01
39 1 0.01
40 1 0.01
41 1 0.01
42 1 0.01
43 1 0.01
44 1 0.01
45 1 0.01
46 1 0.01
47 1 0.01
48 1 0.01
49 7 3.08
50 7 4.33
51 1 0.01
52 25 2.80
53 1 1.85
54 1 0.01
55 2 12.68
56 18 35.76
57 20 21.74
58 2 7.78
59 9 29.46
60 2 9.28
61 16 21.61
62 20 18.52
63 20 39.87
64 20 39.73
65 14 22.65
66 9 28.69
67 13 48.57
68 16 47.79
69 16 23.39
70 20 19.80
71 2 8.91
72 16 31.05
73 16 26.33
74 18 30.25
75 20 25.06
76 16 16.96
77 20 17.57
78 25 6.18
79 17 13.99
80 17 16.86
81 6 6.22
82 15 5.81
83 1 1.83
84 7 4.26
85 1 0.01
86 1 0.01
87 1 0.01
88 25 3.56
89 1 0.01
90 1 0.01
91 1 1.86
92 1 0.01
93 1 1.84
94 1 0.01
95 1 0.01
96 1 0.01
97 1 1.83
98 1 0.01
99 1 2.00
100 1 0.01
101 1 0.01
102 25 1.24
103 1 0.01
104 7 5.88
105 1 0.01
106 25 1.24
107 1 0.01
108 1 0.01
109 1 0.01
110 1 0.01
111 1 0.01
112 1 0.01
113 1 0.01
114 1 0.01
115 1 0.01
116 1 1.86
117 1 0.01
118 1 1.84
119 1 0.01
120 1 0.01
121 1 0.01
122 1 0.01
123 1 0.01
124 1 0.01
125 1 1.83
126 1 0.01
127 17 25.33
128 25 1.50
129 25 3.17
130 1 0.01
131 1 0.01
132 1 0.01
133 1 0.01
134 1 0.01
135 1 0.01
136 1 0.01
137 8 32.54
138 10 46.65
139 9 22.07
140 13 39.17
141 10 19.44
142 13 20.70
143 14 18.46
144 17 11.04
145 17 15.69
146 25 11.88
147 23 60.23
148 1 1.83
149 1 0.01
150 1 0.01
151 16 25.30
152 23 16.28
153 13 21.19
154 25 4.85
155 2 14.87
156 17 8.50
157 7 6.88
158 2 9.53
159 7 12.81
160 1 0.01
161 1 0.01
162 18 16.26
163 11 28.22
164 2 9.08
165 23 18.98
166 14 15.35
167 23 12.57
168 2 16.66
169 25 8.47
170 7 7.46
171 1 3.99
172 1 1.84
173 7 3.18
174 1 0.01
175 7 11.16
176 1 1.84
177 25 2.22
178 25 3.27
179 1 0.01
180 1 0.01
181 1 0.01
182 1 0.01
183 25 1.24
184 1 0.01
185 1 0.01
186 1 0.01
187 1 0.01
188 1 1.84
189 1 0.01
190 25 7.30
191 1 0.01
192 1 1.84
193 1 0.01
194 25 2.80
195 25 5.90
196 1 0.01
197 1 0.01
198 1 0.01
199 1 0.01
200 1 0.01
201 1 0.01
202 1 1.83
203 1 0.01
204 1 0.01
205 1 0.01
206 1 0.01
207 1 1.87
208 1 0.01
209 1 0.01
210 1 0.01
211 1 0.01
212 1 0.01
213 1 0.01
214 1 0.01
215 1 0.01
216 1 1.83
217 7 4.68
218 7 8.47
219 7 2.62
220 1 0.01
221 1 0.01
222 25 5.58
223 25 2.22
224 25 7.37
225 1 1.84
226 1 0.01
227 1 0.01
228 1 0.01
229 1 0.01
230 1 0.01
231 1 3.67
232 1 0.01
233 1 1.84
234 1 0.01
235 1 0.01
236 1 1.83
237 1 0.01
238 1 1.85
239 1 0.01
240 1 0.01
241 1 0.01
242 1 0.01
243 1 0.01
244 1 0.01
245 1 0.01
246 1 0.01
247 1 0.01
248 1 0.01
249 1 0.01
250 7 4.61
251 1 0.01
252 25 6.16
253 25 4.61
254 25 3.17
255 25 1.24
256 1 0.01
257 1 0.01
258 1 1.85
259 1 0.01
260 1 0.01
261 1 0.01
262 1 0.01
263 25 3.56
264 1 0.01
265 1 0.01
266 1 0.01
267 1 0.01
268 1 0.01
269 1 0.01
270 1 0.01
271 1 0.01
272 1 0.01
273 1 0.01
274 1 0.01
275 1 0.01
276 1 0.01
