1 1 1.84
2 1 0.01
3 1 0.01
4 1 2.00
5 1 0.01
6 1 0.01
7 1 0.01
8 1 0.01
9 1 0.01
10 17 10.52
11 7 5.88
12 1 1.86
13 1 0.01
14 1 0.01
15 7 2.62
16 1 0.01
17 25 1.24
18 1 0.01
19 1 0.01
20 1 0.01
21 1 0.01
22 1 0.01
23 15 8.56
24 1 0.01
25 1 0.01
26 25 1.24
27 1 0.01
28 1 0.01
29 1 1.86
30 1 0.01
31 1 0.01
32 1 0.01
33 1 1.83
34 1 0.01
35 1 0.01
36 1 0.01
37 1 0.01
38 1 0.01
39 25 3.65
40 1 0.01
41 1 1.84
42 1 0.01
43 1 0.01
44 1 0.01
45 1 0.01
46 1 0.01
47 25 2.90
48 1 1.87
49 1 0.01
50 1 0.01
51 1 1.84
52 1 1.83
53 1 0.01
54 1 0.01
55 1 1.84
56 1 1.86
57 25 2.22
58 1 1.85
59 1 0.01
60 25 3.17
61 1 0.01
62 1 0.01
63 1 0.01
64 1 0.01
65 1 0.01
66 25 5.07
67 25 1.24
68 1 0.01
69 1 0.01
70 1 0.01
71 1 0.01
72 1 0.01
73 25 7.24
74 15 8.38
75 1 0.01
76 1 0.01
77 1 1.85
78 1 0.01
79 1 0.01
80 1 0.01
81 1 0.01
82 1 0.01
83 7 6.08
84 1 1.83
85 1 0.01
86 1 0.01
87 1 0.01
88 1 0.01
89 1 0.01
90 25 1.24
91 1 0.01
92 1 0.01
93 1 0.01
94 1 0.01
95 1 0.01
96 1 0.01
97 1 0.01
98 1 1.84
99 1 0.01
100 1 0.01
101 7 4.42
102 7 3.20
103 1 1.83
104 1 0.01
105 1 0.01
106 25 4.19
107 1 1.86
108 1 0.01
109 25 7.93
110 25 2.67
111 25 1.24
112 1 0.01
113 1 0.01
114 1 0.01
115 1 0.01
116 1 0.01
117 1 0.01
118 1 0.01
119 1 1.83
120 25 15.67
121 15 18.88
122 1 1.84
123 1 0.01
124 1 0.01
125 1 0.01
126 1 0.01
127 1 0.01
128 1 0.01
129 1 0.01
130 1 0.01
131 1 1.83
132 1 0.01
133 1 0.01
134 1 1.86
135 1 0.01
136 1 0.01
137 25 1.24
138 1 0.01
139 1 0.01
140 1 0.01
141 1 0.01
142 1 0.01
143 1 0.01
144 1 0.01
145 1 1.83
146 1 0.01
147 1 0.01
148 1 0.01
149 7 4.64
150 1 1.83
151 1 0.01
152 1 0.01
153 1 0.01
154 1 1.84
155 25 2.67
156 25 3.17
157 1 0.01
158 1 0.01
159 1 0.01
160 1 0.01
161 1 1.84
162 1 0.01
163 1 0.01
164 1 0.01
165 1 0.01
166 25 6.00
167 25 15.44
168 6 21.90
169 25 5.90
170 1 0.01
171 1 0.01
172 1 0.01
173 1 0.01
174 1 0.01
175 1 0.01
176 1 0.01
177 1 0.01
178 1 1.83
179 1 0.01
180 1 2.00
181 25 3.51
182 1 1.84
183 1 0.01
184 25 2.88
185 1 0.01
186 1 0.01
187 1 0.01
188 1 0.01
189 1 0.01
190 1 0.01
191 1 0.01
192 6 6.20
193 1 0.01
194 25 1.24
195 1 0.01
196 1 1.84
197 1 1.83
198 1 0.01
199 1 0.01
200 1 0.01
201 1 1.84
202 25 2.67
203 25 3.17
204 1 0.01
205 1 0.01
206 1 0.01
207 1 0.01
208 1 0.01
209 1 0.01
210 1 0.01
211 1 0.01
212 1 0.01
213 1 0.01
214 1 0.01
215 15 13.49
216 1 0.01
217 1 0.01
218 1 1.85
219 1 0.01
220 1 0.01
221 1 0.01
222 1 0.01
223 1 0.01
224 1 0.01
225 1 1.83
226 1 0.01
227 1 0.01
228 25 3.51
229 17 42.86
230 1 0.01
231 25 1.24
232 1 0.01
233 1 0.01
234 1 0.01
235 1 0.01
236 1 0.01
237 1 0.01
238 1 0.01
239 1 1.84
240 1 0.01
241 1 0.01
242 1 0.01
243 1 1.84
244 1 1.83
245 1 0.01
246 1 0.01
247 1 0.01
248 1 1.84
249 25 2.67
250 25 3.17
251 1 0.01
252 1 0.01
253 1 0.01
254 1 1.83
255 1 0.01
256 1 0.01
257 1 0.01
258 6 3.96
259 1 0.01
260 1 0.01
261 25 15.67
262 15 72.49
263 7 4.64
264 1 0.01
265 1 1.85
266 1 0.01
267 1 0.01
268 1 0.01
269 1 0.01
270 1 0.01
271 1 0.01
272 1 0.01
273 1 0.01
274 1 0.01
275 25 2.25
276 25 1.24
277 1 0.01
278 1 0.01
279 1 0.01
280 1 0.01
281 1 0.01
282 1 0.01
283 1 0.01
284 1 0.01
285 1 0.01
286 1 0.01
287 1 0.01
288 1 0.01
289 1 0.01
290 1 0.01
