460 1 1.80
461 1 0.01
462 1 0.01
463 1 0.01
464 1 0.01
465 1 0.01
466 1 0.01
467 1 0.01
468 1 0.01
469 1 0.01
470 1 0.01
471 10 21.56
472 1 0.01
473 1 1.76
474 1 0.01
475 1 0.01
476 1 0.01
477 1 0.01
478 1 0.01
479 1 1.76
480 14 1.14
481 1 0.01
482 1 1.79
483 9 3.76
484 9 2.54
485 1 1.76
486 1 0.01
487 1 0.01
488 1 0.01
489 1 0.01
490 1 0.01
491 1 1.79
492 1 0.01
493 1 0.01
494 1 0.01
495 9 8.33
496 9 6.36
497 9 2.40
498 17 16.98
499 10 12.64
500 9 6.76
501 14 4.58
502 1 0.01
503 1 1.76
504 1 0.01
505 1 1.76
506 1 0.01
507 14 1.19
508 1 0.01
509 1 0.01
510 1 0.01
511 14 1.02
512 1 0.01
513 9 4.49
514 1 0.01
515 9 2.33
516 14 2.64
517 1 0.01
518 1 0.01
519 9 2.41
520 9 2.40
521 1 1.80
522 1 0.01
523 1 0.01
524 18 25.71
525 3 31.66
526 2 7.53
527 24 20.59
528 17 14.55
529 9 2.33
530 10 10.83
531 9 5.08
532 14 4.24
533 1 0.01
534 1 1.80
535 1 0.01
536 1 0.01
537 1 0.01
538 1 0.01
539 1 0.01
540 1 0.01
541 1 0.01
542 1 0.01
543 1 0.01
544 1 1.76
545 1 0.01
546 10 17.21
547 11 27.80
548 10 19.70
549 9 6.55
550 25 22.61
551 25 3.69
552 1 0.01
553 1 0.01
554 1 0.01
555 1 0.01
