#PDB	RANK	SIZE	TP	FP	TN	FN	TPR	FPR	F1_MEASURE	CLUSTER_RESIDUES
1NVR	0	3	0	3	122	4	0.00	0.02	0.00	84,125,82
1NVR	1	2	0	2	123	4	0.00	0.02	0.00	142,139
1NVR	2	3	1	2	123	3	0.25	0.02	0.29	65,64,72
1NVR	3	4	0	4	121	4	0.00	0.03	0.00	158,170,157,162
1NVR	4	2	0	2	123	4	0.00	0.02	0.00	226,224
1NVR	5	3	0	3	122	4	0.00	0.02	0.00	89,88,91
1NVR	6	2	1	1	124	3	0.25	0.01	0.33	10,7
1NVR	7	3	0	3	122	4	0.00	0.02	0.00	2,1,4
1NVR	8	2	0	2	123	4	0.00	0.02	0.00	240,239
1NVR	9	3	0	3	122	4	0.00	0.02	0.00	153,154,152
1NVR	10	2	0	2	123	4	0.00	0.02	0.00	246,178
1NVR	11	2	0	2	123	4	0.00	0.02	0.00	18,17
1NVR	12	2	0	2	123	4	0.00	0.02	0.00	45,42
1NVR	13	2	0	2	123	4	0.00	0.02	0.00	264,133
