#PDB	RANK	SIZE	TP	FP	TN	FN	TPR	FPR	F1_MEASURE	CLUSTER_RESIDUES
2VJ0	0	5	1	4	106	12	0.08	0.04	0.11	150,147,148,145,152
2VJ0	1	3	0	3	107	13	0.00	0.03	0.00	136,135,200
2VJ0	2	7	1	6	104	12	0.08	0.05	0.10	37,42,35,20,44,39,19
2VJ0	3	2	0	2	108	13	0.00	0.02	0.00	79,78
2VJ0	4	7	3	4	106	10	0.23	0.04	0.30	92,90,26,27,51,23,31
2VJ0	5	8	4	4	106	9	0.31	0.04	0.38	217,224,215,213,221,163,222,219
2VJ0	6	2	0	2	108	13	0.00	0.02	0.00	244,240
2VJ0	7	2	0	2	108	13	0.00	0.02	0.00	10,7
2VJ0	8	2	0	2	108	13	0.00	0.02	0.00	67,65
2VJ0	9	2	0	2	108	13	0.00	0.02	0.00	61,59
