#PDB	RANK	SIZE	TP	FP	TN	FN	TPR	FPR	F1_MEASURE	CLUSTER_RESIDUES
3D1E	0	15	9	6	145	2	0.82	0.04	0.69	364,242,247,362,176,240,245,243,360,329,175,366,326,363,365
3D1E	1	4	1	3	148	10	0.09	0.02	0.13	151,149,152,153
3D1E	2	2	0	2	149	11	0.00	0.01	0.00	272,269
3D1E	3	2	0	2	149	11	0.00	0.01	0.00	229,56
3D1E	4	2	0	2	149	11	0.00	0.01	0.00	300,298
3D1E	5	6	0	6	145	11	0.00	0.04	0.00	49,198,50,221,238,235
3D1E	6	2	0	2	149	11	0.00	0.01	0.00	120,118
3D1E	7	3	0	3	148	11	0.00	0.02	0.00	80,77,74
3D1E	8	4	0	4	147	11	0.00	0.03	0.00	106,104,103,107
3D1E	9	5	0	5	146	11	0.00	0.03	0.00	27,28,24,115,111
3D1E	10	3	0	3	148	11	0.00	0.02	0.00	277,276,279
3D1E	11	2	0	2	149	11	0.00	0.01	0.00	140,136
