1 1 0.01
2 1 0.01
3 1 0.01
4 1 0.01
5 1 0.01
6 20 24.42
7 14 32.66
8 17 13.82
9 17 10.53
10 6 6.26
11 6 2.84
12 1 1.84
13 1 0.01
14 1 0.01
15 1 0.01
16 1 0.01
17 1 0.01
18 1 0.01
19 1 0.01
20 1 0.01
21 25 2.69
22 1 1.84
23 1 0.01
24 25 5.90
25 1 0.01
26 1 0.01
27 1 0.01
28 2 12.41
29 1 0.01
30 2 19.83
31 7 15.83
32 7 5.67
33 2 7.99
34 19 34.48
35 9 31.12
36 16 29.79
37 10 18.16
38 21 36.55
39 20 15.29
40 10 22.04
41 11 19.10
42 9 13.72
43 18 16.90
44 14 20.68
45 14 19.14
46 21 23.48
47 25 2.82
48 2 20.20
49 17 16.15
50 17 9.00
51 1 0.01
52 25 5.38
53 6 2.59
54 1 0.01
55 1 0.01
56 7 11.96
57 25 5.97
58 25 5.07
59 6 2.84
60 1 0.01
61 1 0.01
62 1 0.01
63 20 24.53
64 23 25.67
65 2 8.85
66 14 15.25
67 25 2.63
68 17 13.58
69 2 10.77
70 2 13.27
71 2 15.67
72 25 7.47
73 1 0.01
74 10 14.70
75 9 21.59
76 13 14.10
77 10 26.26
78 9 24.06
79 2 8.51
80 14 16.99
81 18 23.38
82 23 16.40
83 2 23.33
84 14 29.55
85 7 11.61
86 25 5.03
87 25 13.39
88 1 0.01
89 1 0.01
90 1 0.01
91 15 4.64
92 1 0.01
93 1 0.01
94 1 0.01
95 1 0.01
96 1 1.87
97 1 0.01
98 25 2.91
99 6 2.64
100 1 0.01
101 1 0.01
102 1 0.01
103 1 0.01
104 1 0.01
105 10 81.10
106 14 16.05
107 2 19.77
108 17 9.65
109 7 3.70
110 7 4.34
111 1 0.01
112 1 1.86
113 1 0.01
114 9 22.99
115 13 20.85
116 20 26.47
117 18 35.26
118 20 20.21
119 10 22.11
120 18 20.04
121 9 17.93
122 10 19.24
123 20 33.46
124 23 20.76
125 17 17.23
126 9 26.59
127 17 9.48
128 6 17.92
129 7 4.65
130 1 0.01
131 1 1.86
132 1 0.01
133 1 0.01
134 22 69.53
135 11 30.82
136 10 36.16
137 5 15.74
138 11 21.07
139 14 25.08
140 21 33.78
141 23 12.14
142 17 11.06
143 17 16.82
144 7 2.72
145 1 1.83
146 1 0.01
147 1 0.01
148 25 1.52
149 1 0.01
150 1 0.01
151 25 1.50
152 25 1.24
153 1 0.01
154 1 0.01
155 7 5.48
156 1 0.01
157 5 30.85
158 20 21.23
159 18 25.57
160 18 18.93
161 9 29.21
162 2 8.91
163 10 16.92
164 9 19.88
165 20 35.07
166 10 20.69
167 10 41.36
168 19 39.24
169 9 25.86
170 16 26.10
171 14 16.53
172 7 20.94
173 2 19.48
174 25 6.21
175 6 2.64
176 1 0.01
177 1 0.01
178 1 0.01
179 1 0.01
180 1 0.01
181 1 0.01
182 2 12.80
183 2 12.71
184 9 28.03
185 1 0.01
186 7 16.18
187 2 8.73
188 10 21.72
189 20 25.91
190 9 24.04
191 13 24.57
192 20 21.40
193 23 26.08
194 14 31.77
195 14 20.61
196 11 19.75
197 7 7.27
198 7 12.67
199 14 18.79
200 9 29.00
201 2 9.77
202 16 24.20
203 9 21.03
204 18 27.16
205 2 8.85
206 14 22.58
207 9 29.40
208 23 17.49
209 25 6.20
210 23 12.56
211 2 12.37
212 17 13.07
213 7 7.93
214 25 1.24
215 7 3.21
216 1 0.01
217 7 8.75
218 25 3.17
219 1 1.83
220 1 0.01
221 1 0.01
222 1 0.01
223 1 0.01
224 1 0.01
225 1 0.01
226 5 23.23
227 2 22.04
228 2 9.06
229 17 23.22
230 1 1.84
231 2 8.51
232 2 22.06
233 2 18.77
234 1 0.01
235 25 5.59
236 17 12.43
237 9 23.13
238 25 4.61
239 15 6.07
240 7 4.34
241 1 0.01
242 25 1.24
243 1 0.01
244 1 0.01
245 1 0.01
246 1 0.01
247 1 0.01
248 1 0.01
249 1 0.01
250 1 0.01
251 1 1.85
252 1 0.01
253 1 0.01
