1 1 0.01
2 1 0.01
3 1 0.01
4 25 5.90
5 1 0.01
6 1 0.01
7 1 0.01
8 15 145.69
9 1 2.00
10 1 0.01
11 15 14.86
12 1 0.01
13 1 0.01
14 1 0.01
15 1 0.01
16 1 0.01
17 1 0.01
18 1 5.98
19 1 0.01
20 15 138.75
21 1 7.99
22 25 7.51
23 2 19.69
24 1 0.01
25 1 0.01
26 1 0.01
27 1 0.01
28 7 2.43
29 1 1.83
30 1 0.01
31 1 0.01
32 1 0.01
33 1 0.01
34 1 0.01
35 1 0.01
36 1 0.01
37 1 0.01
38 1 0.01
39 1 0.01
40 1 0.01
41 1 0.01
42 1 0.01
43 1 0.01
44 1 0.01
45 13 33.48
46 24 51.06
47 16 37.16
48 16 21.71
49 20 54.06
50 10 102.24
51 10 32.25
52 14 28.99
53 23 25.43
54 17 17.21
55 17 18.05
56 25 6.50
57 25 3.56
58 1 0.01
59 1 0.01
60 1 0.01
