1 22 47.25
2 9 16.54
3 16 19.24
4 20 26.86
5 9 18.08
6 20 22.30
7 2 7.80
8 18 14.25
9 9 14.66
10 20 29.00
11 14 26.40
12 23 12.34
13 17 13.00
14 2 11.21
15 25 11.13
16 25 3.27
17 1 0.01
18 1 0.01
19 1 0.01
20 1 0.01
21 1 0.01
22 1 1.84
23 14 18.43
24 17 11.40
25 17 27.45
26 17 9.31
27 6 3.28
28 7 4.33
29 1 0.01
30 25 2.69
31 1 1.84
32 1 0.01
33 1 1.83
34 1 0.01
35 1 0.01
36 8 33.29
37 9 17.99
38 14 13.11
39 17 33.61
40 17 10.11
41 2 10.98
42 6 3.12
43 6 6.70
44 1 0.01
45 1 0.01
46 7 7.07
47 22 68.81
48 2 9.77
49 20 16.72
50 13 29.85
51 11 33.00
52 9 27.89
53 10 32.58
54 10 31.82
55 20 18.10
56 18 23.13
57 13 43.26
58 10 16.47
59 9 19.39
60 10 19.53
61 10 28.75
62 21 19.48
63 9 24.41
64 14 13.16
65 18 34.32
66 23 18.46
67 17 9.65
68 17 9.93
69 7 2.28
70 1 1.83
71 1 0.01
72 1 0.01
73 23 11.44
74 17 9.97
75 17 9.95
76 7 4.82
77 1 1.84
78 1 0.01
79 17 25.77
80 16 22.08
81 14 15.26
82 10 19.80
83 14 25.01
84 2 17.68
85 7 9.03
86 1 1.83
87 2 9.12
88 2 21.15
89 1 0.01
90 1 0.01
91 18 23.79
92 5 34.83
93 23 12.56
94 5 34.67
95 23 14.98
96 23 12.64
97 17 19.84
98 7 2.84
99 7 2.43
100 7 2.28
101 1 1.83
102 1 0.01
103 1 0.01
104 1 0.01
105 15 8.38
106 1 0.01
107 1 0.01
108 1 1.85
109 1 0.01
110 1 0.01
111 1 0.01
112 1 0.01
113 1 1.84
114 1 0.01
115 1 0.01
116 1 0.01
117 1 0.01
118 1 0.01
119 7 2.72
120 7 5.44
121 7 4.41
122 1 0.01
123 25 10.43
124 25 7.03
125 1 0.01
126 1 1.84
127 1 0.01
128 20 24.62
129 10 28.22
130 2 7.99
131 11 18.72
132 21 31.23
133 2 8.54
134 14 20.46
135 21 34.86
136 23 13.44
137 25 5.08
138 23 12.71
139 17 11.28
140 17 16.59
141 7 2.43
142 7 4.30
143 1 1.84
144 1 0.01
145 1 0.01
146 1 0.01
147 1 0.01
148 8 49.48
149 10 26.23
150 10 18.27
151 5 20.83
152 2 8.20
153 23 28.89
154 23 12.26
155 2 11.59
156 2 11.15
157 7 11.97
158 1 0.01
159 1 1.83
160 1 1.84
161 1 0.01
162 25 5.90
163 1 0.01
164 1 0.01
165 25 2.62
166 1 1.87
167 1 0.01
168 1 0.01
169 1 0.01
170 20 37.81
171 20 23.34
172 16 24.08
173 10 26.57
174 18 27.38
175 16 19.99
176 10 29.39
177 11 25.32
178 20 18.18
179 10 18.54
180 5 26.66
181 21 13.69
182 23 13.91
183 2 28.02
184 17 13.38
185 17 18.22
186 25 5.19
187 7 2.43
188 7 4.30
189 1 3.69
190 1 0.01
191 1 0.01
192 1 0.01
193 1 0.01
194 25 2.80
195 2 24.53
196 1 0.01
197 14 14.79
198 14 28.36
199 21 24.00
200 2 11.84
201 17 16.04
202 7 7.55
203 7 5.48
204 1 0.01
205 20 25.79
206 18 20.48
207 20 25.47
208 5 51.77
209 9 19.90
210 20 25.56
211 18 20.95
212 9 21.32
213 20 33.55
214 10 23.26
215 13 42.63
216 20 41.51
217 9 17.99
218 14 13.11
219 17 33.61
220 17 10.11
221 2 10.98
222 6 3.12
223 1 3.69
224 1 0.01
225 1 0.01
226 1 0.01
227 17 12.38
228 2 15.21
229 25 1.52
230 6 5.89
231 1 0.01
232 1 0.01
233 1 0.01
234 1 0.01
235 1 0.01
236 14 14.16
237 17 10.31
238 2 11.31
239 6 3.08
240 25 2.63
241 1 0.01
242 1 0.01
243 1 0.01
244 1 0.01
