1 1 0.01
2 1 1.83
3 1 0.01
4 1 0.01
5 1 0.01
6 1 0.01
7 1 0.01
8 1 0.01
9 1 0.01
10 25 2.25
11 25 4.45
12 1 0.01
13 1 0.01
14 1 0.01
15 1 0.01
16 1 1.86
17 1 0.01
18 1 0.01
19 1 0.01
20 25 1.24
21 1 0.01
22 1 0.01
23 7 7.91
24 1 0.01
25 1 0.01
26 6 6.20
27 1 0.01
28 1 1.84
29 1 0.01
30 1 0.01
31 1 0.01
32 1 0.01
33 1 0.01
34 1 0.01
35 1 0.01
36 1 0.01
37 1 0.01
38 1 0.01
39 25 2.67
40 1 0.01
41 1 0.01
42 1 0.01
43 7 4.68
44 1 0.01
45 25 11.91
46 20 28.19
47 7 2.91
48 1 1.84
49 7 4.71
50 1 0.01
51 25 1.24
52 1 0.01
53 1 0.01
54 1 0.01
55 7 4.33
56 1 0.01
57 1 1.86
58 1 1.84
59 1 0.01
60 1 0.01
61 1 1.86
62 1 0.01
63 1 1.84
64 1 1.84
65 1 0.01
66 1 0.01
67 25 1.24
68 1 1.84
69 1 0.01
70 1 0.01
71 1 0.01
72 20 24.37
73 20 23.26
74 10 15.32
75 23 11.93
76 17 19.06
77 17 10.35
78 25 8.19
79 6 2.79
80 1 1.83
81 1 0.01
82 1 0.01
83 1 0.01
84 1 0.01
85 1 0.01
86 1 0.01
87 1 0.01
88 1 0.01
89 1 0.01
90 1 0.01
91 1 0.01
92 1 0.01
93 1 0.01
94 1 0.01
