362 1 0.01
363 1 0.01
364 1 1.78
365 1 0.01
366 1 0.01
367 14 2.64
368 1 1.80
369 1 0.01
370 14 1.22
371 1 0.01
372 14 11.24
373 1 0.01
374 1 0.01
375 1 2.00
376 1 0.01
377 14 1.28
378 1 0.01
379 1 0.01
380 1 0.01
381 1 0.01
382 14 1.21
383 1 0.01
384 1 0.01
385 1 0.01
386 1 0.01
387 1 0.01
388 1 0.01
389 1 0.01
390 1 0.01
391 1 0.01
392 1 0.01
393 1 0.01
394 1 0.01
395 1 0.01
396 1 0.01
397 1 0.01
398 1 1.79
399 14 1.22
400 1 0.01
401 1 0.01
402 1 1.78
403 14 2.69
404 9 3.82
405 1 0.01
406 1 0.01
407 14 0.99
408 9 10.64
409 1 1.80
410 1 0.01
411 1 0.01
412 1 0.01
413 1 1.78
414 14 1.19
415 1 0.01
416 9 6.94
417 9 3.57
418 1 0.01
419 1 0.01
420 1 0.01
421 1 0.01
422 1 0.01
423 1 0.01
424 1 0.01
425 1 0.01
426 1 0.01
427 1 0.01
428 1 0.01
429 1 0.01
430 1 0.01
431 1 0.01
432 1 0.01
433 1 0.01
434 1 0.01
435 9 2.41
436 1 1.80
437 1 0.01
438 1 0.01
439 1 0.01
440 1 0.01
441 1 0.01
442 1 0.01
443 1 0.01
444 1 0.01
445 1 0.01
446 14 1.05
447 1 0.01
448 25 7.56
449 1 0.01
450 1 0.01
451 1 0.01
452 1 0.01
453 1 0.01
454 1 0.01
455 1 0.01
456 1 0.01
457 1 0.01
458 9 2.41
459 25 3.18
460 1 0.01
461 1 0.01
462 1 0.01
463 1 0.01
464 1 0.01
465 1 0.01
466 1 0.01
467 1 0.01
468 1 0.01
469 1 0.01
470 1 0.01
471 1 0.01
472 1 0.01
473 1 1.76
474 1 0.01
475 1 0.01
476 1 0.01
477 1 0.01
478 1 0.01
479 13 23.01
480 10 11.27
481 14 0.99
482 14 7.93
483 9 2.41
484 2 22.49
485 1 0.01
486 25 6.13
487 1 0.01
488 1 0.01
489 1 0.01
490 1 1.76
491 1 0.01
492 14 7.57
493 10 24.90
494 14 22.45
495 9 10.03
496 13 33.03
497 2 27.40
498 10 7.49
499 9 5.85
500 9 2.98
501 1 1.79
502 1 0.01
503 1 0.01
504 1 0.01
