1 25 9.11
2 2 24.54
3 7 14.02
4 1 1.85
5 7 4.33
6 1 0.01
7 25 5.26
8 25 5.92
9 25 1.24
10 25 5.78
11 1 0.01
12 25 6.20
13 1 5.83
14 7 6.87
15 1 1.84
16 1 0.01
17 1 0.01
18 1 0.01
19 1 0.01
20 15 4.64
21 1 0.01
22 1 0.01
23 1 0.01
24 1 0.01
25 1 0.01
26 1 0.01
27 2 25.62
28 1 0.01
29 15 27.01
30 1 0.01
31 1 0.01
32 1 1.85
33 1 0.01
34 1 0.01
35 1 0.01
36 25 1.24
37 1 0.01
38 2 21.63
39 8 37.66
40 16 24.38
41 25 5.99
42 18 21.41
43 14 13.44
44 14 14.76
45 23 10.60
46 7 3.10
47 25 3.79
48 2 13.68
49 7 5.66
50 7 7.13
51 1 0.01
52 6 2.64
53 1 0.01
54 1 0.01
55 1 1.84
56 1 0.01
57 18 22.70
58 16 41.77
59 2 9.10
60 19 43.06
61 20 22.62
62 20 32.10
63 18 31.09
64 13 17.09
65 20 22.40
66 23 14.13
67 17 18.50
68 17 13.36
69 6 6.12
70 15 21.61
71 1 1.83
72 1 0.01
73 1 0.01
74 7 2.89
75 1 1.83
76 1 0.01
77 1 0.01
78 1 0.01
79 5 20.20
80 23 16.54
81 20 25.61
82 23 12.47
83 2 31.26
84 17 15.58
85 1 1.83
86 2 9.18
87 7 25.74
88 1 1.84
89 1 0.01
90 1 0.01
91 25 1.24
92 1 0.01
93 1 0.01
94 1 1.84
95 7 4.45
96 1 0.01
97 1 0.01
98 1 0.01
99 1 0.01
100 4 31.96
101 21 44.88
102 2 9.30
103 10 20.34
104 23 24.28
105 25 6.38
106 16 19.24
107 20 26.17
108 18 36.01
109 20 19.51
110 2 7.80
111 23 21.18
112 17 15.65
113 17 13.16
114 25 8.20
115 6 6.70
116 1 1.84
117 1 0.01
118 1 0.01
119 25 2.25
120 25 1.24
121 1 0.01
122 1 0.01
123 1 0.01
124 14 23.40
125 18 28.78
126 2 7.69
127 2 24.03
128 7 5.42
129 7 5.27
130 2 7.69
131 11 22.15
132 5 28.27
133 23 12.44
134 14 17.35
135 2 11.65
136 6 10.66
137 7 4.82
138 1 0.01
139 1 0.01
140 1 0.01
141 15 7.51
142 25 1.24
143 1 0.01
144 1 0.01
145 25 1.24
146 1 0.01
147 1 0.01
148 1 0.01
149 14 16.83
150 23 20.61
151 25 6.40
152 2 16.19
153 2 12.34
154 7 2.99
155 1 1.83
156 25 2.91
157 17 15.94
158 7 3.67
159 1 1.83
160 1 0.01
161 7 5.90
162 1 0.01
163 7 2.84
164 14 20.88
165 9 26.00
166 2 8.64
167 2 18.80
168 5 22.27
169 7 2.84
170 25 1.50
171 17 11.19
172 6 6.17
173 6 4.51
174 1 1.83
175 1 0.01
176 1 0.01
177 1 0.01
178 15 4.06
179 1 0.01
180 1 0.01
181 1 0.01
182 1 0.01
183 1 0.01
184 16 62.76
185 25 5.07
186 20 26.87
187 5 19.03
188 21 57.23
189 7 2.90
190 2 8.73
191 23 14.81
192 2 31.54
193 25 7.47
194 2 12.07
195 10 22.50
196 7 3.19
197 2 8.19
198 17 10.21
199 7 11.15
200 25 1.52
201 1 1.86
202 1 0.01
203 1 0.01
204 7 4.42
205 7 2.72
206 1 0.01
207 1 0.01
208 1 0.01
209 1 0.01
210 1 0.01
211 1 0.01
212 2 19.65
213 9 21.62
214 20 40.15
215 2 8.56
216 14 16.24
217 9 43.56
218 14 15.84
219 14 13.41
220 17 21.67
221 7 21.16
222 25 5.07
223 1 1.84
224 1 1.84
225 1 0.01
226 1 0.01
227 1 0.01
228 1 0.01
229 1 0.01
230 1 0.01
231 5 25.99
232 21 17.90
233 23 19.55
234 23 25.36
235 23 17.73
236 17 8.12
237 17 9.87
238 7 4.82
239 1 1.84
240 1 0.01
241 1 0.01
242 1 0.01
243 2 20.96
244 7 5.24
245 7 8.23
246 7 21.51
247 7 5.54
248 2 9.12
249 11 18.10
250 10 40.12
251 23 11.94
252 17 9.78
253 17 10.30
254 25 11.84
255 6 4.52
256 1 1.83
257 1 0.01
258 1 0.01
259 1 0.01
260 1 0.01
