1 1 0 0 2 0 4 2 0 4 2 0 1 0 0 1 0 0 
2 2 1 1 1 0 8 0 0 6 0 0 2 0 0 1 0 0 
3 1 2 0 0 0 5 0 0 2 0 0 2 0 0 1 0 0 
4 1 0 0 0 0 7 0 0 3 0 0 0 0 0 0 0 0 
5 0 1 0 0 0 3 3 0 0 0 0 1 1 0 0 0 0 
6 0 0 0 0 0 0 0 0 0 0 0 0 0 0 0 0 0 
7 1 0 0 2 0 4 2 0 4 2 0 0 0 0 0 0 0 
8 3 0 0 0 3 2 0 0 2 0 0 0 0 0 0 0 0 
9 1 0 0 0 0 2 0 0 2 0 0 0 0 0 0 0 0 
10 1 0 0 1 0 12 0 0 5 0 0 0 0 0 0 0 0 
11 0 0 0 0 0 0 0 0 0 0 0 0 0 0 0 0 0 
12 1 0 0 1 0 2 2 0 2 2 0 0 0 0 0 0 0 
13 1 0 0 0 0 2 0 0 2 0 0 0 0 0 0 0 0 
14 0 1 0 0 0 2 1 0 0 0 0 1 1 0 0 0 0 
15 0 1 0 0 0 10 5 0 0 0 0 0 0 0 0 0 0 
16 0 0 0 0 0 1 0 0 0 0 0 0 0 0 0 0 0 
17 0 0 0 0 0 0 0 0 0 0 0 0 0 0 0 0 0 
18 0 0 0 0 0 1 0 0 0 0 0 0 0 0 0 0 0 
19 0 0 0 0 0 0 0 0 0 0 0 0 0 0 0 0 0 
20 3 0 2 0 0 0 0 0 0 0 0 0 0 0 0 0 0 
21 0 0 0 0 0 0 0 0 0 0 0 0 0 0 0 0 0 
22 0 0 0 0 0 0 0 0 0 0 0 0 0 0 0 0 0 
23 0 0 0 0 0 0 0 0 0 0 0 0 0 0 0 0 0 
24 0 0 0 0 0 0 0 0 0 0 0 0 0 0 0 0 0 
25 0 0 0 0 0 0 0 0 0 0 0 0 0 0 0 0 0 
26 0 0 0 0 0 0 0 0 0 0 0 0 0 0 0 0 0 
27 1 1 0 1 0 30 5 0 6 0 0 2 1 0 0 0 0 
28 0 0 0 0 0 0 0 0 0 0 0 0 0 0 0 0 0 
29 5 0 3 0 3 0 0 0 0 0 0 0 0 0 0 0 0 
30 0 0 0 0 0 0 0 0 0 0 0 0 0 0 0 0 0 
31 0 0 0 0 0 0 0 0 0 0 0 0 0 0 0 0 0 
32 1 0 0 0 0 0 0 0 0 0 0 0 0 0 0 0 0 
33 0 0 0 0 0 0 0 0 0 0 0 0 0 0 0 0 0 
34 0 0 0 0 0 0 0 0 0 0 0 0 0 0 0 0 0 
35 0 0 0 0 0 0 0 0 0 0 0 0 0 0 0 0 0 
36 1 0 0 0 0 0 0 0 0 0 0 0 0 0 0 0 0 
37 0 0 0 0 0 0 0 0 0 0 0 0 0 0 0 0 0 
38 2 0 1 3 0 36 6 0 16 6 0 1 1 0 1 1 0 
39 5 0 4 4 0 51 3 0 11 3 0 7 1 0 5 1 0 
40 1 2 0 1 0 14 2 0 6 0 0 5 1 0 2 0 0 
41 1 0 0 1 0 4 0 0 4 0 0 1 0 0 1 0 0 
42 2 1 1 2 0 14 2 0 10 0 0 3 1 0 1 0 0 
43 2 1 1 1 0 12 2 0 8 0 0 5 1 0 3 0 0 
44 2 1 1 2 0 14 1 0 12 0 0 4 0 0 3 0 0 
45 2 1 1 1 0 14 3 0 8 0 0 3 1 0 2 0 0 
46 0 2 0 0 0 12 1 0 0 0 0 0 0 0 0 0 0 
47 1 0 0 2 0 3 1 0 3 1 0 0 0 0 0 0 0 
48 2 1 1 0 0 11 0 0 2 0 0 1 0 0 1 0 0 
49 0 2 0 0 0 4 2 0 0 0 0 1 0 0 0 0 0 
50 0 1 0 0 0 2 2 0 0 0 0 1 1 0 0 0 0 
51 0 0 0 0 0 0 0 0 0 0 0 0 0 0 0 0 0 
52 2 0 1 0 0 2 0 0 0 0 0 0 0 0 0 0 0 
53 0 0 0 0 0 3 0 0 0 0 0 0 0 0 0 0 0 
54 0 0 0 0 0 0 0 0 0 0 0 0 0 0 0 0 0 
55 0 1 0 0 0 3 3 0 0 0 0 0 0 0 0 0 0 
56 0 0 0 0 0 0 0 0 0 0 0 0 0 0 0 0 0 
57 2 1 1 2 0 18 3 0 12 0 0 4 1 0 2 0 0 
58 1 2 0 1 0 14 2 0 6 0 0 5 1 0 2 0 0 
59 1 0 0 1 0 6 0 0 6 0 0 1 0 0 1 0 0 
60 2 1 1 2 0 38 2 0 10 0 0 5 1 0 3 0 0 
61 2 1 1 2 0 14 2 0 10 0 0 5 1 0 3 0 0 
62 2 1 1 2 0 14 2 0 10 0 0 5 1 0 3 0 0 
63 2 1 1 2 0 19 2 0 15 0 0 5 1 0 3 0 0 
64 2 1 1 2 0 18 3 0 12 0 0 5 1 0 3 0 0 
65 2 1 1 2 0 14 2 0 10 0 0 5 1 0 3 0 0 
66 2 1 1 2 0 42 2 0 36 0 0 5 1 0 3 0 0 
67 2 1 1 2 0 32 6 0 9 0 0 3 1 0 1 0 0 
68 2 1 1 1 0 4 1 0 2 0 0 3 1 0 1 0 0 
69 2 1 1 1 0 8 0 0 8 0 0 1 0 0 1 0 0 
70 5 2 4 0 0 44 1 0 13 0 0 2 0 0 1 0 0 
71 0 1 0 0 0 4 4 0 0 0 0 0 0 0 0 0 0 
72 0 0 0 0 0 0 0 0 0 0 0 0 0 0 0 0 0 
73 0 0 0 0 0 12 0 0 0 0 0 0 0 0 0 0 0 
74 0 2 0 0 0 14 0 0 0 0 0 0 0 0 0 0 0 
75 0 1 0 0 0 2 2 0 0 0 0 0 0 0 0 0 0 
76 0 0 0 0 0 0 0 0 0 0 0 0 0 0 0 0 0 
77 0 0 0 0 0 0 0 0 0 0 0 0 0 0 0 0 0 
78 0 0 0 0 0 3 0 0 0 0 0 0 0 0 0 0 0 
79 2 1 1 2 0 14 2 0 10 0 0 5 1 0 3 0 0 
80 2 1 1 2 0 19 2 0 15 0 0 4 1 0 2 0 0 
81 2 1 1 1 0 16 3 0 10 0 0 4 1 0 2 0 0 
82 2 1 1 1 0 8 1 0 6 0 0 3 0 0 3 0 0 
83 2 1 1 2 0 13 1 0 10 0 0 0 0 0 0 0 0 
84 1 2 0 0 0 33 2 0 6 0 0 3 1 0 1 0 0 
85 0 1 0 0 0 0 0 0 0 0 0 0 0 0 0 0 0 
86 1 0 0 0 0 4 0 0 4 0 0 1 0 0 1 0 0 
87 0 4 0 0 0 12 5 0 0 0 0 2 2 0 0 0 0 
88 0 1 0 0 0 2 2 0 0 0 0 0 0 0 0 0 0 
89 0 0 0 0 0 0 0 0 0 0 0 0 0 0 0 0 0 
90 0 0 0 0 0 4 0 0 0 0 0 0 0 0 0 0 0 
91 1 0 0 0 0 1 0 0 1 0 0 0 0 0 0 0 0 
92 0 0 0 0 0 3 0 0 0 0 0 0 0 0 0 0 0 
93 0 0 0 0 0 0 0 0 0 0 0 0 0 0 0 0 0 
94 0 1 0 0 0 8 2 0 0 0 0 0 0 0 0 0 0 
95 1 1 0 0 0 11 0 0 2 0 0 0 0 0 0 0 0 
96 0 0 0 0 0 0 0 0 0 0 0 0 0 0 0 0 0 
97 0 0 0 0 0 3 0 0 0 0 0 0 0 0 0 0 0 
98 0 0 0 0 0 0 0 0 0 0 0 0 0 0 0 0 0 
99 0 0 0 0 0 4 0 0 0 0 0 0 0 0 0 0 0 
100 4 0 4 3 0 18 0 0 11 0 0 5 0 0 3 0 0 
101 1 2 0 0 0 19 2 0 6 0 0 5 1 0 2 0 0 
102 1 0 0 1 0 4 0 0 4 0 0 1 0 0 1 0 0 
103 2 1 1 2 0 19 2 0 15 0 0 4 1 0 2 0 0 
104 1 2 0 1 0 18 3 0 8 0 0 5 1 0 2 0 0 
105 1 0 0 1 0 4 0 0 4 0 0 0 0 0 0 0 0 
106 2 1 1 1 0 15 2 0 9 0 0 5 1 0 3 0 0 
107 2 1 1 2 0 31 1 0 8 0 0 3 0 0 3 0 0 
108 2 1 1 2 0 14 2 0 10 0 0 4 1 0 2 0 0 
109 1 2 0 1 0 14 2 0 6 0 0 5 1 0 2 0 0 
110 1 0 0 1 0 4 0 0 4 0 0 1 0 0 1 0 0 
111 2 1 1 2 0 14 2 0 10 0 0 5 1 0 3 0 0 
112 2 1 1 2 0 9 2 0 5 0 0 3 1 0 1 0 0 
113 2 1 1 1 0 4 1 0 2 0 0 3 1 0 1 0 0 
114 2 1 1 1 0 1 0 0 1 0 0 1 0 0 1 0 0 
115 2 1 1 0 0 4 0 0 4 0 0 0 0 0 0 0 0 
116 0 1 0 0 0 2 2 0 0 0 0 0 0 0 0 0 0 
117 0 0 0 0 0 0 0 0 0 0 0 0 0 0 0 0 0 
118 0 0 0 0 0 0 0 0 0 0 0 0 0 0 0 0 0 
119 1 0 0 1 0 0 0 0 0 0 0 0 0 0 0 0 0 
120 1 0 0 0 0 0 0 0 0 0 0 0 0 0 0 0 0 
121 0 0 0 0 0 0 0 0 0 0 0 0 0 0 0 0 0 
122 0 0 0 0 0 0 0 0 0 0 0 0 0 0 0 0 0 
123 0 0 0 0 0 0 0 0 0 0 0 0 0 0 0 0 0 
124 2 1 1 1 0 12 2 0 8 0 0 3 1 0 1 0 0 
125 1 2 0 0 0 8 1 0 4 0 0 2 0 0 2 0 0 
126 1 0 0 1 0 2 0 0 2 0 0 1 0 0 1 0 0 
127 1 2 0 1 0 10 1 0 4 0 0 2 0 0 1 0 0 
128 0 1 0 0 0 4 0 0 0 0 0 1 0 0 0 0 0 
129 0 1 0 0 0 4 0 0 0 0 0 1 0 0 0 0 0 
130 1 0 0 1 0 4 0 0 4 0 0 1 0 0 1 0 0 
131 2 1 1 2 0 14 2 0 10 0 0 5 1 0 3 0 0 
132 2 1 1 2 0 14 2 0 10 0 0 5 1 0 3 0 0 
133 2 1 1 2 0 14 2 0 10 0 0 4 1 0 2 0 0 
134 2 1 1 1 0 12 2 0 8 0 0 4 1 0 2 0 0 
135 2 1 1 1 0 4 1 0 2 0 0 1 0 0 1 0 0 
136 2 1 1 1 0 4 0 0 4 0 0 0 0 0 0 0 0 
137 1 2 0 0 0 16 1 0 8 0 0 1 0 0 0 0 0 
138 0 0 0 0 0 1 0 0 0 0 0 0 0 0 0 0 0 
139 0 0 0 0 0 0 0 0 0 0 0 0 0 0 0 0 0 
140 0 0 0 0 0 8 0 0 0 0 0 0 0 0 0 0 0 
141 3 0 2 2 0 4 0 0 1 0 0 0 0 0 0 0 0 
142 1 0 0 0 0 0 0 0 0 0 0 0 0 0 0 0 0 
143 0 0 0 0 0 0 0 0 0 0 0 0 0 0 0 0 0 
144 0 0 0 0 0 0 0 0 0 0 0 0 0 0 0 0 0 
145 1 0 0 0 0 0 0 0 0 0 0 0 0 0 0 0 0 
146 0 0 0 0 0 0 0 0 0 0 0 0 0 0 0 0 0 
147 0 0 0 0 0 0 0 0 0 0 0 0 0 0 0 0 0 
148 0 0 0 0 0 0 0 0 0 0 0 0 0 0 0 0 0 
149 2 1 1 2 0 18 3 0 12 0 0 3 1 0 1 0 0 
150 1 2 0 0 0 17 2 0 9 0 0 4 1 0 2 0 0 
151 1 0 0 1 0 3 0 0 3 0 0 0 0 0 0 0 0 
152 2 1 1 1 0 20 1 0 6 0 0 2 0 0 2 0 0 
153 1 2 0 1 0 13 1 0 4 0 0 2 0 0 1 0 0 
154 0 1 0 0 0 6 0 0 0 0 0 0 0 0 0 0 0 
155 0 1 0 0 0 2 0 0 0 0 0 0 0 0 0 0 0 
156 1 0 0 1 0 0 0 0 0 0 0 0 0 0 0 0 0 
157 2 1 1 0 0 6 0 0 6 0 0 2 0 0 2 0 0 
158 0 2 0 0 0 4 2 0 0 0 0 0 0 0 0 0 0 
159 0 1 0 0 0 4 4 0 0 0 0 0 0 0 0 0 0 
160 0 0 0 0 0 0 0 0 0 0 0 0 0 0 0 0 0 
161 1 2 0 0 0 6 3 0 0 0 0 0 0 0 0 0 0 
162 0 0 0 0 0 0 0 0 0 0 0 0 0 0 0 0 0 
163 0 2 0 0 0 9 6 0 0 0 0 0 0 0 0 0 0 
164 2 1 1 3 0 21 2 0 15 0 0 3 1 0 1 0 0 
165 2 2 1 0 0 33 2 0 15 0 0 4 1 0 2 0 0 
166 1 0 0 1 0 2 0 0 2 0 0 1 0 0 1 0 0 
167 2 1 1 2 0 13 1 0 10 0 0 2 0 0 2 0 0 
168 1 2 0 1 0 38 2 0 6 0 0 4 1 0 1 0 0 
169 0 1 0 0 0 8 0 0 0 0 0 1 0 0 0 0 0 
170 1 0 0 1 0 2 0 0 2 0 0 0 0 0 0 0 0 
171 2 1 1 1 0 4 1 0 2 0 0 3 1 0 1 0 0 
172 2 1 1 1 0 6 0 0 6 0 0 1 0 0 1 0 0 
173 2 1 1 0 0 30 1 0 3 0 0 0 0 0 0 0 0 
174 0 1 0 0 0 1 1 0 0 0 0 0 0 0 0 0 0 
175 0 0 0 0 0 0 0 0 0 0 0 0 0 0 0 0 0 
176 0 0 0 0 0 3 0 0 0 0 0 0 0 0 0 0 0 
177 0 0 0 0 0 0 0 0 0 0 0 0 0 0 0 0 0 
178 3 0 2 0 0 0 0 0 0 0 0 0 0 0 0 0 0 
179 0 0 0 0 0 0 0 0 0 0 0 0 0 0 0 0 0 
180 0 0 0 0 0 0 0 0 0 0 0 0 0 0 0 0 0 
181 0 0 0 0 0 0 0 0 0 0 0 0 0 0 0 0 0 
182 0 0 0 0 0 0 0 0 0 0 0 0 0 0 0 0 0 
183 0 0 0 0 0 4 0 0 0 0 0 0 0 0 0 0 0 
184 3 2 2 3 0 15 0 0 7 0 0 5 0 0 3 0 0 
185 1 0 0 1 0 2 0 0 2 0 0 0 0 0 0 0 0 
186 2 1 1 1 0 8 1 0 6 0 0 3 0 0 3 0 0 
187 2 1 1 2 0 10 1 0 8 0 0 2 0 0 2 0 0 
188 1 2 0 1 0 14 2 0 6 0 0 3 1 0 1 0 0 
189 0 1 0 0 0 2 0 0 0 0 0 1 0 0 0 0 0 
190 1 0 0 1 0 2 0 0 2 0 0 1 0 0 1 0 0 
191 2 1 1 2 0 10 1 0 8 0 0 5 1 0 3 0 0 
192 1 3 0 1 0 7 1 0 3 0 0 1 0 0 0 0 0 
193 1 0 0 1 0 2 2 0 2 2 0 1 1 0 1 1 0 
194 1 0 0 2 0 2 1 0 2 1 0 1 0 0 1 0 0 
195 2 0 1 1 0 6 0 0 3 0 0 3 0 0 2 0 0 
196 0 1 0 0 0 2 0 0 0 0 0 1 0 0 0 0 0 
197 1 0 0 1 0 2 0 0 2 0 0 1 0 0 1 0 0 
198 2 1 1 1 0 4 1 0 2 0 0 2 1 0 1 0 0 
199 0 4 0 0 0 8 4 0 0 0 0 0 0 0 0 0 0 
200 1 0 0 1 0 1 1 0 1 1 0 0 0 0 0 0 0 
201 1 0 0 0 0 0 0 0 0 0 0 0 0 0 0 0 0 
202 0 0 0 0 0 0 0 0 0 0 0 0 0 0 0 0 0 
203 0 0 0 0 0 0 0 0 0 0 0 0 0 0 0 0 0 
204 0 2 0 0 0 3 1 0 0 0 0 0 0 0 0 0 0 
205 0 2 0 0 0 7 3 0 0 0 0 0 0 0 0 0 0 
206 0 0 0 0 0 0 0 0 0 0 0 0 0 0 0 0 0 
207 0 0 0 0 0 4 0 0 0 0 0 0 0 0 0 0 0 
208 0 0 0 0 0 2 0 0 0 0 0 0 0 0 0 0 0 
209 0 0 0 0 0 0 0 0 0 0 0 0 0 0 0 0 0 
210 0 0 0 0 0 0 0 0 0 0 0 0 0 0 0 0 0 
211 0 0 0 0 0 0 0 0 0 0 0 0 0 0 0 0 0 
212 1 0 0 1 0 4 0 0 4 0 0 1 0 0 1 0 0 
213 2 1 1 2 0 14 2 0 10 0 0 4 1 0 2 0 0 
214 1 2 0 1 0 14 2 0 6 0 0 5 1 0 2 0 0 
215 1 0 0 1 0 4 0 0 4 0 0 1 0 0 1 0 0 
216 2 1 1 2 0 19 2 0 15 0 0 5 1 0 3 0 0 
217 2 1 1 2 0 18 3 0 12 0 0 3 1 0 1 0 0 
218 2 1 1 1 0 12 2 0 8 0 0 5 1 0 3 0 0 
219 2 1 1 2 0 8 1 0 5 0 0 3 0 0 2 0 0 
220 2 1 1 1 0 20 1 0 6 0 0 3 1 0 2 0 0 
221 0 5 0 0 0 4 2 0 0 0 0 0 0 0 0 0 0 
222 1 0 0 1 0 1 1 0 1 1 0 0 0 0 0 0 0 
223 1 0 0 0 0 1 0 0 1 0 0 0 0 0 0 0 0 
224 0 1 0 0 0 1 1 0 0 0 0 0 0 0 0 0 0 
225 0 0 0 0 0 0 0 0 0 0 0 0 0 0 0 0 0 
226 0 0 0 0 0 0 0 0 0 0 0 0 0 0 0 0 0 
227 0 0 0 0 0 0 0 0 0 0 0 0 0 0 0 0 0 
228 0 0 0 0 0 0 0 0 0 0 0 0 0 0 0 0 0 
229 0 0 0 0 0 0 0 0 0 0 0 0 0 0 0 0 0 
230 0 0 0 0 0 0 0 0 0 0 0 0 0 0 0 0 0 
231 2 1 1 2 0 14 2 0 10 0 0 5 1 0 3 0 0 
232 2 1 1 2 0 14 2 0 10 0 0 5 1 0 3 0 0 
233 2 1 1 2 0 14 2 0 10 0 0 5 1 0 3 0 0 
234 2 1 1 2 0 9 2 0 5 0 0 3 1 0 1 0 0 
235 2 1 1 1 0 8 1 0 6 0 0 4 1 0 2 0 0 
236 2 1 1 1 0 4 1 0 2 0 0 2 0 0 1 0 0 
237 2 1 1 0 0 2 0 0 2 0 0 2 0 0 2 0 0 
238 0 2 0 0 0 0 0 0 0 0 0 0 0 0 0 0 0 
239 0 1 0 0 0 1 1 0 0 0 0 0 0 0 0 0 0 
240 0 0 0 0 0 0 0 0 0 0 0 0 0 0 0 0 0 
241 0 0 0 0 0 0 0 0 0 0 0 0 0 0 0 0 0 
242 0 0 0 0 0 0 0 0 0 0 0 0 0 0 0 0 0 
243 2 1 1 0 0 7 1 0 6 0 0 2 0 0 2 0 0 
244 0 2 0 0 0 2 1 0 0 0 0 0 0 0 0 0 0 
245 0 2 0 0 0 2 1 0 0 0 0 1 0 0 0 0 0 
246 0 1 0 0 0 6 3 0 0 0 0 2 1 0 0 0 0 
247 0 1 0 0 0 4 0 0 0 0 0 1 0 0 0 0 0 
248 1 0 0 1 0 4 0 0 4 0 0 1 0 0 1 0 0 
249 2 1 1 2 0 14 2 0 10 0 0 5 1 0 3 0 0 
250 2 1 1 2 0 14 2 0 10 0 0 5 1 0 3 0 0 
251 2 1 1 2 0 14 2 0 10 0 0 5 1 0 3 0 0 
252 2 1 1 2 0 9 2 0 5 0 0 3 1 0 1 0 0 
253 2 1 1 1 0 4 1 0 2 0 0 3 1 0 1 0 0 
254 2 1 1 1 0 1 0 0 1 0 0 1 0 0 1 0 0 
255 2 1 1 0 0 2 0 0 2 0 0 0 0 0 0 0 0 
256 0 1 0 0 0 1 1 0 0 0 0 0 0 0 0 0 0 
257 0 0 0 0 0 0 0 0 0 0 0 0 0 0 0 0 0 
258 0 0 0 0 0 0 0 0 0 0 0 0 0 0 0 0 0 
259 0 0 0 0 0 0 0 0 0 0 0 0 0 0 0 0 0 
260 0 0 0 0 0 0 0 0 0 0 0 0 0 0 0 0 0 
