1 1 0.01
2 1 0.01
3 1 0.01
4 1 0.01
5 1 0.01
6 1 1.80
7 1 0.01
8 1 0.01
9 1 0.01
10 9 5.52
11 1 0.01
12 9 2.77
13 1 1.78
14 1 0.01
15 1 0.01
16 1 0.01
17 5 53.58
18 2 9.25
19 15 20.02
20 11 15.18
21 23 39.27
22 9 6.36
23 17 14.48
24 10 20.75
25 14 22.79
26 9 2.33
27 1 1.76
28 1 0.01
29 2 16.67
30 11 20.97
31 15 21.02
32 2 7.94
33 24 38.93
34 15 20.07
35 8 26.07
36 2 9.11
37 17 16.29
38 17 6.43
39 2 12.57
40 9 4.98
41 14 2.63
42 1 0.01
43 1 0.01
44 1 0.01
45 13 52.67
46 3 28.87
47 2 28.73
48 22 115.77
49 7 86.56
50 18 32.13
51 15 46.70
52 8 45.38
53 12 77.14
54 7 52.87
55 8 40.65
56 17 114.66
57 2 16.21
58 10 16.02
59 25 18.79
60 9 6.21
61 1 1.78
62 1 0.01
63 2 21.58
64 3 35.34
65 2 11.61
66 8 19.89
67 8 25.25
68 15 32.28
69 8 33.60
70 3 18.48
71 17 20.43
72 10 17.71
73 10 14.89
74 9 2.40
75 25 6.16
76 14 1.28
77 1 0.01
78 1 0.01
79 9 7.87
80 2 8.24
81 2 8.41
82 11 23.49
83 18 29.63
84 24 24.84
85 9 6.47
86 15 30.42
87 15 24.24
88 2 19.97
89 17 11.04
90 14 0.99
91 9 2.77
92 10 6.92
93 25 19.45
94 14 1.21
95 1 0.01
96 1 0.01
97 2 8.07
98 14 6.01
99 2 8.85
100 13 16.41
101 23 63.20
102 15 30.18
103 11 28.60
104 18 23.76
105 17 17.84
106 9 6.44
107 10 16.39
108 25 13.39
109 1 1.79
110 14 1.28
111 1 0.01
112 1 0.01
113 25 15.71
114 14 2.93
115 1 0.01
116 14 2.53
117 14 1.14
118 1 0.01
119 1 0.01
120 1 0.01
121 1 0.01
122 1 0.01
123 2 8.58
124 23 23.34
125 17 16.10
126 14 2.62
127 2 9.14
128 18 26.79
129 15 77.74
130 14 6.02
131 10 9.80
132 15 38.08
133 17 20.21
134 9 6.58
135 17 12.24
136 9 6.63
137 14 1.28
138 1 0.01
139 1 0.01
140 9 5.47
141 1 0.01
142 1 0.01
143 1 0.01
144 1 0.01
145 23 45.37
146 14 6.27
147 2 9.19
148 15 27.31
149 2 7.53
150 24 19.76
151 15 25.35
152 15 28.41
153 9 2.40
154 2 36.25
155 14 2.11
156 7 37.78
157 11 22.13
158 1 0.01
159 2 7.94
160 2 8.22
161 2 18.50
162 15 29.79
163 14 6.26
164 9 5.93
165 8 18.14
166 17 22.28
167 2 8.14
168 10 24.44
169 9 2.33
170 2 12.70
171 9 5.22
172 14 2.86
173 1 0.01
174 1 0.01
175 1 0.01
176 13 59.29
177 9 6.29
178 3 24.76
179 24 32.13
180 2 8.20
181 7 22.63
182 14 6.39
183 2 8.33
184 12 16.20
185 11 16.19
186 9 6.47
187 17 19.29
188 10 10.62
189 10 11.28
190 14 28.96
191 14 1.28
192 1 0.01
193 1 0.01
194 2 8.88
195 18 22.48
196 9 5.92
197 23 29.79
198 2 9.19
199 15 17.95
200 17 12.53
201 9 5.94
202 17 15.74
203 17 41.45
204 10 10.46
205 14 1.29
206 1 1.79
207 14 1.28
208 1 0.01
209 1 0.01
210 24 34.75
211 14 7.29
212 15 24.93
213 7 57.39
214 8 24.73
215 3 17.25
216 14 6.02
217 2 9.25
218 8 90.95
219 16 66.96
220 17 48.68
221 17 11.43
222 7 36.88
223 2 28.65
224 25 44.61
225 9 7.80
226 9 6.42
227 9 6.45
228 2 8.70
229 14 6.21
230 2 8.02
231 11 20.89
232 11 23.52
233 9 6.47
234 15 21.12
235 2 17.64
236 3 16.28
237 14 17.87
238 9 6.37
239 11 14.22
240 2 30.77
241 2 24.19
242 10 12.66
243 1 1.80
244 14 4.49
245 9 2.46
246 1 1.78
247 1 0.01
248 1 0.01
249 9 2.84
250 1 1.76
251 1 0.01
252 1 0.01
253 1 0.01
254 1 0.01
255 1 0.01
256 1 0.01
257 2 13.40
258 12 35.39
259 2 8.24
260 11 18.03
261 8 20.93
262 7 31.92
263 2 23.27
264 24 30.40
265 17 21.76
266 9 2.41
267 17 21.67
268 9 2.94
269 17 32.81
270 14 1.29
271 1 0.01
272 1 0.01
273 2 9.09
274 9 10.02
275 14 5.93
276 1 0.01
277 17 20.76
278 17 26.09
279 9 10.56
280 2 33.53
281 9 2.84
282 1 1.76
283 1 0.01
284 2 16.48
285 23 17.91
286 17 14.46
287 10 26.84
288 10 16.82
289 9 11.25
290 25 15.15
291 14 1.29
292 1 0.01
293 1 0.01
294 1 0.01
295 1 0.01
296 1 0.01
297 1 0.01
