818 0 0 0 0 0 0 0 0 0 0 0 0 0 0 0 0 0 
819 0 0 0 0 0 0 0 0 0 0 0 0 0 0 0 0 0 
820 2 0 1 0 0 1 0 0 1 0 0 0 0 0 0 0 0 
821 0 0 0 0 0 0 0 0 0 0 0 0 0 0 0 0 0 
822 0 0 0 0 0 0 0 0 0 0 0 0 0 0 0 0 0 
823 0 0 0 0 0 0 0 0 0 0 0 0 0 0 0 0 0 
824 0 0 0 0 0 3 0 0 0 0 0 0 0 0 0 0 0 
825 1 0 0 0 0 2 0 0 0 0 0 0 0 0 0 0 0 
826 0 0 0 0 0 2 0 0 0 0 0 0 0 0 0 0 0 
827 0 0 0 0 0 3 0 0 0 0 0 0 0 0 0 0 0 
828 1 1 0 0 0 4 0 0 1 0 0 0 0 0 0 0 0 
829 1 1 0 0 0 4 1 0 1 0 0 0 0 0 0 0 0 
830 0 0 0 0 0 2 0 0 0 0 0 0 0 0 0 0 0 
831 0 0 0 0 0 2 0 0 0 0 0 0 0 0 0 0 0 
832 0 0 0 0 0 1 0 0 0 0 0 0 0 0 0 0 0 
833 0 0 0 0 0 0 0 0 0 0 0 0 0 0 0 0 0 
834 0 0 0 0 0 4 0 0 0 0 0 0 0 0 0 0 0 
835 1 0 0 1 0 2 1 0 2 1 0 0 0 0 0 0 0 
836 2 0 1 0 0 1 0 0 1 0 0 0 0 0 0 0 0 
837 0 0 0 0 0 0 0 0 0 0 0 0 0 0 0 0 0 
838 0 1 0 0 0 1 1 0 0 0 0 0 0 0 0 0 0 
839 0 0 0 0 0 0 0 0 0 0 0 0 0 0 0 0 0 
840 0 0 0 0 0 2 0 0 0 0 0 0 0 0 0 0 0 
841 0 0 0 0 0 1 0 0 0 0 0 0 0 0 0 0 0 
842 0 0 0 0 0 0 0 0 0 0 0 0 0 0 0 0 0 
843 0 1 0 0 0 1 1 0 0 0 0 0 0 0 0 0 0 
844 0 0 0 0 0 0 0 0 0 0 0 0 0 0 0 0 0 
845 0 0 0 0 0 0 0 0 0 0 0 0 0 0 0 0 0 
846 0 0 0 0 0 0 0 0 0 0 0 0 0 0 0 0 0 
847 0 0 0 0 0 0 0 0 0 0 0 0 0 0 0 0 0 
848 0 0 0 0 0 0 0 0 0 0 0 0 0 0 0 0 0 
849 0 0 0 0 0 2 0 0 0 0 0 0 0 0 0 0 0 
850 0 0 0 0 0 0 0 0 0 0 0 0 0 0 0 0 0 
851 1 0 0 0 0 1 0 0 1 0 0 0 0 0 0 0 0 
852 0 0 0 0 0 2 0 0 0 0 0 0 0 0 0 0 0 
853 1 0 0 1 0 2 0 0 2 0 0 0 0 0 0 0 0 
854 1 0 0 1 0 2 1 0 2 1 0 0 0 0 0 0 0 
855 2 0 1 0 0 1 0 0 1 0 0 0 0 0 0 0 0 
856 0 0 0 0 0 0 0 0 0 0 0 0 0 0 0 0 0 
857 0 0 0 0 0 3 0 0 0 0 0 0 0 0 0 0 0 
858 0 0 0 0 0 0 0 0 0 0 0 0 0 0 0 0 0 
859 0 0 0 0 0 1 0 0 0 0 0 0 0 0 0 0 0 
860 0 0 0 0 0 0 0 0 0 0 0 0 0 0 0 0 0 
861 0 1 0 0 0 2 1 0 0 0 0 0 0 0 0 0 0 
862 0 1 0 0 0 3 1 0 0 0 0 0 0 0 0 0 0 
863 1 1 0 1 0 5 2 0 2 1 0 0 0 0 0 0 0 
864 0 0 0 0 0 0 0 0 0 0 0 0 0 0 0 0 0 
865 0 0 0 0 0 0 0 0 0 0 0 0 0 0 0 0 0 
866 1 0 0 0 0 0 0 0 0 0 0 0 0 0 0 0 0 
867 0 0 0 0 0 0 0 0 0 0 0 0 0 0 0 0 0 
868 0 0 0 0 0 0 0 0 0 0 0 0 0 0 0 0 0 
869 0 0 0 0 0 0 0 0 0 0 0 0 0 0 0 0 0 
870 0 0 0 0 0 0 0 0 0 0 0 0 0 0 0 0 0 
871 0 0 0 0 0 0 0 0 0 0 0 0 0 0 0 0 0 
872 0 0 0 0 0 0 0 0 0 0 0 0 0 0 0 0 0 
873 1 0 0 2 0 0 0 0 0 0 0 0 0 0 0 0 0 
874 3 0 0 0 3 0 0 0 0 0 0 0 0 0 0 0 0 
875 1 0 0 0 0 0 0 0 0 0 0 0 0 0 0 0 0 
876 0 0 0 0 0 0 0 0 0 0 0 0 0 0 0 0 0 
877 0 0 0 0 0 0 0 0 0 0 0 0 0 0 0 0 0 
878 0 0 0 0 0 0 0 0 0 0 0 0 0 0 0 0 0 
879 0 0 0 0 0 0 0 0 0 0 0 0 0 0 0 0 0 
880 0 0 0 0 0 0 0 0 0 0 0 0 0 0 0 0 0 
881 0 0 0 0 0 0 0 0 0 0 0 0 0 0 0 0 0 
882 0 0 0 0 0 0 0 0 0 0 0 0 0 0 0 0 0 
883 0 0 0 0 0 0 0 0 0 0 0 0 0 0 0 0 0 
884 0 0 0 0 0 0 0 0 0 0 0 0 0 0 0 0 0 
