1 0 0 0 0 0 0 0 0 0 0 0 0 0 0 0 0 0 
2 0 0 0 0 0 0 0 0 0 0 0 0 0 0 0 0 0 
3 0 0 0 0 0 0 0 0 0 0 0 0 0 0 0 0 0 
4 2 1 1 2 0 18 3 0 12 0 0 5 1 0 3 0 0 
5 2 1 1 2 0 14 2 0 10 0 0 5 1 0 3 0 0 
6 2 1 1 2 0 18 2 0 12 0 0 5 1 0 3 0 0 
7 2 1 1 2 0 22 2 0 10 0 0 4 1 0 2 0 0 
8 2 1 1 1 0 12 2 0 8 0 0 5 1 0 3 0 0 
9 2 1 1 2 0 10 1 0 8 0 0 3 0 0 3 0 0 
10 2 1 1 2 0 19 2 0 15 0 0 3 1 0 1 0 0 
11 1 2 0 0 0 22 3 0 12 0 0 6 1 0 3 0 0 
12 1 0 0 1 0 2 0 0 2 0 0 0 0 0 0 0 0 
13 2 1 1 1 0 10 1 0 7 0 0 2 1 0 0 0 0 
14 1 3 0 0 0 28 1 0 4 0 0 1 0 0 1 0 0 
15 2 0 1 0 0 2 0 0 0 0 0 0 0 0 0 0 0 
16 0 1 0 0 0 2 1 0 0 0 0 1 1 0 0 0 0 
17 0 0 0 0 0 6 0 0 0 0 0 0 0 0 0 0 0 
18 1 0 0 0 0 0 0 0 0 0 0 0 0 0 0 0 0 
19 0 0 0 0 0 0 0 0 0 0 0 0 0 0 0 0 0 
20 1 0 0 2 0 18 6 0 18 6 0 3 2 0 3 2 0 
21 6 2 5 4 0 40 1 0 9 0 0 7 0 0 4 0 0 
22 2 1 1 2 0 14 2 0 10 0 0 5 1 0 3 0 0 
23 2 1 1 2 0 14 2 0 10 0 0 5 1 0 3 0 0 
24 2 1 1 2 0 14 2 0 10 0 0 6 1 0 4 0 0 
25 2 1 1 2 0 14 2 0 10 0 0 5 1 0 2 0 0 
26 2 1 1 2 0 14 2 0 10 0 0 6 1 0 4 0 0 
27 2 2 1 2 0 2 1 0 0 0 0 1 0 0 0 0 0 
28 2 1 1 2 0 9 6 0 9 6 0 3 2 0 3 2 0 
29 1 3 0 2 0 6 3 0 4 2 0 0 0 0 0 0 0 
30 2 0 1 0 0 2 0 0 2 0 0 0 0 0 0 0 0 
31 0 0 0 0 0 0 0 0 0 0 0 0 0 0 0 0 0 
32 1 1 0 1 0 11 2 0 6 0 0 1 0 0 1 0 0 
33 0 0 0 0 0 0 0 0 0 0 0 0 0 0 0 0 0 
34 0 0 0 0 0 0 0 0 0 0 0 0 0 0 0 0 0 
35 2 1 1 2 0 14 2 0 10 0 0 5 1 0 3 0 0 
36 2 1 1 2 0 14 2 0 10 0 0 5 1 0 3 0 0 
37 2 1 1 2 0 14 2 0 10 0 0 5 1 0 3 0 0 
38 2 1 1 2 0 14 2 0 10 0 0 5 1 0 3 0 0 
39 2 1 1 2 0 14 2 0 10 0 0 5 1 0 3 0 0 
40 2 1 1 2 0 14 2 0 10 0 0 5 1 0 3 0 0 
41 2 1 1 2 0 14 2 0 10 0 0 5 1 0 3 0 0 
42 2 1 1 2 0 19 2 0 15 0 0 5 1 0 3 0 0 
43 2 1 1 2 0 12 3 0 6 0 0 3 1 0 1 0 0 
44 2 1 1 1 0 4 1 0 2 0 0 3 1 0 1 0 0 
45 2 1 1 1 0 1 0 0 1 0 0 1 0 0 1 0 0 
46 3 1 3 0 0 2 0 0 0 0 0 0 0 0 0 0 0 
47 0 1 0 0 0 1 1 0 0 0 0 0 0 0 0 0 0 
48 0 0 0 0 0 0 0 0 0 0 0 0 0 0 0 0 0 
49 0 0 0 0 0 0 0 0 0 0 0 0 0 0 0 0 0 
50 0 0 0 0 0 0 0 0 0 0 0 0 0 0 0 0 0 
51 0 0 0 0 0 0 0 0 0 0 0 0 0 0 0 0 0 
52 0 0 0 0 0 0 0 0 0 0 0 0 0 0 0 0 0 
53 0 2 0 0 0 0 0 0 0 0 0 0 0 0 0 0 0 
54 0 2 0 0 0 0 0 0 0 0 0 0 0 0 0 0 0 
55 0 1 0 0 0 1 1 0 0 0 0 0 0 0 0 0 0 
56 0 0 0 0 0 0 0 0 0 0 0 0 0 0 0 0 0 
57 0 0 0 0 0 0 0 0 0 0 0 0 0 0 0 0 0 
58 0 0 0 0 0 0 0 0 0 0 0 0 0 0 0 0 0 
59 0 0 0 0 0 0 0 0 0 0 0 0 0 0 0 0 0 
