1 1 0.01
2 1 1.84
3 1 0.01
4 25 7.53
5 1 0.01
6 1 1.85
7 1 0.01
8 1 0.01
9 10 26.07
10 10 37.67
11 23 10.91
12 17 16.90
13 17 10.45
14 25 8.68
15 6 4.46
16 1 1.84
17 1 0.01
18 1 0.01
19 1 1.85
20 1 0.01
21 20 26.38
22 10 19.19
23 20 21.65
24 2 7.69
25 23 17.11
26 17 22.78
27 25 2.67
28 2 12.74
29 6 3.44
30 1 3.67
31 1 0.01
32 1 0.01
33 1 0.01
34 1 0.01
35 1 1.84
36 1 0.01
37 2 19.89
38 5 23.79
39 9 21.29
40 20 22.79
41 18 14.25
42 18 20.74
43 20 19.07
44 10 28.15
45 11 27.63
46 11 21.80
47 4 37.81
48 10 29.11
49 20 22.62
50 21 15.10
51 11 22.68
52 14 11.49
53 17 21.06
54 17 10.11
55 25 8.15
56 6 10.59
57 1 1.84
58 1 0.01
59 1 0.01
60 7 10.15
61 25 2.90
62 6 2.79
63 7 4.30
64 1 0.01
65 1 0.01
66 1 0.01
67 20 31.33
68 9 15.14
69 9 17.99
70 14 32.37
71 14 30.47
72 17 10.11
73 2 10.89
74 2 11.35
75 2 27.43
76 1 0.01
77 1 0.01
78 20 23.00
79 21 23.87
80 14 20.79
81 5 15.95
82 2 8.67
83 18 25.07
84 9 12.68
85 18 38.48
86 2 8.56
87 14 18.29
88 17 10.04
89 2 11.24
90 25 6.43
91 25 3.67
92 1 0.01
93 1 0.01
94 1 0.01
95 1 0.01
96 7 3.19
97 1 0.01
98 7 5.17
99 1 1.83
100 1 0.01
101 1 0.01
102 6 9.64
103 1 0.01
104 25 1.24
105 1 0.01
106 1 0.01
107 1 0.01
108 1 0.01
109 14 14.02
110 17 8.32
111 2 11.34
112 25 6.43
113 7 3.50
114 1 0.01
115 1 0.01
116 1 0.01
117 1 0.01
118 7 5.66
119 2 7.69
120 18 32.93
121 9 20.77
122 10 26.18
123 10 21.01
124 18 20.27
125 9 21.09
126 13 31.82
127 10 29.51
128 18 22.82
129 10 20.35
130 20 34.18
131 23 13.30
132 17 11.84
133 17 16.21
134 25 11.88
135 6 9.71
136 1 1.83
137 1 0.01
138 1 0.01
139 1 0.01
140 1 0.01
141 22 94.36
142 10 35.08
143 2 8.78
144 10 13.28
145 11 21.03
146 11 31.59
147 5 47.08
148 23 10.53
149 17 16.28
150 17 13.03
151 7 2.72
152 25 6.26
153 1 1.84
154 1 1.84
155 1 0.01
156 1 0.01
157 25 6.67
158 6 6.43
159 1 0.01
160 1 0.01
161 2 11.05
162 2 28.57
163 20 38.70
164 20 16.66
165 10 26.23
166 18 21.69
167 18 25.47
168 16 40.31
169 10 18.81
170 18 17.72
171 14 21.00
172 14 22.39
173 5 32.85
174 18 24.88
175 5 23.79
176 23 16.98
177 7 3.20
178 25 2.69
179 2 13.01
180 25 9.99
181 7 6.34
182 1 0.01
183 1 0.01
184 1 0.01
185 1 0.01
186 7 6.14
187 1 0.01
188 25 4.81
189 7 5.21
190 1 0.01
191 16 17.46
192 10 23.12
193 9 24.18
194 10 36.24
195 10 34.18
196 18 20.75
197 21 40.32
198 9 23.90
199 10 30.32
200 9 29.94
201 18 25.01
202 5 27.01
203 9 18.42
204 10 20.76
205 18 23.45
206 18 21.01
207 20 20.53
208 13 22.87
209 20 18.73
210 18 18.70
211 10 21.41
212 20 15.19
213 23 16.96
214 17 9.96
215 17 13.90
216 25 8.61
217 15 5.89
218 1 1.83
219 1 0.01
220 1 0.01
221 1 0.01
222 1 0.01
223 1 1.86
224 1 1.84
225 1 0.01
226 1 0.01
227 14 50.01
228 17 11.59
229 17 13.54
230 6 6.53
231 25 4.96
232 1 1.84
233 1 0.01
234 1 0.01
235 1 0.01
