1 1 0.01
2 1 0.01
3 24 57.76
4 16 35.03
5 14 32.31
6 14 11.49
7 10 20.96
8 5 17.87
9 21 28.23
10 21 27.74
11 7 5.25
12 2 9.45
13 23 13.50
14 25 2.80
15 17 10.12
16 6 10.23
17 25 6.15
18 1 1.83
19 1 0.01
20 1 0.01
21 2 10.03
22 15 7.70
23 1 0.01
24 25 5.97
25 25 7.39
26 6 7.36
27 7 2.43
28 1 1.83
29 1 0.01
30 1 0.01
31 1 0.01
32 1 0.01
33 1 0.01
34 1 0.01
35 1 1.84
36 25 3.55
37 1 0.01
38 1 0.01
39 7 4.24
40 1 0.01
41 7 7.01
42 25 6.25
43 20 27.93
44 20 25.18
45 21 15.72
46 9 19.57
47 7 5.73
48 2 8.42
49 18 20.52
50 10 17.58
51 13 57.56
52 10 29.25
53 23 12.37
54 10 24.93
55 14 32.46
56 17 14.08
57 17 17.27
58 7 4.26
59 6 6.63
60 1 1.83
61 1 0.01
62 1 0.01
63 25 6.26
64 25 5.53
65 7 2.28
66 25 4.19
67 1 0.01
68 1 0.01
69 17 25.77
70 16 31.67
71 14 15.26
72 20 19.60
73 10 29.01
74 2 19.75
75 7 9.00
76 1 1.83
77 2 8.42
78 2 26.10
79 1 0.01
80 1 1.84
81 20 22.44
82 23 21.23
83 9 24.97
84 5 23.71
85 18 24.26
86 23 22.84
87 17 33.11
88 7 7.12
89 7 4.80
90 15 13.93
91 17 16.25
92 1 0.01
93 25 1.24
94 1 0.01
95 15 7.04
96 1 0.01
97 1 0.01
98 25 1.24
99 1 0.01
100 1 0.01
101 1 0.01
102 25 1.24
103 1 1.84
104 1 0.01
105 7 4.44
106 25 2.25
107 25 1.24
108 1 0.01
109 1 0.01
110 1 0.01
111 14 57.45
112 23 13.39
113 17 15.43
114 7 2.43
115 6 10.17
116 15 7.70
117 1 0.01
118 1 0.01
119 1 0.01
120 7 3.16
121 5 45.06
122 2 18.30
123 1 0.01
124 2 9.06
125 18 20.64
126 10 27.43
127 2 9.08
128 23 16.82
129 18 28.94
130 25 5.99
131 2 31.82
132 17 10.54
133 7 11.30
134 25 5.81
135 7 4.30
136 1 1.84
137 1 0.01
138 1 0.01
139 1 0.01
140 1 0.01
141 16 65.68
142 10 36.35
143 2 8.13
144 10 17.68
145 5 45.13
146 19 125.89
147 21 54.44
148 23 15.36
149 23 16.06
150 6 24.59
151 6 12.42
152 25 5.81
153 1 1.84
154 1 0.01
155 25 5.90
156 1 0.01
157 1 0.01
158 1 1.83
159 1 0.01
160 1 0.01
161 1 0.01
162 2 19.34
163 5 19.32
164 11 27.71
165 2 9.00
166 21 23.77
167 23 21.18
168 20 24.33
169 18 24.38
170 18 23.09
171 20 31.93
172 7 5.67
173 2 7.99
174 9 29.84
175 20 21.75
176 2 8.64
177 14 16.81
178 17 17.25
179 17 22.31
180 25 1.50
181 6 8.94
182 1 3.69
183 1 0.01
184 1 0.01
185 1 0.01
186 25 2.25
187 17 12.31
188 1 0.01
189 2 10.55
190 1 0.01
191 7 10.42
192 17 19.18
193 10 18.28
194 18 30.42
195 21 20.98
196 18 25.95
197 10 37.58
198 9 16.77
199 18 26.98
200 20 27.49
201 20 29.16
202 9 43.31
203 13 13.48
204 20 49.85
205 18 39.75
206 16 23.84
207 14 27.66
208 17 24.82
209 25 5.80
210 16 63.08
211 2 17.25
212 10 45.78
213 7 3.16
214 25 5.82
215 14 19.66
216 25 2.82
217 2 33.43
218 7 4.90
219 25 7.90
220 1 0.01
221 1 0.01
222 17 13.29
223 7 9.65
224 25 5.19
225 7 4.81
226 1 1.84
227 1 0.01
228 1 0.01
229 1 0.01
230 17 12.38
231 2 12.60
232 6 6.97
233 7 4.20
234 1 0.01
235 1 0.01
236 1 0.01
237 1 0.01
238 1 0.01
239 1 0.01
240 1 0.01
