1 25 1.24
2 1 0.01
3 1 0.01
4 1 0.01
5 1 1.84
6 1 0.01
7 1 0.01
8 1 0.01
9 7 13.39
10 1 0.01
11 1 2.00
12 25 2.22
13 25 5.78
14 1 1.85
15 1 1.83
16 1 1.83
17 1 0.01
18 1 0.01
19 1 0.01
20 25 1.50
21 25 1.24
22 1 0.01
23 1 0.01
24 1 0.01
25 1 0.01
26 25 2.22
27 1 1.85
28 1 0.01
29 1 0.01
30 1 0.01
31 1 0.01
32 1 0.01
33 1 0.01
34 1 0.01
35 1 0.01
36 1 1.83
37 25 8.65
38 6 2.64
39 1 0.01
40 25 2.69
41 1 1.84
42 1 0.01
43 1 0.01
44 1 0.01
45 1 0.01
46 1 0.01
47 1 0.01
48 1 0.01
49 25 3.79
50 25 3.56
51 1 0.01
52 1 0.01
53 1 0.01
54 1 0.01
55 1 0.01
