1 1 0.01
2 1 0.01
3 1 0.01
4 1 0.01
5 1 0.01
6 1 0.01
7 25 1.24
8 1 0.01
9 1 0.01
10 15 8.46
11 1 0.01
12 1 0.01
13 1 0.01
14 1 0.01
15 1 0.01
16 1 0.01
17 1 0.01
18 25 3.27
19 1 0.01
20 1 1.83
21 1 0.01
22 25 12.65
23 1 0.01
24 1 1.84
25 1 0.01
26 1 0.01
27 1 0.01
28 1 0.01
29 1 0.01
30 1 0.01
31 1 1.84
32 1 0.01
33 1 0.01
34 1 0.01
35 25 6.74
36 25 6.00
37 25 2.67
38 17 16.93
39 17 9.77
40 6 4.82
41 7 4.34
42 1 0.01
43 1 1.86
44 1 0.01
45 1 0.01
46 1 0.01
47 25 1.52
48 1 1.84
49 1 0.01
50 1 0.01
51 1 0.01
52 1 0.01
53 1 1.84
54 1 0.01
55 25 2.80
56 25 3.33
57 1 0.01
58 1 0.01
59 25 1.24
60 1 1.84
61 1 0.01
62 1 0.01
63 1 0.01
64 20 18.98
65 18 16.98
66 10 26.40
67 14 15.44
68 17 14.90
69 17 15.11
70 25 8.72
71 6 6.63
72 1 1.83
73 1 0.01
74 1 0.01
75 1 0.01
76 1 0.01
77 1 0.01
78 1 0.01
79 1 0.01
80 1 0.01
81 1 0.01
82 1 0.01
83 1 0.01
84 1 0.01
85 1 0.01
86 1 0.01
