pdb lig overlap PP-crit PP-dst crit4 crit5 crit6 crit6_continue lig_vol pock_vol nb_AS nb_AS_norm mean_as_ray mean_as_solv_acc apol_as_prop apol_as_prop_norm mean_loc_hyd_dens mean_loc_hyd_dens_norm hydrophobicity_score volume_score polarity_score polarity_score_norm charge_score flex prop_polar_atm as_density as_density_norm as_max_dst as_max_dst_norm drug_score pock_asa pock_pol_asa pock_apol_asa ALA ARG ASN ASP CYS GLN GLU GLY HIS ILE LEU LYS MET PHE PRO SER THR TRP TYR VAL
unbound_pep_2znn.pdb PEP  38.67  1   2.73 1.00 0.64  1  1.56  1147.21     659.12    76 0.36   3.84   0.51  0.86 0.86   39.75 0.58     48.86    4.43     7  0.58     0   0.32   29.55  5.75  0.66 12.77  0.71  0.24 275.81 35.49 240.32   1   0   0   1   0   1   0   2   1   4   0   0   0   0   0   0   1   3   0   0
unbound_pep_2znn.pdb PEP  16.00  1   2.09 0.50 0.77  1  0.71  1147.21     321.38    13 0.06   4.03   0.66  0.46 0.46    5.00 0.07     33.40    4.40     4  0.33    -1   0.38   41.67  2.26  0.26  5.04  0.31  0.02 155.81 56.79 99.03   0   0   0   1   0   0   0   0   0   1   0   0   0   0   0   0   2   1   0   0
unbound_pep_2znn.pdb PEP  16.00  1   2.31 0.50 0.80  1  0.75  1147.21     476.79    10 0.04   5.17   0.88  0.60 0.60    5.00 0.07     21.75    4.25     2  0.17    -2   0.60   25.00  2.23  0.25  4.84  0.30  0.01 133.88 30.02 103.86   0   0   0   1   0   0   1   0   0   1   0   0   1   0   0   0   0   0   0   0
unbound_pep_2znn.pdb PEP  10.67  1   3.59 0.25 0.42  0 -0.23  1147.21     104.73    12 0.05   3.35   0.36  0.67 0.67    7.00 0.10     51.67    3.83     2  0.17     1   0.37   16.67  2.54  0.29  5.36  0.33  0.07 91.30 27.30 64.00   1   0   0   0   1   0   0   0   1   1   0   0   0   1   0   0   1   0   0   0
unbound_pep_2znn.pdb PEP  17.33  1   1.42 1.00 1.00  1  2.00  1147.21     384.45    12 0.05   4.03   0.64  0.75 0.75    8.00 0.12     81.60    5.40     2  0.17     0   0.49   23.08  2.53  0.29  4.95  0.31  0.32 173.21 29.50 143.71   0   0   0   0   0   0   0   0   0   2   0   0   0   1   0   0   1   1   0   0
bound_pep_2p54.pdb PEP  34.12  1   0.44 1.00 0.94  1  1.93   968.39     346.14    52 0.14   4.06   0.53  0.67 0.67   33.89 0.44     50.56    5.00     6  0.30     0   0.14   31.03  3.16  0.29  7.16  0.31  0.11 230.39 60.11 170.28   0   0   0   1   0   0   0   1   1   2   0   0   0   0   0   0   1   3   0   0
bound_pep_2p54.pdb PEP  20.00  1   1.96 0.80 0.81  1  1.36   968.39     477.46    21 0.05   4.38   0.71  0.14 0.14    2.00 0.03     -4.80    4.20     4  0.20     0   0.52   41.18  2.66  0.25  5.64  0.25  0.00 182.24 72.34 109.89   0   0   1   1   0   0   0   0   1   0   0   0   0   0   1   0   0   1   0   0
bound_pep_2p54.pdb PEP  15.29  1   0.85 0.50 1.00  1  1.00   968.39     246.16    15 0.04   3.97   0.63  0.60 0.60    8.00 0.10     33.40    4.40     4  0.20    -1   0.09   46.15  2.17  0.20  4.24  0.20  0.02 126.07 34.29 91.78   0   0   0   1   0   0   0   0   0   1   0   0   0   0   0   0   2   1   0   0
bound_pep_2p54.pdb PEP  17.65  1   2.29 0.40 0.61  0  0.31   968.39     147.89    18 0.05   3.31   0.57  0.22 0.22    3.00 0.04     46.50    5.50     3  0.15     1   0.22   37.50  2.81  0.26  6.90  0.30  0.05 156.72 70.98 85.74   0   0   0   0   0   0   0   0   0   1   0   1   0   0   0   0   1   1   0   0
bound_pep_2p54.pdb PEP  17.65  1   0.58 0.88 1.00  1  1.75   968.39     262.48    14 0.03   3.85   0.57  0.86 0.86   11.00 0.14     69.33    5.17     3  0.15     1   0.21   33.33  2.44  0.22  5.59  0.25  0.21 177.50 32.59 144.92   0   0   0   0   0   0   0   0   1   2   0   0   0   1   0   0   1   1   0   0
bound_pep_2p54.pdb PEP  10.59  1   2.88 0.62 0.46  1  0.58   968.39     104.66    13 0.03   3.26   0.38  1.00 1.00   12.00 0.16     51.67    3.83     2  0.10     1   0.19   15.38  3.01  0.28  6.02  0.27  0.07 90.67 18.21 72.46   1   0   0   0   1   0   0   0   1   1   0   0   0   1   0   0   1   0   0   0
