pdb lig overlap PP-crit PP-dst crit4 crit5 crit6 crit6_continue lig_vol pock_vol nb_AS nb_AS_norm mean_as_ray mean_as_solv_acc apol_as_prop apol_as_prop_norm mean_loc_hyd_dens mean_loc_hyd_dens_norm hydrophobicity_score volume_score polarity_score polarity_score_norm charge_score flex prop_polar_atm as_density as_density_norm as_max_dst as_max_dst_norm drug_score pock_asa pock_pol_asa pock_apol_asa ALA ARG ASN ASP CYS GLN GLU GLY HIS ILE LEU LYS MET PHE PRO SER THR TRP TYR VAL
unbound_pep_2znn.pdb PEP   0.00  0  18.23 0.00 0.00  0 -1.25  1147.21    1250.20   209 1.00   3.83   0.48  0.83 0.83   68.74 1.00     43.89    4.11    12  1.00     1   0.22   22.64  8.67  1.00 18.27  1.00  0.91 713.54 93.57 619.97   2   3   0   2   4   0   1   5   1   7   3   0   0   1   1   1   1   3   0   3
unbound_pep_2znn.pdb PEP   0.00  0  15.54 0.00 0.00  0 -1.25  1147.21     754.13   151 0.72   3.70   0.53  0.43 0.43   45.63 0.66     35.59    4.14    12  1.00     1   0.18   36.84  5.81  0.67 12.94  0.72  0.36 385.23 150.71 234.52   1   0   0   2   1   1   0   1   1   2   3   2   0   0   0   2   2   2   0   2
unbound_pep_2znn.pdb PEP   0.00  0  27.46 0.00 0.00  0 -1.25  1147.21    1045.50    86 0.41   4.17   0.58  0.52 0.52   38.04 0.55     33.54    4.23     8  0.67     2   0.46   40.43  5.49  0.63 14.47  0.80  0.10 416.63 150.96 265.68   1   0   1   0   0   0   1   0   2   2   0   1   0   1   0   2   0   1   0   1
unbound_pep_2znn.pdb PEP   0.00  0  16.98 0.00 0.00  0 -1.25  1147.21     411.87    55 0.26   3.70   0.47  0.36 0.36   19.00 0.28     23.67    4.33     6  0.50     2   0.51   43.75  4.16  0.48  9.51  0.55  0.02 239.64 116.46 123.18   2   0   1   0   1   0   1   0   1   1   0   2   0   1   1   0   0   1   0   0
unbound_pep_2znn.pdb PEP   0.00  0  29.89 0.00 0.00  0 -1.25  1147.21     812.37    55 0.26   4.32   0.55  0.25 0.25   12.43 0.18     16.08    3.92     7  0.58     3   0.20   48.48  4.60  0.53 10.23  0.58  0.02 324.86 174.16 150.70   1   0   0   1   0   0   0   0   2   1   2   2   0   0   1   2   0   0   0   0
unbound_pep_2znn.pdb PEP   0.00  0  24.66 0.00 0.00  0 -1.25  1147.21     555.50    44 0.21   4.69   0.71  0.50 0.50   21.00 0.31     27.38    4.00     4  0.33     0   0.14   38.46  2.74  0.31  6.54  0.39  0.02 216.03 96.48 119.56   0   0   2   1   1   0   0   0   1   1   0   0   1   1   0   0   0   0   0   0
unbound_pep_2znn.pdb PEP   0.00  0  14.90 0.00 0.00  0 -1.25  1147.21     643.55    39 0.18   4.27   0.61  0.87 0.87   32.00 0.47     27.80    5.00     7  0.58     1   0.36   28.00  4.38  0.50  9.17  0.53  0.04 289.72 86.07 203.65   0   2   0   1   0   0   1   0   1   2   0   0   0   0   0   0   1   1   0   1
unbound_pep_2znn.pdb PEP   1.33  0   9.16 0.00 0.00  0 -1.25  1147.21     642.96    51 0.24   3.69   0.54  0.65 0.65   29.70 0.43     31.11    4.89     5  0.42    -2   0.41   44.83  4.51  0.52 10.41  0.59  0.03 280.63 95.33 185.30   1   1   0   1   0   0   2   0   0   1   0   0   1   1   0   0   0   1   0   0
unbound_pep_2znn.pdb PEP   0.00  0  28.67 0.00 0.00  0 -1.25  1147.21     154.39    40 0.19   3.38   0.44  0.82 0.82   31.58 0.46     33.25    3.62     3  0.25     1   0.20   20.83  2.61  0.30  6.85  0.41  0.03 105.83 22.50 83.33   1   0   0   0   1   1   0   1   0   1   1   1   0   0   0   0   1   0   0   0
unbound_pep_2znn.pdb PEP  12.00  0   4.93 0.30 0.14  0 -0.47  1147.21     693.61    28 0.13   4.82   0.68  0.32 0.32    8.00 0.12     14.33    4.11     6  0.50     0   0.63   47.37  2.87  0.33  7.41  0.44  0.01 238.41 121.27 117.14   0   0   1   1   0   1   0   0   1   0   0   0   1   0   1   0   1   1   0   1
unbound_pep_2znn.pdb PEP   0.00  0  27.81 0.00 0.00  0 -1.25  1147.21     447.11    23 0.11   3.97   0.58  0.61 0.61   13.00 0.19     -8.00    5.29     6  0.50     3   0.45   44.44  2.57  0.29  6.48  0.39  0.01 190.08 89.40 100.69   0   1   0   1   0   0   0   0   1   0   0   2   0   0   1   0   0   1   0   0
unbound_pep_2znn.pdb PEP   0.00  0  30.53 0.00 0.00  0 -1.25  1147.21     252.73    13 0.06   4.19   0.63  0.23 0.23    2.00 0.03    -16.20    4.20     5  0.42     2   0.35   36.36  1.43  0.16  3.95  0.26  0.01 121.20 64.77 56.42   0   1   1   1   0   0   0   0   2   0   0   0   0   0   0   0   0   0   0   0
unbound_pep_2znn.pdb PEP   0.00  0  31.90 0.00 0.00  0 -1.25  1147.21     697.66    55 0.26   4.13   0.53  0.33 0.33   17.00 0.25     39.00    4.00     2  0.17    -1   0.21   45.16  3.70  0.42  8.64  0.50  0.03 257.19 109.86 147.33   0   0   1   0   1   0   1   1   0   2   0   0   2   1   1   0   0   0   0   0
unbound_pep_2znn.pdb PEP   0.00  0  20.76 0.00 0.00  0 -1.25  1147.21     157.56    25 0.12   3.60   0.44  0.32 0.32    7.00 0.10     20.75    3.75     4  0.33    -1   0.15   41.18  2.06  0.23  4.66  0.29  0.01 99.90 32.28 67.63   0   0   1   1   0   0   1   1   1   2   0   0   1   0   0   0   0   0   0   0
unbound_pep_2znn.pdb PEP   1.33  0  12.03 0.00 0.00  0 -1.25  1147.21     629.79    39 0.18   4.22   0.57  0.21 0.21    7.00 0.10     -3.56    3.33     5  0.42     1   0.40   53.85  3.87  0.44  8.73  0.50  0.01 274.78 161.26 113.52   2   0   0   2   1   0   0   0   2   0   0   1   0   0   1   0   0   0   0   0
unbound_pep_2znn.pdb PEP   0.00  0  27.91 0.00 0.00  0 -1.25  1147.21     157.62    26 0.12   3.49   0.55  0.50 0.50   12.00 0.17      6.71    4.14     5  0.42     0   0.23   52.38  2.84  0.32  7.55  0.44  0.01 124.60 60.60 64.00   0   0   2   1   0   0   0   0   1   1   0   0   0   0   1   0   0   1   0   0
unbound_pep_2znn.pdb PEP   0.00  0  23.65 0.00 0.00  0 -1.25  1147.21     301.16    24 0.11   3.63   0.49  0.29 0.29    5.43 0.08     -7.33    3.78     7  0.58     0   0.71   58.82  3.74  0.43  8.21  0.48  0.01 161.83 125.60 36.23   1   0   1   2   0   0   0   0   1   0   0   1   0   0   1   1   0   1   0   0
unbound_pep_2znn.pdb PEP   0.00  0  31.57 0.00 0.00  0 -1.25  1147.21     504.71    31 0.14   4.31   0.65  0.65 0.65   19.00 0.28     40.22    4.22     4  0.33     1   0.32   28.57  3.01  0.34  6.65  0.40  0.04 204.13 97.86 106.27   0   0   1   0   1   0   0   1   0   2   0   1   1   0   0   1   0   1   0   0
unbound_pep_2znn.pdb PEP   0.00  0  15.92 0.00 0.00  0 -1.25  1147.21     519.64    30 0.14   4.51   0.62  0.63 0.63   18.00 0.26     23.33    4.67     4  0.33     1   0.47   31.58  3.10  0.35  6.79  0.40  0.01 181.85 68.25 113.60   0   0   0   0   0   1   1   0   1   1   1   1   0   0   0   0   0   0   0   0
unbound_pep_2znn.pdb PEP   0.00  0  26.92 0.00 0.00  0 -1.25  1147.21     316.92    22 0.10   4.19   0.70  0.82 0.82   17.00 0.25     39.00    4.00     3  0.25     2   0.51   31.25  1.64  0.19  5.25  0.32  0.03 125.58 28.97 96.61   2   0   0   0   0   0   0   0   2   0   0   0   0   0   0   0   0   1   0   0
unbound_pep_2znn.pdb PEP   0.00  0  23.41 0.00 0.00  0 -1.25  1147.21     105.81    23 0.11   3.21   0.34  0.26 0.26    5.00 0.07     20.50    3.12     4  0.33     2   0.08   41.18  2.45  0.28  5.85  0.36  0.01 23.13 8.64 14.49   1   0   0   0   1   0   0   1   1   1   0   1   0   0   0   2   0   0   0   0
unbound_pep_2znn.pdb PEP   0.00  0  11.68 0.00 0.00  0 -1.25  1147.21     151.57    33 0.15   3.57   0.49  0.61 0.61   19.00 0.28     59.38    4.75     2  0.17     1   0.49   36.36  2.54  0.29  5.79  0.35  0.14 113.20 62.48 50.72   1   0   0   0   0   0   0   0   1   1   0   0   0   2   1   0   0   1   0   1
unbound_pep_2znn.pdb PEP   0.00  0  15.23 0.00 0.00  0 -1.25  1147.21     301.88    14 0.06   4.20   0.72  0.00 0.00    0.00 0.00      9.00    4.43     5  0.42     3   0.25   66.67  2.62  0.30  4.80  0.30  0.01 155.73 120.71 35.02   0   0   0   1   1   0   0   0   2   1   0   2   0   0   0   0   0   0   0   0
unbound_pep_2znn.pdb PEP   0.00  0  28.24 0.00 0.00  0 -1.25  1147.21     605.08    18 0.08   4.46   0.69  0.56 0.56    9.00 0.13     -4.25    3.25     4  0.33     2   0.74   38.46  2.12  0.24  5.05  0.31  0.01 170.32 79.74 90.57   0   0   1   0   0   0   0   0   2   0   0   0   0   0   0   1   0   0   0   0
unbound_pep_2znn.pdb PEP   0.00  0  26.92 0.00 0.00  0 -1.25  1147.21     464.58    17 0.08   3.97   0.64  0.06 0.06    0.00 0.00     14.83    4.33     5  0.42     1   0.25   53.33  2.87  0.33  5.94  0.36  0.01 179.45 80.43 99.03   0   0   2   0   0   0   0   0   0   0   0   1   0   0   0   1   0   1   0   1
unbound_pep_2znn.pdb PEP   0.00  0  24.69 0.00 0.00  0 -1.25  1147.21     270.63    14 0.06   4.41   0.66  0.64 0.64    8.00 0.12     38.17    5.00     4  0.33     2   0.35   36.36  1.72  0.19  4.24  0.27  0.03 118.50 27.92 90.57   0   0   1   0   0   0   0   0   1   1   0   1   0   0   0   0   0   1   0   1
unbound_pep_2znn.pdb PEP   0.00  0  33.78 0.00 0.00  0 -1.25  1147.21     489.99    15 0.07   4.19   0.63  0.07 0.07    0.00 0.00    -28.00    3.33     5  0.42     0   0.29   57.14  2.83  0.32  5.58  0.34  0.01 165.15 115.64 49.51   0   0   1   2   0   0   0   0   2   0   0   0   0   0   1   0   0   0   0   0
unbound_pep_2znn.pdb PEP   0.00  0  34.30 0.00 0.00  0 -1.25  1147.21     479.54    20 0.09   4.10   0.70  0.10 0.10    1.00 0.01      5.71    3.29     5  0.42    -2   0.18   41.18  3.31  0.38  7.81  0.46  0.01 181.52 74.04 107.48   0   0   1   1   1   0   1   0   0   0   1   0   0   0   0   1   1   0   0   0
unbound_pep_2znn.pdb PEP   0.00  0  32.68 0.00 0.00  0 -1.25  1147.21     166.77    14 0.06   3.56   0.42  0.00 0.00    0.00 0.00     13.12    3.62     5  0.42    -1   0.19   50.00  3.01  0.34  5.81  0.35  0.01 133.51 93.66 39.85   1   0   2   1   0   0   1   0   1   2   0   0   0   0   0   0   0   0   0   0
unbound_pep_2znn.pdb PEP   2.67  0   9.04 0.00 0.00  0 -1.25  1147.21     335.87    11 0.05   3.98   0.66  0.45 0.45    4.00 0.06    -27.83    3.67     6  0.50    -1   0.33   57.14  2.86  0.33  6.06  0.37  0.01 145.69 88.93 56.76   0   0   0   3   0   0   0   0   1   0   0   1   0   0   0   0   1   0   0   0
unbound_pep_2znn.pdb PEP   0.00  0  19.61 0.00 0.00  0 -1.25  1147.21     287.83    14 0.06   4.02   0.66  0.29 0.29    3.00 0.04     20.80    4.80     4  0.33    -1   0.69   41.67  2.20  0.25  5.33  0.33  0.01 112.82 46.40 66.42   0   0   1   1   0   1   0   0   0   0   0   0   0   1   0   0   0   1   0   0
unbound_pep_2znn.pdb PEP   0.00  0  27.18 0.00 0.00  0 -1.25  1147.21      39.70    12 0.05   3.08   0.37  0.33 0.33    3.00 0.04     19.71    4.29     3  0.25     1   0.22   41.67  1.41  0.16  2.88  0.20  0.01 3.49 1.07 2.42   0   1   0   1   1   0   0   0   1   1   1   0   0   0   1   0   0   0   0   0
unbound_pep_2znn.pdb PEP   0.00  0  19.87 0.00 0.00  0 -1.25  1147.21     443.82    28 0.13   4.39   0.59  0.14 0.14    3.00 0.04     35.57    4.43     2  0.17     1   0.34   47.37  2.59  0.30  5.74  0.35  0.02 209.38 94.91 114.47   1   1   1   0   0   0   0   0   0   1   1   0   0   1   1   0   0   0   0   0
unbound_pep_2znn.pdb PEP   0.00  0  15.18 0.00 0.00  0 -1.25  1147.21      49.65    13 0.06   3.37   0.43  0.69 0.69    8.00 0.12     49.00    3.83     2  0.17     1   0.50   25.00  0.89  0.10  2.49  0.18  0.06 16.25 5.38 10.87   1   0   0   0   1   0   0   1   1   1   0   0   0   0   0   0   0   1   0   0
unbound_pep_2znn.pdb PEP   0.00  0  12.84 0.00 0.00  0 -1.25  1147.21     263.34    17 0.08   3.75   0.57  0.00 0.00    0.00 0.00     10.62    3.38     3  0.25     2   0.44   60.00  2.43  0.28  6.08  0.37  0.01 140.33 104.10 36.23   2   0   0   0   0   1   0   1   1   0   0   1   1   0   1   0   0   0   0   0
unbound_pep_2znn.pdb PEP   0.00  0  30.82 0.00 0.00  0 -1.25  1147.21     460.49    22 0.10   4.49   0.58  0.41 0.41    8.00 0.12     44.00    4.17     3  0.25     3   0.16   37.50  2.67  0.31  6.33  0.38  0.05 194.64 83.54 111.10   1   0   0   0   0   0   0   0   3   1   0   0   0   1   0   0   0   0   0   0
unbound_pep_2znn.pdb PEP   0.00  0  22.95 0.00 0.00  0 -1.25  1147.21      88.87    14 0.06   3.45   0.45  0.57 0.57    7.00 0.10     31.33    3.50     3  0.25     0   0.27   33.33  1.72  0.20  3.63  0.24  0.02 55.05 4.33 50.72   1   0   0   0   0   0   1   0   1   1   0   0   0   0   0   1   0   0   0   1
unbound_pep_2znn.pdb PEP   0.00  0  33.09 0.00 0.00  0 -1.25  1147.21     105.78    11 0.05   3.47   0.46  0.27 0.27    2.00 0.03    -30.25    3.25     3  0.25     0   0.16   45.45  1.72  0.20  4.15  0.27  0.00 108.61 67.55 41.06   0   0   1   1   0   0   0   0   1   0   0   0   0   0   1   0   0   0   0   0
unbound_pep_2znn.pdb PEP   0.00  0  27.01 0.00 0.00  0 -1.25  1147.21     165.30    12 0.05   3.52   0.66  0.25 0.25    2.00 0.03     -7.17    4.17     5  0.42     1   0.31   46.67  2.97  0.34  7.81  0.46  0.01 142.48 68.82 73.67   0   1   2   1   0   0   0   0   1   0   0   0   1   0   0   0   0   0   0   0
unbound_pep_2znn.pdb PEP   0.00  0  22.64 0.00 0.00  0 -1.25  1147.21     513.70    12 0.05   4.15   0.65  0.17 0.17    1.00 0.01    -15.20    4.60     5  0.42     3   0.90   66.67  3.15  0.36  5.95  0.36  0.01 167.18 141.82 25.36   0   0   1   0   0   1   0   0   1   0   0   2   0   0   0   0   0   0   0   0
unbound_pep_2znn.pdb PEP   1.33  0   7.62 0.00 0.00  0 -1.25  1147.21      59.37    16 0.07   3.14   0.38  1.00 1.00   15.00 0.22     57.88    4.25     3  0.25     0   0.21   21.43  1.86  0.21  4.28  0.27  0.13 4.83 0.00 4.83   0   0   0   0   0   0   0   2   0   2   0   0   0   0   0   1   0   2   0   1
unbound_pep_2znn.pdb PEP   0.00  0  17.23 0.00 0.00  0 -1.25  1147.21     401.67    12 0.05   4.84   0.82  0.50 0.50    5.00 0.07     27.60    4.40     3  0.25     0   0.39   41.67  1.75  0.20  4.11  0.26  0.01 120.00 35.47 84.53   0   0   0   0   0   1   1   0   1   0   1   0   1   0   0   0   0   0   0   0
unbound_pep_2znn.pdb PEP   0.00  0  14.64 0.00 0.00  0 -1.25  1147.21     436.67    25 0.12   3.81   0.52  0.32 0.32    7.00 0.10     32.71    3.43     3  0.25     0   0.70   47.06  3.21  0.37  6.78  0.40  0.02 157.59 85.13 72.46   2   0   0   1   0   0   0   0   1   1   0   0   0   1   0   1   0   0   0   0
unbound_pep_2znn.pdb PEP   0.00  0  21.96 0.00 0.00  0 -1.25  1147.21     564.49    25 0.12   4.31   0.74  0.56 0.56   13.00 0.19     39.17    4.67     3  0.25    -2   0.45   30.00  3.24  0.37  7.94  0.46  0.03 210.57 84.98 125.59   0   0   0   2   1   0   0   0   0   1   0   0   0   1   0   0   0   1   0   0
unbound_pep_2znn.pdb PEP   1.33  0  12.26 0.00 0.00  0 -1.25  1147.21     536.50    25 0.12   4.05   0.60  0.08 0.08    1.00 0.01      9.29    4.57     5  0.42     1   0.51   47.37  4.32  0.50 10.07  0.57  0.01 209.71 123.97 85.74   0   0   2   0   0   0   1   0   0   2   0   2   0   0   0   0   0   0   0   0
unbound_pep_2znn.pdb PEP  10.67  0   5.05 0.20 0.28  0 -0.50  1147.21     128.56    18 0.08   3.37   0.65  0.17 0.17    2.00 0.03     36.25    5.50     3  0.25     1   0.64   50.00  2.72  0.31  5.76  0.35  0.03 116.36 55.98 60.38   0   0   1   0   0   0   0   0   0   1   0   1   0   0   0   0   0   1   0   0
unbound_pep_2znn.pdb PEP   0.00  0  22.09 0.00 0.00  0 -1.25  1147.21     206.71    10 0.04   3.93   0.74  0.10 0.10    0.00 0.00    -19.00    3.67     3  0.25     0   0.55   45.45  2.15  0.24  4.44  0.28  0.00 103.33 53.82 49.51   0   0   0   1   0   1   0   0   1   0   0   0   0   0   0   0   0   0   0   0
unbound_pep_2znn.pdb PEP   4.00  0   7.24 0.00 0.00  0 -1.25  1147.21     468.57    13 0.06   4.17   0.67  0.46 0.46    5.00 0.07     10.20    4.20     4  0.33     1   0.66   54.55  2.72  0.31  6.07  0.37  0.01 110.86 71.00 39.85   0   0   1   0   0   1   0   0   0   1   0   1   0   0   0   0   1   0   0   0
unbound_pep_2znn.pdb PEP   0.00  0  19.54 0.00 0.00  0 -1.25  1147.21      43.32    17 0.08   3.18   0.41  0.82 0.82   13.00 0.19     66.83    4.17     1  0.08     1   0.08   15.38  1.31  0.15  2.89  0.20  0.18 8.18 2.14 6.04   0   0   0   0   2   0   0   0   1   2   1   0   0   0   0   0   0   0   0   0
unbound_pep_2znn.pdb PEP   0.00  0  17.36 0.00 0.00  0 -1.25  1147.21     191.65    17 0.08   3.62   0.51  0.41 0.41    6.00 0.09     52.43    4.14     2  0.17     1   0.36   35.71  2.12  0.24  5.35  0.33  0.08 125.68 27.86 97.82   0   0   0   0   0   1   0   1   1   2   1   0   1   0   0   0   0   0   0   0
unbound_pep_2znn.pdb PEP   0.00  0  24.86 0.00 0.00  0 -1.25  1147.21     495.60    19 0.09   4.02   0.61  0.37 0.37    6.00 0.09     -9.00    4.40     4  0.33    -2   0.50   46.67  3.48  0.40  7.48  0.44  0.01 176.31 83.32 92.99   0   0   0   1   0   1   1   0   0   0   0   0   0   0   1   0   0   1   0   0
unbound_pep_2znn.pdb PEP   0.00  0  34.86 0.00 0.00  0 -1.25  1147.21     596.42    13 0.06   4.38   0.69  0.62 0.62    7.00 0.10      7.50    4.00     5  0.42    -2   0.13   35.71  3.23  0.37  7.06  0.42  0.01 167.15 43.97 123.18   0   0   1   1   1   0   1   0   0   0   0   0   0   0   0   0   1   1   0   0
unbound_pep_2znn.pdb PEP   0.00  0   9.72 0.00 0.00  0 -1.25  1147.21      49.33    10 0.04   3.17   0.31  0.50 0.50    4.00 0.06     54.67    4.22     3  0.25     0   0.37   41.67  1.94  0.22  5.24  0.32  0.10 5.63 3.21 2.42   1   0   0   1   0   0   0   0   1   0   1   0   0   0   0   0   0   1   0   4
unbound_pep_2znn.pdb PEP   0.00  0  12.94 0.00 0.00  0 -1.25  1147.21     153.73    20 0.09   3.58   0.51  0.45 0.45    8.00 0.12     29.00    3.86     1  0.08     0   0.64   43.75  1.94  0.22  5.54  0.34  0.01 98.42 35.62 62.80   0   0   1   0   0   0   0   0   0   0   1   0   1   0   2   0   0   0   0   2
unbound_pep_2znn.pdb PEP   0.00  0  14.43 0.00 0.00  0 -1.25  1147.21     321.03    14 0.06   3.83   0.76  0.07 0.07    0.00 0.00     25.14    4.57     4  0.33     0   0.65   41.18  3.35  0.38  6.17  0.37  0.01 131.06 53.77 77.29   0   0   1   0   0   2   0   0   0   1   0   0   1   0   1   0   0   1   0   0
unbound_pep_2znn.pdb PEP   0.00  0  31.03 0.00 0.00  0 -1.25  1147.21     369.98    13 0.06   4.30   0.78  0.62 0.62    7.00 0.10     35.75    5.25     3  0.25     0   0.37   38.46  2.26  0.26  4.05  0.26  0.02 144.83 53.05 91.78   0   0   0   0   0   0   0   0   0   0   0   0   0   0   1   1   0   2   0   0
unbound_pep_2znn.pdb PEP   0.00  0  36.10 0.00 0.00  0 -1.25  1147.21     178.96    12 0.05   3.43   0.58  0.50 0.50    5.00 0.07      7.50    3.50     4  0.33    -2   0.31   38.46  2.88  0.33  4.89  0.31  0.01 109.86 42.97 66.89   0   0   1   1   1   0   1   0   0   0   1   0   0   0   0   0   1   0   0   0
unbound_pep_2znn.pdb PEP   1.33  0  10.87 0.00 0.00  0 -1.25  1147.21     556.26    32 0.15   4.25   0.60  0.03 0.03    0.00 0.00     40.43    4.14     2  0.17     1   0.77   56.52  3.67  0.42  7.83  0.46  0.03 263.57 211.64 51.93   0   0   1   0   0   0   0   0   1   0   1   0   0   1   1   0   0   0   0   2
unbound_pep_2znn.pdb PEP   0.00  0  21.75 0.00 0.00  0 -1.25  1147.21     128.31    12 0.05   3.94   0.43  1.00 1.00   11.00 0.16     53.71    4.57     2  0.17     1   0.23    0.00  1.32  0.15  2.88  0.20  0.09 109.75 0.00 109.75   0   1   0   0   0   0   0   2   0   1   2   0   0   0   0   0   0   1   0   0
unbound_pep_2znn.pdb PEP   0.00  0  20.06 0.00 0.00  0 -1.25  1147.21     245.19    13 0.06   3.67   0.60  0.38 0.38    4.00 0.06     50.50    4.67     3  0.25     1   0.14   26.67  2.59  0.30  6.64  0.40  0.07 140.78 61.07 79.70   1   0   0   0   0   0   0   0   0   1   0   1   0   0   0   0   1   1   0   1
unbound_pep_2znn.pdb PEP   0.00  0  18.38 0.00 0.00  0 -1.25  1147.21      66.07    11 0.05   3.19   0.36  0.18 0.18    1.00 0.01     40.43    4.71     3  0.25     3   0.32   58.33  2.61  0.30  5.12  0.32  0.03 46.18 37.72 8.45   0   0   0   0   1   0   0   0   1   1   1   2   0   0   0   0   0   0   0   1
unbound_pep_2znn.pdb PEP   0.00  0  13.78 0.00 0.00  0 -1.25  1147.21     241.76    14 0.06   3.80   0.73  0.64 0.64    8.00 0.12      5.00    4.25     3  0.25     1   0.68   38.46  2.61  0.30  5.28  0.33  0.01 131.10 65.89 65.21   0   0   2   0   0   0   0   0   0   1   0   1   0   0   0   0   0   0   0   0
unbound_pep_2znn.pdb PEP   0.00  0  35.20 0.00 0.00  0 -1.25  1147.21     433.90    11 0.05   4.84   0.81  0.36 0.36    3.00 0.04     40.40    4.60     3  0.25    -1   0.19   33.33  2.58  0.29  5.00  0.31  0.03 130.59 40.02 90.57   0   0   0   0   1   0   1   0   0   0   0   0   1   0   0   0   1   1   0   0
unbound_pep_2znn.pdb PEP   0.00  0  21.89 0.00 0.00  0 -1.25  1147.21      91.39    20 0.09   3.27   0.36  0.95 0.95   18.00 0.26     81.00    4.56     1  0.08     0   0.10   18.75  2.18  0.25  4.67  0.29  0.32 21.90 0.00 21.90   1   0   0   0   2   0   0   0   0   4   1   0   0   0   0   0   0   1   0   0
unbound_pep_2znn.pdb PEP   0.00  0  28.18 0.00 0.00  0 -1.25  1147.21     346.21    10 0.04   4.32   0.72  0.10 0.10    0.00 0.00     33.67    4.33     3  0.25     1   0.20   41.67  2.83  0.32  5.25  0.32  0.02 150.91 77.25 73.67   0   0   0   0   1   1   0   0   0   1   0   1   1   0   0   0   1   0   0   0
unbound_pep_2znn.pdb PEP   0.00  0  31.52 0.00 0.00  0 -1.25  1147.21     402.59    21 0.10   4.15   0.69  0.48 0.48    9.00 0.13     57.75    4.50     1  0.08     1   0.14   27.78  2.59  0.30  6.62  0.40  0.10 176.84 48.84 128.01   0   0   0   0   1   0   0   0   1   0   0   0   1   1   0   0   0   0   0   0
unbound_pep_2znn.pdb PEP   0.00  0  30.29 0.00 0.00  0 -1.25  1147.21     302.25    11 0.05   4.57   0.70  0.82 0.82    8.00 0.12    -10.00    3.50     2  0.17     1   0.26   33.33  1.74  0.20  3.80  0.25  0.00 111.42 45.00 66.42   0   0   1   0   0   0   0   0   1   0   0   0   0   0   0   0   0   0   0   0
unbound_pep_2znn.pdb PEP   0.00  0  36.37 0.00 0.00  0 -1.25  1147.21     211.25    11 0.05   3.73   0.74  0.18 0.18    1.00 0.01      0.20    2.80     3  0.25     1   0.21   50.00  3.10  0.35  5.77  0.35  0.01 124.16 81.90 42.27   0   0   2   0   1   0   0   1   1   0   0   0   0   0   0   0   0   0   0   0
unbound_pep_2znn.pdb PEP   0.00  0  21.21 0.00 0.00  0 -1.25  1147.21     381.79    16 0.07   3.92   0.57  0.50 0.50    7.00 0.10     26.14    3.86     3  0.25     0   0.64   30.77  3.37  0.39  6.51  0.39  0.01 212.45 82.03 130.42   0   0   1   0   0   1   0   0   0   2   0   0   1   0   1   1   0   0   0   0
unbound_pep_2znn.pdb PEP   5.33  0   6.77 0.00 0.00  0 -1.25  1147.21     293.83    18 0.08   3.72   0.64  0.06 0.06    0.00 0.00     18.25    4.25     1  0.08    -1   0.71   50.00  2.75  0.31  6.20  0.37  0.01 142.59 91.87 50.72   0   0   0   1   0   0   0   0   0   0   0   0   1   1   1   0   0   0   0   0
unbound_pep_2znn.pdb PEP   0.00  0  18.39 0.00 0.00  0 -1.25  1147.21     283.12    18 0.08   3.68   0.68  0.44 0.44    7.00 0.10     36.80    3.60     1  0.08     0   0.29   33.33  2.57  0.29  6.10  0.37  0.02 144.07 45.05 99.03   1   0   0   0   0   0   0   0   0   0   0   0   0   1   1   0   1   0   0   1
unbound_pep_2znn.pdb PEP   0.00  0  22.64 0.00 0.00  0 -1.25  1147.21     469.21    17 0.08   4.48   0.75  0.53 0.53    8.00 0.12     31.67    3.83     2  0.17    -1   0.27   36.84  3.00  0.34  7.82  0.46  0.02 201.17 75.58 125.59   0   0   1   1   0   0   0   1   0   1   0   0   1   1   0   0   0   0   0   0
unbound_pep_2znn.pdb PEP   0.00  0  16.17 0.00 0.00  0 -1.25  1147.21     102.34    17 0.08   3.23   0.32  0.35 0.35    4.67 0.07     19.56    3.89     2  0.17     0   0.28   47.06  3.09  0.35  6.71  0.40  0.01 60.72 31.34 29.38   1   1   0   1   0   0   0   1   0   1   1   0   0   1   2   0   0   0   0   0
unbound_pep_2znn.pdb PEP   0.00  0  22.95 0.00 0.00  0 -1.25  1147.21     299.25    24 0.11   3.88   0.58  0.62 0.62   13.73 0.20     50.29    5.14     4  0.33     2   0.27   28.57  4.93  0.57 10.56  0.60  0.09 210.84 45.40 165.45   0   0   0   0   0   0   0   1   1   0   1   1   0   0   0   0   0   2   0   1
unbound_pep_2znn.pdb PEP   0.00  0  17.49 0.00 0.00  0 -1.25  1147.21      83.13    13 0.06   3.26   0.36  0.77 0.77    9.00 0.13     60.00    4.86     2  0.17     1   0.34   30.77  2.43  0.28  5.55  0.34  0.13 74.13 20.36 53.77   1   1   0   0   0   0   0   1   0   1   1   0   0   1   0   0   0   1   0   0
unbound_pep_2znn.pdb PEP   0.00  0  18.32 0.00 0.00  0 -1.25  1147.21      40.79    11 0.05   3.06   0.39  1.00 1.00   10.00 0.15     53.86    3.43     1  0.08     0   0.38    8.33  1.57  0.18  3.84  0.25  0.08 0.00 0.00 0.00   2   0   0   0   0   0   0   2   0   2   0   0   0   0   0   0   0   1   0   0
unbound_pep_2znn.pdb PEP   6.67  0   4.48 0.00 0.00  0 -1.25  1147.21     412.51    12 0.05   4.53   0.68  0.33 0.33    3.00 0.04     62.00    4.25     1  0.08     1   0.45   36.36  2.47  0.28  5.14  0.32  0.13 185.48 69.55 115.93   1   0   0   0   0   0   0   0   1   1   0   0   0   1   0   0   0   0   0   0
unbound_pep_2znn.pdb PEP   0.00  0  33.38 0.00 0.00  0 -1.25  1147.21     499.33    10 0.04   4.15   0.81  0.80 0.80    6.75 0.10      9.00    4.75     3  0.25     1   0.32   28.57  2.96  0.34  7.80  0.46  0.01 156.74 38.03 118.70   0   1   0   1   0   0   0   0   1   0   1   0   0   0   0   0   0   0   0   0
unbound_pep_2znn.pdb PEP   0.00  0  19.85 0.00 0.00  0 -1.25  1147.21     606.96    12 0.05   4.75   0.85  0.92 0.92   10.00 0.15     17.33    4.00     2  0.17     0   0.39   33.33  2.59  0.30  4.43  0.28  0.01 151.25 54.64 96.61   0   0   0   1   0   0   0   0   1   1   0   0   0   0   0   0   0   0   0   0
unbound_pep_2znn.pdb PEP   0.00  0  31.47 0.00 0.00  0 -1.25  1147.21     112.35    10 0.04   3.43   0.67  0.60 0.60    5.00 0.07     24.25    4.25     2  0.17     1   0.20   30.77  2.70  0.31  4.67  0.29  0.01 102.94 48.59 54.34   0   0   1   0   1   0   0   0   0   1   0   1   0   0   0   0   0   0   0   0
unbound_pep_2znn.pdb PEP   0.00  0  11.23 0.00 0.00  0 -1.25  1147.21     148.75    16 0.07   3.48   0.40  0.38 0.38    5.00 0.07     78.00    4.20     0  0.00     0   0.54   35.71  2.58  0.29  6.55  0.39  0.26 103.20 62.14 41.06   1   0   0   0   0   0   0   0   0   0   1   0   0   1   0   0   0   0   0   2
unbound_pep_2znn.pdb PEP   0.00  0  26.56 0.00 0.00  0 -1.25  1147.21     304.16    10 0.04   4.01   0.70  1.00 1.00    9.00 0.13     27.67    3.50     3  0.25     1   0.39   30.77  3.24  0.37  5.57  0.34  0.01 142.72 26.79 115.93   0   0   1   0   0   0   0   1   1   1   0   0   1   0   0   0   1   0   0   0
unbound_pep_2znn.pdb PEP   0.00  0  31.40 0.00 0.00  0 -1.25  1147.21     266.64    12 0.05   3.61   0.74  0.67 0.67    6.50 0.09     43.50    4.00     3  0.25     3   0.18   37.50  3.86  0.44  8.20  0.48  0.04 175.78 57.43 118.35   1   0   0   0   0   0   0   0   3   1   1   0   0   0   0   0   0   0   0   0
unbound_pep_2znn.pdb PEP   0.00  0  20.46 0.00 0.00  0 -1.25  1147.21      99.11    18 0.08   3.13   0.28  1.00 1.00   13.33 0.19     63.73    4.09     2  0.17     0   0.06   15.79  3.71  0.42  8.56  0.50  0.17 13.95 4.29 9.66   1   0   1   0   2   0   0   1   0   4   1   0   0   0   0   0   0   1   0   0
unbound_pep_2znn.pdb PEP   0.00  0  15.33 0.00 0.00  0 -1.25  1147.21     330.41    16 0.07   3.74   0.57  0.31 0.31    4.00 0.06     66.00    4.20     1  0.08     0   0.56   40.00  3.63  0.42  7.98  0.47  0.17 158.31 84.65 73.67   1   0   0   0   0   0   0   0   0   0   0   0   0   2   0   0   1   0   0   1
unbound_pep_2znn.pdb PEP   0.00  0  19.33 0.00 0.00  0 -1.25  1147.21     614.52    11 0.05   4.89   0.76  0.91 0.91    9.00 0.13     56.80    4.20     1  0.08     1   0.45   35.71  2.83  0.32  5.27  0.33  0.10 199.67 78.90 120.76   0   0   0   0   0   0   0   1   1   0   0   0   0   2   0   0   0   0   0   1
bound_pep_2p54.pdb PEP   0.00  0  16.10 0.00 0.00  0 -1.25   968.39    1968.85   374 1.00   3.77   0.48  0.69 0.69   76.46 1.00     39.24    4.14    20  1.00     2   0.11   29.09 10.34  1.00 25.42  1.00  0.88 1071.43 249.40 822.04   3   3   0   3   3   1   2   6   3   9   4   1   0   1   1   1   2   4   0   3
bound_pep_2p54.pdb PEP   0.00  0  17.36 0.00 0.00  0 -1.25   968.39     317.03    37 0.10   4.04   0.48  0.76 0.76   26.93 0.35     13.38    4.00     5  0.25     1   0.42   27.27  2.80  0.26  7.80  0.33  0.01 193.82 70.64 123.18   0   0   1   0   0   0   1   1   2   1   0   0   0   0   1   0   0   1   0   0
bound_pep_2p54.pdb PEP   0.00  0  23.13 0.00 0.00  0 -1.25   968.39     468.06    37 0.10   4.20   0.58  0.22 0.22    7.00 0.09     -0.36    3.64     8  0.40     0   0.43   48.00  4.13  0.39  8.95  0.38  0.01 208.97 148.59 60.38   1   0   1   2   1   0   0   0   1   0   0   1   0   0   1   1   1   1   0   0
bound_pep_2p54.pdb PEP   0.00  0  15.22 0.00 0.00  0 -1.25   968.39     575.98    36 0.09   4.71   0.59  0.67 0.67   23.00 0.30     23.33    4.67     4  0.20     1   0.43   40.00  2.73  0.25  6.25  0.27  0.01 230.49 96.20 134.28   0   0   0   0   0   1   1   0   1   1   1   1   0   0   0   0   0   0   0   0
bound_pep_2p54.pdb PEP   0.00  0  31.14 0.00 0.00  0 -1.25   968.39     244.52    32 0.08   3.49   0.39  0.19 0.19    5.00 0.07     25.10    3.90     6  0.30     2   0.50   45.00  3.37  0.32  7.76  0.33  0.01 226.62 88.95 137.67   1   0   0   0   0   1   0   1   1   0   0   1   2   0   0   2   0   1   0   0
bound_pep_2p54.pdb PEP   0.00  0  34.08 0.00 0.00  0 -1.25   968.39     364.44    30 0.08   3.75   0.55  0.13 0.13    3.00 0.04     13.38    4.25     5  0.25    -1   0.33   55.00  2.78  0.26  6.65  0.29  0.01 191.64 139.71 51.93   0   0   2   1   0   0   1   0   0   2   0   1   1   0   0   0   0   0   0   0
bound_pep_2p54.pdb PEP   0.00  0  12.26 0.00 0.00  0 -1.25   968.39     466.57    47 0.12   3.78   0.49  0.70 0.70   30.97 0.41     27.18    3.91     4  0.20    -1   0.31   37.50  3.91  0.37 10.12  0.42  0.02 172.19 36.70 135.49   1   0   1   1   0   0   0   0   0   0   1   0   1   0   2   0   1   1   0   2
bound_pep_2p54.pdb PEP   0.00  0  31.90 0.00 0.00  0 -1.25   968.39     495.90    32 0.08   4.61   0.66  0.75 0.75   23.00 0.30     43.10    4.50     4  0.20     1   0.25   27.27  2.64  0.24  6.88  0.30  0.05 230.89 77.52 153.37   0   0   1   0   1   1   0   1   0   2   0   1   2   0   0   0   0   1   0   0
bound_pep_2p54.pdb PEP   0.00  0  26.69 0.00 0.00  0 -1.25   968.39     567.00    34 0.09   4.31   0.62  0.29 0.29    9.00 0.12     44.00    4.29     4  0.20     0   0.42   33.33  2.59  0.24  6.29  0.28  0.04 251.36 97.99 153.37   1   0   0   0   0   0   1   0   1   2   0   0   0   0   0   1   0   1   0   0
bound_pep_2p54.pdb PEP   0.00  0  14.21 0.00 0.00  0 -1.25   968.39     149.76    15 0.04   3.37   0.52  0.00 0.00    0.00 0.00      9.00    4.43     5  0.25     3   0.23   64.71  2.40  0.22  7.12  0.31  0.01 150.57 132.45 18.11   0   0   0   1   1   0   0   0   2   1   0   2   0   0   0   0   0   0   0   0
bound_pep_2p54.pdb PEP   0.00  0  28.73 0.00 0.00  0 -1.25   968.39     652.33    36 0.09   4.23   0.68  0.47 0.47   16.00 0.21      6.71    4.14     5  0.25     0   0.22   38.46  3.53  0.33  8.27  0.35  0.01 226.93 102.54 124.39   0   0   2   1   0   0   0   0   1   1   0   0   0   0   1   0   0   1   0   0
bound_pep_2p54.pdb PEP   0.00  0   7.07 0.00 0.00  0 -1.25   968.39     430.69    15 0.04   4.46   0.78  0.00 0.00    0.00 0.00     -4.20    3.80     4  0.20     2   0.25   46.15  1.91  0.17  4.88  0.22  0.00 126.12 63.33 62.80   1   0   0   1   0   0   0   0   2   0   0   1   0   0   0   0   0   0   0   0
bound_pep_2p54.pdb PEP   0.00  0  20.71 0.00 0.00  0 -1.25   968.39     153.46    19 0.05   3.63   0.47  0.21 0.21    3.00 0.04     23.71    4.14     4  0.20    -1   0.10   46.67  2.00  0.18  4.59  0.21  0.01 96.15 43.01 53.14   0   0   1   1   0   0   1   0   1   2   0   0   1   0   0   0   0   0   0   0
bound_pep_2p54.pdb PEP   0.00  0  34.72 0.00 0.00  0 -1.25   968.39     301.51    10 0.02   4.08   0.69  0.00 0.00    0.00 0.00    -14.00    3.00     4  0.20    -2   0.22   45.45  1.84  0.17  3.96  0.19  0.00 138.43 61.14 77.29   0   0   1   1   1   0   1   0   0   0   0   0   0   0   0   1   0   0   0   0
bound_pep_2p54.pdb PEP   0.00  0  23.54 0.00 0.00  0 -1.25   968.39     373.87    29 0.08   3.75   0.51  0.31 0.31    8.00 0.10     23.88    3.38     5  0.25     1   0.44   33.33  3.19  0.30  7.22  0.31  0.01 134.38 47.43 86.95   1   0   0   0   0   0   1   0   2   1   0   0   0   0   0   2   0   0   0   1
bound_pep_2p54.pdb PEP   8.24  0   4.66 0.20 0.10  0 -0.72   968.39     564.98    10 0.02   5.13   0.72  0.30 0.30    2.00 0.03     25.88    4.62     6  0.30     2   0.31   50.00  2.62  0.24  4.81  0.22  0.01 206.16 99.89 106.27   0   0   1   0   0   1   0   0   1   0   0   1   1   0   0   0   1   1   0   1
bound_pep_2p54.pdb PEP   0.00  0  24.72 0.00 0.00  0 -1.25   968.39     354.04    38 0.10   3.84   0.50  0.34 0.34   11.08 0.14     27.60    3.90     5  0.25     1   0.16   37.04  3.78  0.36  8.48  0.36  0.02 172.90 90.78 82.12   0   0   2   1   2   0   0   0   2   1   0   0   1   1   0   0   0   0   0   0
bound_pep_2p54.pdb PEP   0.00  0  24.11 0.00 0.00  0 -1.25   968.39     355.08    20 0.05   4.60   0.72  0.35 0.35    6.00 0.08      2.20    4.00     4  0.20    -1   0.49   43.75  2.14  0.20  5.48  0.25  0.01 154.75 72.63 82.12   0   0   0   1   0   1   1   0   1   1   0   0   0   0   0   0   0   0   0   0
bound_pep_2p54.pdb PEP   0.00  0  10.07 0.00 0.00  0 -1.25   968.39     131.55    22 0.06   3.47   0.48  0.36 0.36    7.00 0.09     27.00    5.17     4  0.20    -1   0.14   47.06  2.33  0.21  4.83  0.22  0.01 111.19 47.76 63.43   1   1   0   0   0   0   2   0   0   0   0   0   0   1   0   0   0   1   0   0
bound_pep_2p54.pdb PEP   0.00  0  33.28 0.00 0.00  0 -1.25   968.39     356.88    10 0.02   4.14   0.69  0.00 0.00    0.00 0.00    -28.00    3.40     4  0.20     0   0.30   70.00  2.21  0.20  4.70  0.22  0.00 112.51 102.85 9.66   0   0   0   2   0   0   0   0   2   0   0   0   0   0   1   0   0   0   0   0
bound_pep_2p54.pdb PEP   0.00  0  22.79 0.00 0.00  0 -1.25   968.39      90.02    23 0.06   3.18   0.34  0.35 0.35    7.00 0.09     29.00    3.33     4  0.20     2   0.04   41.18  2.57  0.24  6.39  0.28  0.01 22.06 7.57 14.49   1   0   0   0   1   0   0   1   1   1   1   1   0   0   0   2   0   0   0   0
bound_pep_2p54.pdb PEP   0.00  0  27.31 0.00 0.00  0 -1.25   968.39      84.35    18 0.05   3.26   0.43  0.44 0.44    7.00 0.09     30.17    5.33     3  0.15     0   0.47   38.46  1.72  0.15  3.79  0.18  0.02 77.76 18.37 59.39   0   1   0   1   0   0   0   0   0   1   0   0   0   1   1   0   0   1   0   0
bound_pep_2p54.pdb PEP   0.00  0   9.72 0.00 0.00  0 -1.25   968.39     156.03    14 0.03   3.82   0.59  0.71 0.71    9.00 0.12     -0.75    5.50     4  0.20    -1   0.19   30.77  1.82  0.16  5.08  0.23  0.00 128.67 47.39 81.29   0   1   0   1   0   0   1   0   0   0   0   0   0   0   0   0   0   1   0   0
bound_pep_2p54.pdb PEP   0.00  0  25.83 0.00 0.00  0 -1.25   968.39      83.53    23 0.06   3.27   0.41  0.17 0.17    3.00 0.04     31.78    4.22     3  0.15     1   0.11   44.44  2.30  0.21  5.25  0.24  0.02 30.04 10.71 19.32   0   1   0   1   2   0   0   0   1   2   1   0   0   0   1   0   0   0   0   0
bound_pep_2p54.pdb PEP   0.00  0  21.75 0.00 0.00  0 -1.25   968.39     360.19    12 0.03   4.04   0.64  0.33 0.33    3.00 0.04    -24.50    3.00     3  0.15     0   0.70   60.00  1.60  0.14  4.31  0.20  0.00 112.68 65.58 47.10   0   0   0   1   0   0   0   0   1   0   0   0   0   0   1   1   0   0   0   0
bound_pep_2p54.pdb PEP   0.00  0  19.51 0.00 0.00  0 -1.25   968.39     375.15    14 0.03   3.69   0.59  0.00 0.00    0.00 0.00     -1.40    4.60     4  0.20     0   0.50   57.14  2.69  0.25  6.37  0.28  0.00 121.54 92.48 29.06   0   1   1   1   0   1   0   0   0   0   0   0   0   1   0   0   0   0   0   0
bound_pep_2p54.pdb PEP   0.00  0  18.18 0.00 0.00  0 -1.25   968.39     497.01    20 0.05   3.99   0.73  0.45 0.45    8.00 0.10     26.40    5.40     4  0.20     0   0.44   35.29  2.68  0.25  6.91  0.30  0.01 155.27 46.58 108.69   0   0   0   0   0   1   1   0   0   1   0   1   0   0   0   0   0   1   0   0
bound_pep_2p54.pdb PEP   1.18  0  10.29 0.00 0.00  0 -1.25   968.39      93.19    16 0.04   3.33   0.63  0.00 0.00    0.00 0.00     18.71    3.43     3  0.15     2   0.26   56.25  2.30  0.21  4.59  0.21  0.01 77.96 45.36 32.61   2   0   0   0   0   1   0   1   1   0   0   1   1   0   0   0   0   0   0   0
bound_pep_2p54.pdb PEP   0.00  0  16.34 0.00 0.00  0 -1.25   968.39     465.73    13 0.03   4.29   0.73  0.31 0.31    3.00 0.04      6.71    4.29     5  0.25    -1   0.35   53.85  2.96  0.28  5.86  0.26  0.01 137.08 73.08 64.00   0   0   1   1   0   2   0   0   0   1   0   0   0   0   1   0   0   1   0   0
bound_pep_2p54.pdb PEP   0.00  0  23.79 0.00 0.00  0 -1.25   968.39     564.23    20 0.05   5.25   0.70  0.20 0.20    3.00 0.04     20.67    3.67     3  0.15     0   0.29   43.75  2.32  0.21  6.87  0.30  0.01 211.35 111.11 100.23   0   0   1   1   0   0   0   1   1   1   0   0   0   1   0   0   0   0   0   0
bound_pep_2p54.pdb PEP   0.00  0  12.78 0.00 0.00  0 -1.25   968.39     377.75    17 0.04   4.01   0.51  0.35 0.35    5.00 0.07      9.29    4.57     5  0.25     1   0.29   38.46  3.21  0.30  6.91  0.30  0.01 174.27 76.45 97.82   0   0   2   0   0   0   1   0   0   2   0   2   0   0   0   0   0   0   0   0
bound_pep_2p54.pdb PEP   0.00  0  22.52 0.00 0.00  0 -1.25   968.39     610.64    32 0.08   3.86   0.66  0.44 0.44   13.00 0.17      1.67    4.50     4  0.20    -3   0.45   43.48  3.66  0.34  7.95  0.34  0.01 178.17 102.09 76.08   0   0   0   2   0   0   1   0   0   0   0   0   0   1   1   0   0   1   0   0
bound_pep_2p54.pdb PEP   0.00  0  15.01 0.00 0.00  0 -1.25   968.39     225.37    23 0.06   3.53   0.47  0.22 0.22    4.00 0.05     32.71    3.43     3  0.15     0   0.46   43.75  2.59  0.24  7.17  0.31  0.02 139.06 78.68 60.38   2   0   0   1   0   0   0   0   1   1   0   0   0   1   0   1   0   0   0   0
bound_pep_2p54.pdb PEP   0.00  0  26.78 0.00 0.00  0 -1.25   968.39     147.43    15 0.04   3.79   0.44  0.73 0.73   10.00 0.13     54.40    5.20     3  0.15     0   0.79   30.77  1.71  0.15  4.46  0.21  0.09 127.89 34.91 92.99   0   0   0   0   0   0   1   0   1   2   0   0   0   0   0   0   0   1   0   0
bound_pep_2p54.pdb PEP   0.00  0  26.35 0.00 0.00  0 -1.25   968.39     451.06    16 0.04   3.85   0.61  0.12 0.12    1.00 0.01     22.40    4.00     4  0.20     0   0.18   46.67  2.85  0.26  5.73  0.25  0.01 175.17 76.14 99.03   0   0   2   0   0   0   0   0   0   0   0   0   0   0   0   1   0   1   0   1
bound_pep_2p54.pdb PEP   0.00  0  18.64 0.00 0.00  0 -1.25   968.39     384.80    27 0.07   4.39   0.57  0.63 0.63   16.00 0.21     36.62    4.25     3  0.15     1   0.71   36.84  2.85  0.26  6.92  0.30  0.02 241.99 81.38 160.61   0   0   1   0   0   1   0   0   1   2   1   0   1   0   1   0   0   0   0   0
bound_pep_2p54.pdb PEP   0.00  0  21.15 0.00 0.00  0 -1.25   968.39     130.99    25 0.06   3.55   0.46  0.92 0.92   21.91 0.29     36.00    3.67     2  0.10     0   0.06   15.79  2.16  0.20  6.63  0.29  0.02 83.74 8.57 75.17   0   1   0   1   2   0   0   2   0   2   1   0   0   0   0   0   0   0   0   0
bound_pep_2p54.pdb PEP   5.88  0   9.29 0.00 0.00  0 -1.25   968.39     356.67    20 0.05   3.80   0.60  0.20 0.20    3.00 0.04     17.43    4.14     5  0.25     1   0.26   55.56  3.69  0.35  7.32  0.31  0.01 189.73 107.61 82.12   0   0   2   0   0   1   0   0   0   2   0   1   0   0   0   0   1   0   0   0
bound_pep_2p54.pdb PEP   0.00  0  24.16 0.00 0.00  0 -1.25   968.39     271.69    12 0.03   3.79   0.66  0.00 0.00    0.00 0.00     -9.60    4.20     4  0.20     3   0.59   46.15  3.01  0.28  5.60  0.25  0.00 135.32 71.31 64.00   0   0   0   0   0   1   0   1   1   0   0   2   0   0   0   0   0   0   0   0
bound_pep_2p54.pdb PEP   0.00  0  17.93 0.00 0.00  0 -1.25   968.39     105.12    24 0.06   3.27   0.42  0.54 0.54   12.00 0.16     48.50    4.25     3  0.15     1   0.10   28.57  2.74  0.25  5.92  0.26  0.06 53.18 30.00 23.18   0   0   0   0   1   0   0   1   0   0   2   1   0   0   0   1   0   1   0   1
bound_pep_2p54.pdb PEP   0.00  0  13.92 0.00 0.00  0 -1.25   968.39     209.17    18 0.05   3.91   0.55  0.28 0.28    4.00 0.05     -5.67    3.33     3  0.15     1   0.41   35.29  2.43  0.22  5.97  0.26  0.00 150.33 77.88 72.46   2   0   0   1   0   0   0   0   1   0   0   1   0   0   1   0   0   0   0   0
bound_pep_2p54.pdb PEP   1.18  0   8.66 0.00 0.00  0 -1.25   968.39      54.26    19 0.05   3.14   0.35  0.89 0.89   16.00 0.21     60.71    4.29     2  0.10     0   0.04   18.75  1.62  0.14  3.31  0.16  0.13 2.42 0.00 2.42   1   0   0   0   0   1   0   1   0   3   0   0   0   0   0   0   0   1   0   0
bound_pep_2p54.pdb PEP   0.00  0  30.98 0.00 0.00  0 -1.25   968.39     411.11    13 0.03   4.07   0.70  0.38 0.38    4.00 0.05      3.00    4.33     5  0.25     2   0.22   35.71  3.21  0.30  6.97  0.30  0.01 148.79 71.92 76.87   0   1   1   1   0   0   0   0   2   1   0   0   0   0   0   0   0   0   0   0
bound_pep_2p54.pdb PEP   0.00  0  16.17 0.00 0.00  0 -1.25   968.39     162.34    27 0.07   3.38   0.41  0.26 0.26    6.00 0.08     39.75    3.88     3  0.15    -1   0.22   40.00  3.04  0.28  7.38  0.32  0.03 109.56 72.12 37.44   2   0   1   0   2   0   1   0   0   0   0   0   0   1   0   0   0   1   0   0
bound_pep_2p54.pdb PEP   0.00  0  25.10 0.00 0.00  0 -1.25   968.39     490.82    15 0.04   4.62   0.68  0.20 0.20    2.00 0.03     24.29    4.14     4  0.20     0   0.19   46.67  3.04  0.28  8.27  0.35  0.01 173.52 115.55 57.97   0   0   2   1   0   0   0   0   1   1   0   0   1   1   0   0   0   0   0   0
bound_pep_2p54.pdb PEP   0.00  0  37.52 0.00 0.00  0 -1.25   968.39     337.41    11 0.03   4.41   0.83  0.09 0.09    0.00 0.00      4.33    3.33     2  0.10     1   0.78   40.00  1.89  0.17  3.52  0.17  0.00 110.70 33.41 77.29   1   0   0   0   0   0   0   0   0   0   0   1   0   0   0   1   0   0   0   0
bound_pep_2p54.pdb PEP   0.00  0  33.79 0.00 0.00  0 -1.25   968.39     348.20    13 0.03   4.21   0.71  0.54 0.54    6.00 0.08     16.40    3.40     3  0.15    -1   0.30   33.33  2.10  0.19  4.87  0.22  0.01 148.40 49.38 99.03   0   0   1   0   1   0   1   0   0   0   1   0   0   0   0   1   0   0   0   0
bound_pep_2p54.pdb PEP   0.00  0  17.01 0.00 0.00  0 -1.25   968.39     421.90    15 0.04   4.19   0.70  0.60 0.60    8.00 0.10     18.33    4.17     4  0.20     0   0.46   35.29  2.77  0.26  7.58  0.32  0.01 203.39 59.68 143.71   0   0   1   0   0   1   1   0   1   0   1   0   1   0   0   0   0   0   0   0
bound_pep_2p54.pdb PEP   0.00  0  34.87 0.00 0.00  0 -1.25   968.39     473.89    15 0.04   4.37   0.68  0.60 0.60    8.00 0.10    -10.40    3.20     4  0.20    -2   0.20   50.00  2.82  0.26  6.12  0.27  0.00 169.27 58.17 111.10   0   0   1   1   1   0   1   0   0   0   0   0   0   0   0   0   1   0   0   0
bound_pep_2p54.pdb PEP   0.00  0  28.11 0.00 0.00  0 -1.25   968.39      47.66    11 0.03   3.25   0.45  0.55 0.55    5.00 0.07      7.33    4.00     1  0.05    -1   0.43   33.33  0.91  0.07  1.85  0.11  0.00 42.56 8.75 33.81   0   0   0   0   0   0   1   0   0   1   0   0   0   0   1   0   0   0   0   0
bound_pep_2p54.pdb PEP   0.00  0  30.84 0.00 0.00  0 -1.25   968.39     437.12    21 0.05   4.29   0.63  0.67 0.67   13.00 0.17     44.00    4.17     3  0.15     3   0.17   31.25  2.78  0.26  5.44  0.24  0.04 175.46 59.53 115.93   1   0   0   0   0   0   0   0   3   1   0   0   0   1   0   0   0   0   0   0
bound_pep_2p54.pdb PEP   0.00  0  21.56 0.00 0.00  0 -1.25   968.39     425.57    13 0.03   3.94   0.70  0.38 0.38    4.00 0.05    -28.60    3.60     5  0.25    -2   0.58   37.50  3.49  0.33  7.80  0.33  0.00 188.08 80.60 107.48   0   0   0   2   0   1   1   0   1   0   0   0   0   0   0   0   0   0   0   0
bound_pep_2p54.pdb PEP   0.00  0  34.85 0.00 0.00  0 -1.25   968.39     418.68    11 0.03   4.30   0.58  0.00 0.00    0.00 0.00      6.17    3.33     4  0.20     0   0.29   63.64  3.32  0.31  5.53  0.25  0.01 164.02 139.87 24.15   1   0   2   1   0   0   0   0   1   1   0   0   0   0   0   0   0   0   0   0
bound_pep_2p54.pdb PEP   0.00  0  32.23 0.00 0.00  0 -1.25   968.39     480.18    44 0.12   3.89   0.52  0.34 0.34   13.73 0.18     39.00    4.00     2  0.10    -1   0.24   40.74  3.82  0.36 10.30  0.43  0.03 237.50 104.66 132.84   0   0   1   0   1   0   1   1   0   2   0   0   2   1   1   0   0   0   0   0
bound_pep_2p54.pdb PEP   0.00  0  32.99 0.00 0.00  0 -1.25   968.39     264.85    11 0.03   4.27   0.73  0.73 0.73    7.00 0.09      9.00    4.75     3  0.15     1   0.42   36.36  1.86  0.17  3.36  0.17  0.01 113.79 30.47 83.33   0   1   0   1   0   0   0   0   1   0   1   0   0   0   0   0   0   0   0   0
bound_pep_2p54.pdb PEP   0.00  0  28.99 0.00 0.00  0 -1.25   968.39     527.14    41 0.11   3.81   0.49  0.44 0.44   14.00 0.18     31.70    4.00     4  0.20     2   0.34   30.00  4.70  0.45  9.59  0.40  0.02 236.92 93.21 143.71   1   0   0   0   1   1   0   1   0   1   1   2   1   0   0   0   1   0   0   0
bound_pep_2p54.pdb PEP   0.00  0  11.58 0.00 0.00  0 -1.25   968.39     352.55    41 0.11   3.52   0.47  0.10 0.10    2.00 0.03     63.56    4.56     3  0.15     0   0.46   44.44  3.97  0.37  8.70  0.37  0.15 208.29 141.88 66.42   1   0   1   0   0   0   0   0   0   0   1   0   0   2   0   0   1   1   0   2
bound_pep_2p54.pdb PEP   0.00  0  26.16 0.00 0.00  0 -1.25   968.39     129.16    14 0.03   3.32   0.45  0.00 0.00    0.00 0.00     24.00    4.43     3  0.15     2   0.21   50.00  2.97  0.28  5.34  0.24  0.01 112.81 76.58 36.23   0   0   0   0   0   1   0   1   0   0   0   2   2   0   0   0   0   0   0   1
bound_pep_2p54.pdb PEP   0.00  0  19.86 0.00 0.00  0 -1.25   968.39      52.77    18 0.05   3.13   0.34  0.67 0.67   11.00 0.14     63.14    3.86     1  0.05     1   0.03   15.38  1.51  0.13  3.43  0.17  0.14 5.49 4.29 1.21   1   0   0   0   2   0   0   0   1   2   1   0   0   0   0   0   0   0   0   0
bound_pep_2p54.pdb PEP   0.00  0  22.37 0.00 0.00  0 -1.25   968.39     455.53    14 0.03   3.96   0.68  0.00 0.00    0.00 0.00    -12.83    3.17     5  0.25     1   0.43   73.33  4.11  0.39  9.95  0.41  0.00 180.61 140.76 39.85   0   0   0   1   0   0   0   0   2   0   0   0   0   0   1   1   1   0   0   0
bound_pep_2p54.pdb PEP   0.00  0  20.48 0.00 0.00  0 -1.25   968.39     477.48    24 0.06   4.45   0.65  0.17 0.17    3.00 0.04     35.57    4.43     2  0.10     1   0.30   45.00  2.74  0.25  5.31  0.24  0.02 214.11 101.43 112.69   1   1   1   0   0   0   0   0   0   1   1   0   0   1   1   0   0   0   0   0
bound_pep_2p54.pdb PEP   0.00  0  16.32 0.00 0.00  0 -1.25   968.39     111.77    21 0.05   3.29   0.38  0.24 0.24    4.00 0.05     19.56    3.89     2  0.10     0   0.21   47.06  2.61  0.24  6.45  0.28  0.01 61.80 33.55 28.25   1   1   0   1   0   0   0   1   0   1   1   0   0   1   2   0   0   0   0   0
bound_pep_2p54.pdb PEP   4.71  0   9.60 0.00 0.00  0 -1.25   968.39     393.62    29 0.08   3.83   0.54  0.24 0.24    6.00 0.08     35.00    4.33     2  0.10     1   0.55   57.89  3.08  0.29  6.93  0.30  0.02 172.71 117.16 55.55   0   0   1   0   0   0   0   0   1   0   0   0   0   2   1   0   0   0   0   1
bound_pep_2p54.pdb PEP   3.53  0   7.51 0.00 0.00  0 -1.25   968.39     260.93    10 0.02   3.64   0.68  0.70 0.70    6.00 0.08    -30.00    3.75     4  0.20    -1   0.15   46.15  2.59  0.24  5.69  0.25  0.00 116.39 43.93 72.46   0   0   0   2   0   0   0   0   0   0   0   1   0   0   0   0   1   0   0   0
bound_pep_2p54.pdb PEP   0.00  0  32.34 0.00 0.00  0 -1.25   968.39     552.29    27 0.07   4.50   0.75  0.59 0.59   15.00 0.20     57.75    4.50     1  0.05     1   0.15   25.00  2.46  0.23  5.87  0.26  0.10 197.41 56.11 141.29   0   0   0   0   1   0   0   0   1   0   0   0   1   1   0   0   0   0   0   0
bound_pep_2p54.pdb PEP   0.00  0  27.16 0.00 0.00  0 -1.25   968.39     472.83    14 0.03   4.78   0.77  0.79 0.79   10.00 0.13     -1.00    3.17     3  0.15     0   0.25   35.71  2.35  0.21  4.52  0.21  0.00 151.56 34.42 117.14   0   0   0   1   0   0   0   1   1   0   0   0   1   0   1   0   1   0   0   0
bound_pep_2p54.pdb PEP   0.00  0  30.66 0.00 0.00  0 -1.25   968.39     548.34    18 0.05   4.33   0.68  0.28 0.28    4.00 0.05     15.20    4.40     5  0.25     1   0.35   47.37  4.19  0.40  8.30  0.35  0.01 168.83 65.82 103.00   1   1   0   2   0   0   0   0   1   1   1   1   0   1   1   0   0   0   0   0
bound_pep_2p54.pdb PEP   0.00  0  20.83 0.00 0.00  0 -1.25   968.39     362.54    15 0.04   3.70   0.62  0.40 0.40    5.00 0.07     50.50    4.67     3  0.15     1   0.24   26.67  2.80  0.26  6.76  0.29  0.07 147.87 71.79 76.08   1   0   0   0   0   0   0   0   0   1   0   1   0   0   0   0   1   1   0   1
bound_pep_2p54.pdb PEP   0.00  0  21.26 0.00 0.00  0 -1.25   968.39      62.05    10 0.02   3.56   0.64  0.80 0.80    7.00 0.09     36.00    3.75     1  0.05    -1   0.29   33.33  0.88  0.07  1.78  0.11  0.02 59.16 19.31 39.85   0   0   0   1   0   0   0   1   0   1   0   0   0   1   0   0   0   0   0   0
bound_pep_2p54.pdb PEP   0.00  0  19.93 0.00 0.00  0 -1.25   968.39     436.93    22 0.06   4.37   0.71  0.64 0.64   13.00 0.17     27.20    4.00     3  0.15     1   0.37   33.33  3.28  0.31  7.49  0.32  0.01 160.82 58.17 102.65   0   0   0   1   0   0   0   0   2   1   0   0   0   0   0   0   0   0   0   1
bound_pep_2p54.pdb PEP   0.00  0  33.44 0.00 0.00  0 -1.25   968.39     396.46    17 0.04   3.81   0.57  0.24 0.24    3.00 0.04    -30.25    3.25     3  0.15     0   0.27   46.67  3.14  0.29  6.64  0.29  0.00 140.00 91.69 48.31   0   0   1   1   0   0   0   0   1   0   0   0   0   0   1   0   0   0   0   0
bound_pep_2p54.pdb PEP   0.00  0  31.69 0.00 0.00  0 -1.25   968.39     418.57    15 0.04   4.23   0.78  0.80 0.80   11.00 0.14     30.20    5.00     4  0.20     1   0.39   29.41  3.11  0.29  7.55  0.32  0.02 180.47 27.10 153.37   0   0   0   0   0   0   0   0   1   0   0   0   0   0   1   1   0   2   0   0
bound_pep_2p54.pdb PEP   0.00  0  27.29 0.00 0.00  0 -1.25   968.39     533.55    11 0.03   4.06   0.70  0.18 0.18    1.00 0.01    -17.67    4.00     5  0.25    -1   0.17   46.67  4.01  0.38  8.63  0.36  0.00 189.56 105.03 84.53   0   1   2   2   0   0   0   0   0   0   0   0   1   0   0   0   0   0   0   0
bound_pep_2p54.pdb PEP   0.00  0  11.08 0.00 0.00  0 -1.25   968.39      71.28    17 0.04   3.08   0.32  0.82 0.82   13.00 0.17     56.00    4.50     3  0.15     0   0.14   33.33  2.75  0.25  5.38  0.24  0.10 15.06 6.45 8.61   0   0   0   0   1   0   1   0   1   0   1   0   0   0   0   0   0   1   0   3
bound_pep_2p54.pdb PEP   0.00  0  30.83 0.00 0.00  0 -1.25   968.39     381.33    19 0.05   4.29   0.64  0.42 0.42    7.00 0.09     29.86    4.86     3  0.15     3   0.29   43.75  3.26  0.31  6.22  0.27  0.01 144.45 56.47 87.98   0   0   0   0   0   0   0   0   1   1   2   2   0   0   1   0   0   0   0   0
bound_pep_2p54.pdb PEP   0.00  0  19.69 0.00 0.00  0 -1.25   968.39     314.38    22 0.06   4.06   0.74  0.41 0.41    8.00 0.10     27.00    3.50     1  0.05     0   0.27   37.50  2.41  0.22  5.70  0.25  0.01 134.65 46.49 88.16   1   0   0   0   0   0   0   0   0   0   0   0   0   1   1   0   1   0   0   0
bound_pep_2p54.pdb PEP   0.00  0  25.83 0.00 0.00  0 -1.25   968.39     270.16    16 0.04   4.11   0.76  0.88 0.88   13.00 0.17     50.50    5.25     3  0.15     1   0.26   20.00  2.79  0.26  5.70  0.25  0.07 139.54 4.29 135.25   0   0   0   0   0   0   0   1   1   0   0   0   0   0   0   0   0   2   0   0
bound_pep_2p54.pdb PEP   0.00  0  19.47 0.00 0.00  0 -1.25   968.39     203.17    18 0.05   3.82   0.65  0.83 0.83   14.00 0.18     30.25    3.50     2  0.10     1   0.40   35.71  2.51  0.23  5.52  0.25  0.02 117.34 20.73 96.61   0   0   0   0   0   0   0   1   1   0   0   0   0   1   0   0   1   0   0   0
bound_pep_2p54.pdb PEP   0.00  0  37.78 0.00 0.00  0 -1.25   968.39     338.73    11 0.03   3.87   0.70  0.27 0.27    2.00 0.03      0.20    2.80     3  0.15     1   0.26   38.46  3.04  0.28  6.80  0.30  0.00 139.40 45.20 94.20   0   0   2   0   1   0   0   1   1   0   0   0   0   0   0   0   0   0   0   0
bound_pep_2p54.pdb PEP   0.00  0  18.52 0.00 0.00  0 -1.25   968.39     709.43    21 0.05   4.61   0.73  0.00 0.00    0.00 0.00     46.80    4.40     2  0.10    -1   0.45   47.37  3.28  0.31  7.01  0.30  0.05 233.35 148.81 84.53   0   0   0   1   0   0   0   0   0   0   0   0   0   2   0   0   1   0   0   1
bound_pep_2p54.pdb PEP   0.00  0  26.92 0.00 0.00  0 -1.25   968.39     309.34    12 0.03   4.55   0.75  0.58 0.58    6.00 0.08     26.33    4.00     2  0.10     1   1.00   30.00  2.31  0.21  4.24  0.20  0.01 126.07 18.59 107.48   0   0   1   0   0   0   0   0   1   1   0   0   0   0   0   0   0   0   0   0
bound_pep_2p54.pdb PEP   0.00  0  15.08 0.00 0.00  0 -1.25   968.39      99.06    18 0.05   3.33   0.46  0.67 0.67   11.00 0.14     37.14    3.14     1  0.05     0   0.30   17.65  2.25  0.21  4.38  0.20  0.02 62.10 15.00 47.10   0   0   0   0   0   1   0   3   0   1   1   0   1   0   0   0   0   0   0   0
bound_pep_2p54.pdb PEP   0.00  0  21.12 0.00 0.00  0 -1.25   968.39     192.87    31 0.08   3.26   0.36  0.94 0.94   27.45 0.36     73.00    4.30     1  0.05     0   0.17   25.00  3.55  0.33  7.98  0.34  0.27 85.96 17.14 68.81   1   0   0   0   2   0   0   1   0   3   1   0   0   1   0   0   0   1   0   0
bound_pep_2p54.pdb PEP   0.00  0  10.88 0.00 0.00  0 -1.25   968.39      43.55    10 0.02   3.11   0.32  1.00 1.00    9.00 0.12     55.00    4.33     1  0.05     1   0.27    9.09  1.31  0.11  2.94  0.15  0.08 1.21 0.00 1.21   0   1   0   0   1   0   0   1   0   2   1   0   0   0   0   0   0   0   0   0
bound_pep_2p54.pdb PEP   0.00  0  33.25 0.00 0.00  0 -1.25   968.39     391.95    12 0.03   4.35   0.82  0.50 0.50    5.00 0.07     64.67    4.33     1  0.05     0   0.31   45.45  2.13  0.19  4.38  0.20  0.15 117.31 50.89 66.42   0   0   0   0   0   0   0   0   0   1   0   0   0   1   0   1   0   0   0   0
bound_pep_2p54.pdb PEP   0.00  0  30.69 0.00 0.00  0 -1.25   968.39     477.72    16 0.04   4.29   0.68  0.88 0.88   12.86 0.17     47.75    6.25     3  0.15     2   0.58   29.41  3.26  0.31  8.12  0.35  0.06 217.25 67.86 149.39   0   1   0   0   0   0   0   0   1   0   0   0   0   1   0   0   0   1   0   0
bound_pep_2p54.pdb PEP   8.24  0   6.33 0.00 0.00  0 -1.25   968.39     538.30    23 0.06   4.44   0.67  0.39 0.39    8.00 0.10     34.40    4.40     1  0.05    -1   0.41   41.18  3.16  0.29  7.01  0.30  0.02 224.52 96.51 128.01   0   0   0   1   0   0   0   0   0   1   0   0   1   1   1   0   0   0   0   0
bound_pep_2p54.pdb PEP   0.00  0  13.60 0.00 0.00  0 -1.25   968.39      79.67    21 0.05   3.12   0.35  0.71 0.71   14.00 0.18     32.25    2.75     0  0.00     0   0.30   22.22  2.35  0.22  5.38  0.24  0.02 49.48 19.29 30.19   2   0   0   0   1   0   0   2   0   1   0   0   1   0   1   0   0   0   0   0
bound_pep_2p54.pdb PEP   0.00  0  19.36 0.00 0.00  0 -1.25   968.39      61.62    13 0.03   3.15   0.32  1.00 1.00   12.00 0.16     61.71    3.86     1  0.05     0   0.00   14.29  2.00  0.18  4.22  0.20  0.13 8.18 2.14 6.04   1   0   0   0   2   0   0   1   0   1   1   0   0   0   0   0   0   1   0   0
bound_pep_2p54.pdb PEP   0.00  0  33.97 0.00 0.00  0 -1.25   968.39     378.22    12 0.03   4.46   0.68  1.00 1.00   11.00 0.14     41.75    3.75     2  0.10     1   0.49   16.67  2.46  0.23  4.71  0.22  0.03 163.07 31.69 131.37   0   0   0   0   1   0   0   0   1   0   1   0   0   0   0   0   1   0   0   0
bound_pep_2p54.pdb PEP   0.00  0  19.19 0.00 0.00  0 -1.25   968.39     397.76    13 0.03   3.66   0.42  0.23 0.23    2.00 0.03     41.80    4.40     2  0.10     2   0.21   35.71  3.80  0.36  8.63  0.36  0.03 116.40 47.56 68.83   0   0   0   0   1   0   0   0   1   1   0   1   0   0   0   0   0   0   0   1
bound_pep_2p54.pdb PEP   0.00  0  32.18 0.00 0.00  0 -1.25   968.39     485.75    10 0.02   4.32   0.72  0.60 0.60    5.00 0.07     16.00    3.33     1  0.05     0   0.35   40.00  2.67  0.25  5.34  0.24  0.01 105.23 41.22 64.00   0   0   0   0   0   0   0   0   0   1   0   0   0   0   1   1   0   0   0   0
bound_pep_2p54.pdb PEP   0.00  0  24.17 0.00 0.00  0 -1.25   968.39     285.20    10 0.02   3.84   0.66  0.20 0.20    1.00 0.01     53.25    4.25     1  0.05     0   0.21   41.67  3.34  0.31  6.68  0.29  0.07 146.28 82.27 64.00   1   0   1   0   0   0   0   0   0   0   0   0   0   2   0   0   0   0   0   0
bound_pep_2p54.pdb PEP   0.00  0  16.80 0.00 0.00  0 -1.25   968.39     562.73    10 0.02   4.79   0.70  0.70 0.70    6.00 0.08     56.80    4.20     1  0.05     1   0.46   36.36  2.88  0.27  4.91  0.22  0.09 183.54 91.76 91.78   0   0   0   0   0   0   0   1   1   0   0   0   0   2   0   0   0   0   0   1
