2alf_unbound.pdb PEP 100.00  1   0.00 1.00 1.00  1  2.00   450.86    1612.79    53 0.00   4.07   0.58  0.36 0.00    7.47 0.00     18.38    4.00    13  0.00     2  12.82   38.24  8.32  0.00 21.04  0.00  0.00 125.79 71.45 54.34   2   0   0   0   2   4   2   1   2   1   1   2   0   2   2   0   2   0   1   0
1ca4_unbound.pdb PEP 100.00  1   0.00 1.00 1.00  1  2.00   570.99    1418.07    44 0.00   3.88   0.64  0.43 0.00    7.16 0.00     24.48    3.52    12  0.00     1  19.68   35.21 10.17  0.00 20.16  0.00  0.00 154.22 64.46 89.76   2   0   2   0   4   3   0   1   0   1   1   1   3   0   2   4   1   1   0   1
1i2h_unbound.pdb PEP 100.00  1   0.00 1.00 1.00  1  2.00   506.39    1552.23    43 0.00   4.59   0.70  0.51 0.00   18.36 0.00     30.79    4.14     8  0.00     1  24.77   35.85  7.13  0.00 20.04  0.00  0.00 116.92 55.33 61.59   0   0   0   0   3   1   1   0   1   0   0   1   1   2   0   2   1   0   1   0
1eg3_unbound.pdb PEP 100.00  1   0.00 1.00 1.00  1  2.00  1161.83    2343.55    57 0.00   3.97   0.67  0.46 0.00   13.46 0.00     16.40    4.40    12  0.00     3  42.75   36.71 11.10  0.00 30.75  0.00  0.00 152.45 117.43 35.02   0   1   0   0   0   1   1   2   0   0   0   3   1   2   2   1   3   1   1   1
2hwq_unbound.pdb PEP 100.00  1   0.00 1.00 1.00  1  2.00  1196.16    2724.69    61 0.00   4.17   0.61  0.66 0.00   18.65 0.00     36.12    4.69    17  0.00     0  35.82   35.29  9.95  0.00 27.83  0.00  0.00 180.95 79.51 101.44   1   0   1   3   1   1   1   1   3   3   0   1   1   2   0   0   2   5   0   0
1gy7_unbound.pdb PEP 100.00  1   0.00 1.00 1.00  1  2.00   681.97    2140.32    78 0.00   4.02   0.54  0.46 0.00   11.61 0.00     51.94    4.29     5  0.00     0  24.51   37.14 17.26  0.00 37.67  0.00  0.00 208.51 91.30 117.22   1   0   1   1   2   0   0   0   0   3   1   1   2   3   0   1   1   0   0   0
1jd4_unbound.pdb PEP 100.00  1   0.00 1.00 1.00  1  2.00   706.13    1332.07    61 0.00   3.80   0.60  0.43 0.00   10.92 0.00     35.32    5.05    12  0.00     3  34.17   35.00  8.83  0.00 20.32  0.00  0.00 102.08 64.64 37.44   0   2   2   0   0   3   0   0   0   3   1   1   0   3   2   0   1   1   2   1
1jwf_unbound.pdb PEP 100.00  1   0.00 1.00 1.00  1  2.00   451.93    1368.06    47 0.00   3.99   0.61  0.43 0.00    8.30 0.00     29.89    3.72     7  0.00     4  37.03   32.39  9.21  0.00 24.60  0.00  0.00 120.81 52.94 67.86   1   0   0   1   1   0   0   2   4   2   1   1   1   1   1   1   0   0   0   1
1lvb_unbound.pdb PEP 100.00  1   0.00 1.00 1.00  1  2.00   568.80    1873.18    34 0.00   4.51   0.72  0.47 0.00    6.88 0.00     42.00    4.71     9  0.00     4  57.49   30.77  8.80  0.00 21.43  0.00  0.00 130.57 49.66 80.91   0   0   1   0   1   0   0   0   3   2   0   1   2   0   0   0   2   2   0   0
2h3l_unbound.pdb PEP 100.00  1   0.00 1.00 1.00  1  2.00   809.08    1853.65    47 0.00   4.34   0.67  0.21 0.00    4.40 0.00     18.10    4.00    12  0.00     1  17.30   41.79 10.51  0.00 23.85  0.00  0.00 149.52 61.36 88.16   0   0   0   1   1   3   1   1   2   2   0   1   2   1   2   2   1   1   0   0
1n7e_unbound.pdb PEP 100.00  1   0.00 1.00 1.00  1  2.00   662.61    1571.94    40 0.00   4.16   0.73  0.40 0.00    5.88 0.00     15.58    3.26    10  0.00    -2  23.05   34.92 11.20  0.00 27.60  0.00  0.00 83.34 29.00 54.34   0   0   1   2   0   2   0   3   0   3   0   0   1   1   1   2   3   0   0   0
2x8d_unbound.pdb PEP 100.00  1   0.00 1.00 1.00  1  2.00   295.13    1792.88    46 0.00   4.41   0.62  0.41 0.00   12.32 0.00     18.47    4.12    10  0.00    -4  24.48   34.43  8.47  0.00 20.29  0.00  0.00 188.51 116.05 72.46   1   0   2   3   1   1   1   1   0   1   0   0   0   1   1   0   0   2   1   1
1alv_unbound.pdb PEP 100.00  1   0.00 1.00 1.00  1  2.00  1828.55    3612.67   149 0.00   4.01   0.56  0.54 0.00   17.58 0.00     37.00    4.36    11  0.00     3  39.76   33.16 26.85  0.00 58.79  0.00  0.00 336.64 153.08 183.56   1   0   1   1   4   0   1   2   3   4   0   2   1   3   2   0   0   2   1   0
1utn_unbound.pdb PEP 100.00  1   0.00 1.00 1.00  1  2.00  1144.86    2242.01    88 0.00   3.95   0.57  0.36 0.00    9.25 0.00     25.91    4.60    25  0.00     5  13.53   40.74 10.63  0.00 27.33  0.00  0.00 125.29 62.41 62.88   0   4   1   0   1   5   2   0   2   1   0   1   1   2   0   5   1   2   2   5
1oot_unbound.pdb PEP 100.00  1   0.00 1.00 1.00  1  2.00   819.51    1809.15    35 0.00   4.19   0.69  0.51 0.00    7.11 0.00     14.47    3.71    10  0.00     0  15.51   32.79 10.55  0.00 23.47  0.00  0.00 137.15 63.48 73.67   1   0   2   2   1   1   0   1   0   1   0   2   1   0   0   2   0   0   1   2
1t4e_unbound.pdb PEP 100.00  1   0.00 1.00 1.00  1  2.00   905.13    1907.09    66 0.00   4.01   0.62  0.58 0.00   18.00 0.00     47.08    4.23    10  0.00     1  31.27   30.00  8.97  0.00 20.03  0.00  0.00 118.75 60.62 58.12   0   0   0   0   3   2   2   3   3   3   1   0   0   4   0   1   0   2   0   2
2am9_unbound.pdb PEP 100.00  1   0.00 1.00 1.00  1  2.00   818.70    1311.54    45 0.00   3.81   0.55  0.67 0.00   17.27 0.00     41.39    4.61    10  0.00    -1  28.13   32.81  8.22  0.00 18.51  0.00  0.00 122.01 38.68 83.33   1   0   1   3   0   0   0   2   2   1   2   0   0   2   0   0   0   4   0   0
1r6j_unbound.pdb PEP 100.00  1   0.00 1.00 1.00  1  2.00   548.96    1530.51    49 0.00   4.03   0.61  0.55 0.00   10.15 0.00     16.00    3.27    17  0.00     1   4.85   32.39  8.57  0.00 18.21  0.00  0.00 155.51 40.78 114.72   1   0   3   0   2   2   1   5   2   1   0   0   0   0   0   4   2   3   0   0
1x2j_unbound.pdb PEP 100.00  1   0.00 1.00 1.00  1  2.00   796.03    1583.50    56 0.00   4.46   0.65  0.23 0.00   10.15 0.00     10.27    3.65    13  0.00     2  22.40   41.56  7.26  0.00 17.79  0.00  0.00 146.20 112.38 33.81   1   0   0   0   3   4   1   0   0   0   0   3   0   2   4   5   0   0   0   3
1ywp_unbound.pdb PEP 100.00  1   0.00 1.00 1.00  1  2.00   860.44    1774.34    44 0.00   4.42   0.70  0.45 0.00    9.70 0.00     21.86    4.29     8  0.00     0  15.57   32.73 10.21  0.00 21.94  0.00  0.00 103.69 50.56 53.14   0   0   2   1   1   1   0   0   0   0   0   1   1   1   1   1   0   0   2   2
2b9f_unbound.pdb PEP 100.00  1   0.00 1.00 1.00  1  2.00  1196.08    2325.70    58 0.00   3.91   0.59  0.28 0.00    5.75 0.00     15.59    4.00    16  0.00     0  22.38   45.12 11.51  0.00 29.95  0.00  0.00 138.61 70.98 67.63   0   1   4   1   1   0   2   1   0   1   0   2   0   3   2   2   3   1   0   3
2j2i_unbound.pdb PEP 100.00  1   0.00 1.00 1.00  1  2.00   699.80    2040.55    57 0.00   4.07   0.58  0.19 0.00    3.27 0.00     -0.31    3.44    22  0.00    -1  36.46   47.06 11.19  0.00 27.92  0.00  0.00 277.14 124.98 152.16   0   0   8   2   5   4   1   2   1   0   0   1   0   0   2   1   2   1   1   1
2g6f_unbound.pdb PEP 100.00  1   0.00 1.00 1.00  1  2.00  1009.25    1828.91    51 0.00   4.16   0.73  0.57 0.00   12.48 0.00      8.83    4.39    12  0.00     0  11.50   34.33 10.76  0.00 26.36  0.00  0.00 123.68 54.84 68.83   0   0   1   3   2   2   0   0   0   0   0   3   1   1   1   0   1   0   2   1
2ds5_unbound.pdb PEP 100.00  1   0.00 1.00 1.00  1  2.00  1234.54    3577.27    73 0.00   4.00   0.62  0.58 0.00   10.52 0.00     23.95    4.19     9  0.00     1  14.23   33.93 15.32  0.00 39.94  0.00  0.00 194.66 82.92 111.74   1   3   0   2   1   1   1   3   1   3   0   0   1   1   1   0   0   1   0   1
1jbe_unbound.pdb PEP 100.00  1   0.00 1.00 1.00  1  2.00  1109.06    1380.19    45 0.00   3.88   0.54  0.64 0.00   14.00 0.00     22.61    3.22     9  0.00     4  10.67   34.92  7.77  0.00 17.76  0.00  0.00 114.08 35.58 78.50   4   0   0   1   0   1   0   3   5   0   0   0   0   1   0   1   0   1   0   1
2f1w_unbound.pdb PEP 100.00  1   0.00 1.00 1.00  1  2.00   500.37    1573.49    44 0.00   3.96   0.68  0.34 0.00    6.93 0.00      5.89    3.47    10  0.00     0  14.57   35.48  9.07  0.00 20.72  0.00  0.00 86.62 52.81 33.81   0   0   1   1   3   1   1   1   1   0   2   1   0   0   3   3   0   0   1   0
2hwq_unbound.pdb PEP 100.00  1   0.00 1.00 1.00  1  2.00   910.28    1692.61    45 0.00   4.14   0.62  0.71 0.00   20.81 0.00     45.70    4.85    11  0.00     0  34.17   32.31  7.75  0.00 16.44  0.00  0.00 93.35 46.25 47.10   1   0   0   2   1   0   1   1   2   3   0   1   1   2   0   0   1   4   0   0
2h14_unbound.pdb PEP 100.00  1   0.00 1.00 1.00  1  2.00   460.76    1612.48    57 0.00   4.17   0.60  0.46 0.00   15.77 0.00     18.69    3.38    14  0.00     2  12.56   36.62  7.33  0.00 19.20  0.00  0.00 177.25 82.90 94.35   3   2   2   2   3   1   0   2   2   1   0   0   0   0   0   4   0   1   0   3
2hpj_unbound.pdb PEP 100.00  1   0.00 1.00 1.00  1  2.00   448.16    1276.46    35 0.00   4.11   0.63  0.29 0.00    6.60 0.00     13.40    3.53     7  0.00     2  12.69   41.18  6.70  0.00 14.10  0.00  0.00 109.83 66.35 43.47   1   0   0   0   1   0   1   1   1   1   0   2   0   0   2   1   2   0   0   2
1ie9_unbound.pdb PEP 100.00  1   0.00 1.00 1.00  1  2.00   968.53    1606.16    41 0.00   4.14   0.65  0.66 0.00   14.52 0.00     31.11    4.00     8  0.00     0  17.14   34.85  9.14  0.00 19.21  0.00  0.00 135.95 45.38 90.57   0   0   0   2   1   1   0   3   2   2   0   0   1   2   1   1   0   2   0   0
2o9s_unbound.pdb PEP 100.00  1   0.00 1.00 1.00  1  2.00   736.16    1472.52    32 0.00   4.26   0.67  0.53 0.00    7.06 0.00     12.18    4.18    12  0.00     2   6.37   37.50  9.34  0.00 24.42  0.00  0.00 89.91 64.55 25.36   0   0   2   2   2   0   0   1   1   0   0   3   1   0   0   0   2   1   1   1
2znn_unbound.pdb PEP 100.00  1   0.00 1.00 1.00  1  2.00  1063.61    2094.91    58 0.00   4.19   0.61  0.55 0.00   18.31 0.00     32.95    4.59    14  0.00     0  29.60   37.33  8.73  0.00 18.96  0.00  0.00 130.47 58.01 72.46   0   0   1   2   1   0   1   1   2   3   0   1   1   1   1   0   3   4   0   0
1ugm_unbound.pdb PEP 100.00  1   0.00 1.00 1.00  1  2.00   769.35    2501.51    66 0.00   4.02   0.61  0.45 0.00    9.80 0.00     22.86    3.86    12  0.00     0  30.73   38.37 10.86  0.00 27.14  0.00  0.00 153.36 85.73 67.63   0   0   2   1   3   0   2   4   3   3   0   0   2   1   4   0   1   3   0   0
3d1g_unbound.pdb PEP 100.00  1   0.00 1.00 1.00  1  2.00   529.27    2205.18    65 0.00   4.12   0.57  0.48 0.00   11.68 0.00     35.75    4.42    10  0.00     0  26.40   35.96 10.01  0.00 23.48  0.00  0.00 214.76 100.03 114.72   0   0   1   0   1   1   1   0   0   3   2   1   2   0   4   2   1   3   0   2
