0 671.99 257.15
0 415.67 255.44
1 207.17 164.01
0 1033.42 494.46
0 1256.57 616.42
0 837.92 361.48
0 815.01 336.62
0 1017.33 475.77
0 953.85 431.09
0 399.40 187.15
0 682.21 343.75
0 851.19 342.28
0 386.18 180.52
0 914.58 458.46
0 646.29 237.33
0 238.05 156.91
0 601.97 273.94
0 205.14 126.88
1 373.68 223.24
0 1015.73 390.13
0 333.12 163.67
0 344.76 242.82
0 1149.41 699.32
0 507.58 202.61
0 223.82 81.99
0 985.50 405.25
0 491.13 252.45
0 510.62 221.49
0 1063.83 402.75
0 594.39 255.88
0 616.81 207.72
0 445.79 263.51
0 279.06 199.29
0 791.81 408.05
0 560.98 253.61
0 544.62 232.16
1 883.25 364.87
0 965.69 442.39
0 539.14 256.00
0 189.14 125.96
0 220.18 129.62
0 409.23 194.11
0 636.93 251.31
0 771.46 240.31
0 542.59 262.89
0 534.36 247.48
1 1380.39 636.48
1 746.24 370.96
0 1994.74 1023.63
0 1021.44 435.44
0 633.29 295.09
0 267.92 190.90
0 783.91 279.97
0 499.03 257.79
0 643.93 246.64
0 463.26 238.44
0 458.45 219.54
0 1125.25 471.63
0 350.93 186.30
0 251.06 201.84
0 204.54 89.30
0 781.31 303.61
0 670.10 312.56
0 495.33 192.98
0 472.05 299.93
1 912.61 425.08
1 405.55 211.33
0 590.57 258.44
0 1080.75 339.70
1 311.02 182.12
0 525.20 303.43
0 505.01 237.80
1 513.21 259.17
1 374.51 208.98
0 651.21 227.42
0 514.34 194.20
0 342.68 190.60
0 186.03 101.01
1 308.40 171.98
0 475.58 216.33
0 201.53 120.78
0 875.37 317.46
0 306.07 140.37
0 777.92 317.75
0 566.87 208.55
0 988.37 238.66
0 568.33 198.45
1 905.96 280.13
0 1048.37 458.73
0 620.64 327.48
0 500.66 271.58
0 759.07 268.58
0 768.71 329.82
1 575.44 296.29
0 1216.66 604.85
0 451.92 276.28
0 357.71 241.78
0 218.91 109.26
0 569.89 242.01
0 502.72 308.99
0 740.97 279.49
0 325.98 236.90
0 420.69 219.51
0 474.16 181.94
0 201.26 130.83
0 647.66 233.07
1 479.23 229.14
0 1074.85 465.62
0 299.72 103.90
0 602.97 314.43
0 281.84 144.74
0 590.67 198.88
0 309.33 190.11
0 504.00 187.09
0 263.22 158.98
0 674.09 307.26
1 491.06 246.13
1 434.78 278.11
0 589.80 287.59
0 866.12 463.84
0 351.85 220.43
0 243.42 193.18
0 288.26 168.45
0 244.31 180.84
0 440.86 287.33
0 386.30 160.42
0 651.46 268.23
1 659.41 278.86
0 308.19 201.26
1 563.19 268.46
0 619.53 232.17
0 968.15 374.12
1 686.28 244.82
0 419.70 176.59
0 489.04 234.96
0 496.98 182.33
0 162.44 104.67
0 597.59 244.55
1 380.68 192.30
0 110.90 35.68
0 666.60 258.85
0 447.17 250.09
0 469.09 196.39
0 569.27 233.38
0 487.56 305.04
0 679.22 264.02
0 120.86 37.47
1 484.93 243.74
0 619.10 246.93
0 517.05 198.49
1 820.59 319.32
0 875.59 378.30
0 1071.28 403.11
0 693.91 248.21
0 455.10 226.38
1 452.17 239.37
0 420.44 171.39
0 402.99 208.85
0 1146.22 699.32
0 514.78 202.61
0 239.47 81.99
0 978.28 405.25
0 457.67 252.45
0 487.99 221.49
0 1111.79 402.75
0 566.33 255.88
0 593.46 207.72
0 463.97 263.51
0 259.68 199.29
0 840.01 408.05
0 558.69 253.61
0 546.77 232.16
1 832.13 364.87
1 558.32 299.51
  
  
0 575.70 233.57
0 1022.38 392.78
0 600.96 280.29
0 142.51 64.49
0 366.51 206.50
0 290.08 145.85
0 807.42 281.51
0 200.44 128.04
0 511.94 207.85
1 334.64 177.28
0 1028.94 516.36
0 950.74 406.52
0 537.87 279.34
0 719.57 436.73
0 611.42 223.47
0 472.47 187.45
0 560.84 246.27
0 554.01 278.82
0 363.12 174.77
0 674.66 257.68
0 757.90 242.58
0 761.73 323.61
0 226.44 132.63
0 1159.86 538.24
0 380.82 126.92
0 602.04 359.72
0 749.05 314.90
0 861.69 366.66
0 236.32 172.65
0 581.52 200.70
0 407.82 182.39
0 559.35 216.32
0 231.40 154.99
0 388.22 144.99
0 865.68 289.46
0 404.21 196.69
0 986.22 488.04
0 912.93 482.50
0 478.38 190.94
0 913.06 369.17
0 417.47 186.23
0 514.15 240.24
0 734.19 339.58
0 490.16 235.85
0 557.56 237.46
0 473.52 215.88
0 319.16 140.65
0 226.10 162.53
0 165.08 78.80
0 569.35 254.63
0 616.80 295.54
1 375.12 197.47
0 439.32 185.50
0 269.83 163.26
1 459.99 256.32
0 712.04 327.89
0 553.23 216.00
0 3055.25 1446.15
0 982.72 417.92
0 394.52 305.09
0 861.17 278.01
0 502.21 257.32
0 543.76 218.87
0 394.35 221.98
0 766.07 311.87
0 575.65 312.37
0 407.56 251.75
0 149.80 48.77
0 195.42 71.21
0 518.40 202.47
1 824.21 284.16
1 395.12 135.21
0 752.62 228.05
1 555.54 238.12
0 638.20 264.36
0 955.32 360.08
0 1059.45 551.36
0 627.69 333.69
0 459.41 286.34
0 154.92 73.91
0 607.92 280.92
0 578.13 218.29
0 170.03 75.17
0 151.59 57.30
0 509.02 196.89
0 513.21 216.98
0 227.27 127.16
0 473.08 189.91
0 185.46 178.69
0 832.95 400.60
0 577.95 240.73
0 1027.23 440.46
0 144.24 39.51
0 441.47 237.70
0 751.27 292.84
0 519.32 225.40
0 775.45 245.19
1 335.22 162.30
0 688.41 253.79
0 916.87 485.25
0 130.16 31.81
0 756.03 280.79
0 671.98 265.03
0 509.34 275.17
0 667.77 321.32
0 215.20 120.49
0 618.46 251.14
0 272.08 188.04
0 850.49 300.57
0 240.72 176.35
0 536.64 246.55
1 644.37 318.40
0 2314.38 1079.94
0 615.54 318.11
0 704.56 286.69
0 638.88 237.92
0 485.62 189.49
0 394.87 181.42
0 1016.42 387.29
1 543.01 217.80
0 608.57 315.05
0 515.40 259.58
0 782.10 304.96
0 509.87 252.69
1 451.26 192.90
1 473.29 222.08
0 985.38 481.14
0 1768.48 664.28
0 505.62 262.49
0 248.45 205.56
0 445.62 200.94
1 734.21 316.41
0 1783.67 921.43
0 746.48 353.16
0 326.22 238.90
0 671.50 320.84
0 854.06 453.92
0 557.23 239.80
0 475.17 225.46
0 903.60 388.73
0 572.38 305.26
0 200.14 66.95
0 556.20 197.21
0 607.61 251.53
0 670.55 271.95
0 431.44 174.44
0 166.94 7.25
0 676.82 273.74
0 554.00 249.79
0 785.29 281.80
1 740.84 318.42
0 733.87 354.73
1 261.79 143.51
