791 0 0 0 0 0 0 0 0 0 0 0 0 0 0 0 0 0 
792 0 0 0 0 0 0 0 0 0 0 0 0 0 0 0 0 0 
793 0 0 0 0 0 0 0 0 0 0 0 0 0 0 0 0 0 
794 1 0 0 0 0 8 0 0 2 0 0 0 0 0 0 0 0 
795 0 0 0 0 0 2 0 0 0 0 0 0 0 0 0 0 0 
796 0 0 0 0 0 2 0 0 0 0 0 0 0 0 0 0 0 
797 0 0 0 0 0 3 0 0 0 0 0 0 0 0 0 0 0 
798 1 0 0 0 0 2 0 0 0 0 0 0 0 0 0 0 0 
799 1 0 0 0 0 1 0 0 1 0 0 0 0 0 0 0 0 
800 0 0 0 0 0 2 0 0 0 0 0 0 0 0 0 0 0 
801 0 0 0 0 0 6 0 0 0 0 0 0 0 0 0 0 0 
802 0 1 0 0 0 6 1 0 0 0 0 0 0 0 0 0 0 
803 1 0 0 0 0 2 0 0 2 0 0 0 0 0 0 0 0 
804 0 0 0 0 0 2 0 0 0 0 0 0 0 0 0 0 0 
805 1 0 0 1 0 1 1 0 1 1 0 0 0 0 0 0 0 
806 1 0 0 1 0 1 1 0 1 1 0 0 0 0 0 0 0 
807 1 0 0 0 0 1 0 0 1 0 0 0 0 0 0 0 0 
808 0 1 0 0 0 1 1 0 0 0 0 0 0 0 0 0 0 
809 0 0 0 0 0 0 0 0 0 0 0 0 0 0 0 0 0 
810 0 0 0 0 0 1 0 0 0 0 0 0 0 0 0 0 0 
811 0 0 0 0 0 0 0 0 0 0 0 0 0 0 0 0 0 
812 0 0 0 0 0 0 0 0 0 0 0 0 0 0 0 0 0 
813 1 0 0 1 0 1 1 0 1 1 0 0 0 0 0 0 0 
814 1 0 0 0 0 0 0 0 0 0 0 0 0 0 0 0 0 
815 0 0 0 0 0 0 0 0 0 0 0 0 0 0 0 0 0 
816 0 0 0 0 0 0 0 0 0 0 0 0 0 0 0 0 0 
817 0 0 0 0 0 0 0 0 0 0 0 0 0 0 0 0 0 
818 0 0 0 0 0 0 0 0 0 0 0 0 0 0 0 0 0 
819 1 0 0 1 0 2 0 0 2 0 0 0 0 0 0 0 0 
820 1 0 0 0 0 3 0 0 1 0 0 0 0 0 0 0 0 
821 0 0 0 0 0 0 0 0 0 0 0 0 0 0 0 0 0 
822 1 1 0 0 0 6 2 0 0 0 0 0 0 0 0 0 0 
823 0 0 0 0 0 0 0 0 0 0 0 0 0 0 0 0 0 
824 0 1 0 0 0 3 0 0 0 0 0 0 0 0 0 0 0 
825 0 0 0 0 0 0 0 0 0 0 0 0 0 0 0 0 0 
826 0 0 0 0 0 0 0 0 0 0 0 0 0 0 0 0 0 
827 0 0 0 0 0 3 0 0 0 0 0 0 0 0 0 0 0 
828 0 0 0 0 0 0 0 0 0 0 0 0 0 0 0 0 0 
829 0 0 0 0 0 2 0 0 0 0 0 0 0 0 0 0 0 
830 1 0 0 2 0 0 0 0 0 0 0 0 0 0 0 0 0 
831 2 0 1 0 0 1 0 0 0 0 0 0 0 0 0 0 0 
832 0 0 0 0 0 2 0 0 0 0 0 0 0 0 0 0 0 
833 0 1 0 0 0 1 1 0 0 0 0 0 0 0 0 0 0 
834 0 0 0 0 0 0 0 0 0 0 0 0 0 0 0 0 0 
835 0 0 0 0 0 0 0 0 0 0 0 0 0 0 0 0 0 
836 0 0 0 0 0 0 0 0 0 0 0 0 0 0 0 0 0 
837 0 0 0 0 0 0 0 0 0 0 0 0 0 0 0 0 0 
838 0 0 0 0 0 0 0 0 0 0 0 0 0 0 0 0 0 
839 0 0 0 0 0 0 0 0 0 0 0 0 0 0 0 0 0 
840 0 0 0 0 0 0 0 0 0 0 0 0 0 0 0 0 0 
841 0 0 0 0 0 0 0 0 0 0 0 0 0 0 0 0 0 
842 1 0 0 2 0 0 0 0 0 0 0 0 0 0 0 0 0 
843 2 0 1 0 0 0 0 0 0 0 0 0 0 0 0 0 0 
844 0 0 0 0 0 0 0 0 0 0 0 0 0 0 0 0 0 
845 0 0 0 0 0 0 0 0 0 0 0 0 0 0 0 0 0 
846 0 0 0 0 0 0 0 0 0 0 0 0 0 0 0 0 0 
847 0 0 0 0 0 0 0 0 0 0 0 0 0 0 0 0 0 
848 0 0 0 0 0 0 0 0 0 0 0 0 0 0 0 0 0 
849 0 0 0 0 0 0 0 0 0 0 0 0 0 0 0 0 0 
850 0 0 0 0 0 0 0 0 0 0 0 0 0 0 0 0 0 
851 0 0 0 0 0 0 0 0 0 0 0 0 0 0 0 0 0 
