1 1 1.84
2 10 29.25
3 9 23.32
4 10 15.04
5 5 23.82
6 23 16.23
7 17 13.82
8 17 8.40
9 6 2.79
10 7 3.58
11 1 0.01
12 1 0.01
13 1 0.01
14 1 1.85
15 1 0.01
16 1 0.01
17 1 0.01
18 8 68.23
19 20 25.92
20 14 13.97
21 17 21.06
22 17 10.11
23 17 9.26
24 6 5.34
25 1 1.84
26 1 0.01
27 1 0.01
28 1 0.01
29 1 0.01
30 25 10.56
31 2 16.79
32 20 16.81
33 20 38.70
34 14 19.52
35 10 29.42
36 18 20.90
37 23 26.94
38 16 30.40
39 14 20.68
40 25 6.26
41 20 27.44
42 5 19.03
43 21 26.34
44 7 5.27
45 2 8.73
46 11 18.70
47 23 17.05
48 25 1.50
49 17 14.22
50 2 11.01
51 6 7.13
52 7 3.56
53 1 0.01
54 1 0.01
55 1 0.01
56 2 12.94
57 2 22.95
58 1 0.01
59 5 25.48
60 18 25.62
61 10 22.47
62 11 24.24
63 9 18.91
64 10 17.39
65 10 33.80
66 5 24.40
67 9 16.92
68 10 19.71
69 11 21.04
70 12 23.60
71 21 23.98
72 2 7.69
73 18 25.18
74 21 30.31
75 9 22.34
76 20 21.75
77 9 21.79
78 18 35.97
79 20 39.15
80 2 8.51
81 9 17.38
82 23 36.95
83 17 16.61
84 17 16.39
85 25 9.75
86 15 8.08
87 1 1.84
88 1 0.01
89 1 0.01
90 1 0.01
91 1 0.01
92 1 0.01
93 1 0.01
94 17 10.50
95 25 8.20
96 25 4.56
97 1 1.83
98 1 0.01
99 1 0.01
100 22 52.66
101 20 21.56
102 2 8.16
103 11 35.16
104 5 22.68
105 2 8.73
106 10 28.26
107 11 28.55
108 2 9.12
109 11 37.70
110 10 21.03
111 21 18.68
112 9 12.68
113 17 26.71
114 25 6.26
115 23 9.20
116 17 9.96
117 17 17.36
118 7 4.44
119 1 1.84
120 1 0.01
121 1 0.01
122 1 0.01
123 1 0.01
124 1 0.01
125 1 0.01
126 25 1.24
127 1 0.01
128 7 5.54
129 1 0.01
130 17 14.26
131 17 13.40
132 6 10.17
133 6 9.71
134 1 1.83
135 1 0.01
136 1 0.01
137 1 0.01
138 1 0.01
139 14 14.30
140 23 20.83
141 17 8.77
142 7 4.42
143 2 10.70
144 2 18.97
145 1 0.01
146 23 11.37
147 17 11.54
148 17 9.76
149 25 8.68
150 6 4.46
151 1 1.84
152 1 0.01
153 1 0.01
154 25 4.67
155 1 0.01
156 1 0.01
157 1 0.01
158 20 35.47
159 20 16.08
160 2 7.80
161 18 40.15
162 18 40.32
163 16 49.22
164 10 22.31
165 13 19.12
166 16 23.26
167 16 20.77
168 10 49.40
169 14 17.70
170 17 12.53
171 14 50.69
172 7 24.60
173 1 1.83
174 1 0.01
175 25 7.06
176 6 6.63
177 1 1.83
178 1 1.83
179 6 6.20
180 25 2.22
181 1 0.01
182 20 39.75
183 2 18.00
184 17 30.59
185 1 1.84
186 25 1.50
187 2 11.82
188 6 7.18
189 25 3.34
190 1 0.01
191 1 0.01
192 1 1.85
193 1 0.01
194 1 0.01
195 22 44.12
196 10 18.78
197 5 14.05
198 9 17.03
199 10 20.15
200 11 20.31
201 23 20.22
202 18 39.29
203 2 8.85
204 20 24.92
205 21 26.33
206 7 2.87
207 2 9.37
208 11 26.68
209 18 24.64
210 9 31.11
211 2 9.09
212 14 15.57
213 23 17.47
214 2 20.43
215 25 8.42
216 7 6.73
217 1 1.83
218 1 0.01
219 1 0.01
220 1 0.01
221 1 1.84
222 1 0.01
223 1 0.01
224 7 5.17
225 1 0.01
226 20 24.96
227 23 31.95
228 7 3.80
229 2 21.08
230 11 23.94
231 21 76.43
232 23 46.56
233 25 7.01
234 23 17.11
235 2 13.44
236 15 8.83
237 7 8.75
238 1 0.01
239 1 0.01
240 1 0.01
241 1 0.01
242 17 12.27
243 7 7.25
244 7 2.43
245 25 2.67
246 25 2.80
247 1 1.85
248 1 0.01
249 1 1.86
250 22 46.62
251 18 29.27
252 2 7.78
253 10 24.82
254 2 23.86
255 9 19.33
256 2 8.16
257 2 17.83
258 5 39.37
259 7 2.90
260 25 2.69
261 17 17.46
262 6 6.30
263 15 6.04
264 1 1.83
265 1 0.01
266 1 0.01
267 1 0.01
268 1 1.84
269 1 0.01
270 1 0.01
271 5 30.06
272 21 24.78
273 25 1.52
274 2 22.57
275 17 18.12
276 17 8.47
277 1 0.01
278 25 5.07
279 6 2.64
280 1 0.01
281 1 0.01
282 1 1.83
283 1 0.01
284 1 0.01
285 1 0.01
286 25 5.26
287 15 6.17
288 25 3.33
289 1 0.01
290 1 0.01
291 1 0.01
292 1 0.01
293 1 0.01
294 1 0.01
295 1 0.01
296 1 0.01
297 1 0.01
298 1 0.01
299 1 0.01
300 1 0.01
301 1 0.01
302 5 47.17
303 25 2.91
304 2 12.94
305 6 3.35
306 17 15.39
307 1 0.01
308 1 0.01
309 1 0.01
310 2 11.83
311 2 11.72
312 2 11.44
313 1 0.01
314 1 0.01
315 2 24.68
316 17 16.79
317 25 5.21
318 7 6.60
319 7 2.72
320 6 3.00
321 1 1.83
322 1 0.01
323 1 0.01
324 1 1.85
325 1 0.01
326 1 0.01
327 1 0.01
328 1 0.01
329 1 0.01
330 1 0.01
331 1 0.01
332 1 0.01
333 1 0.01
334 1 0.01
335 1 0.01
336 1 0.01
