1722 0 0 0 0 0 1 0 0 0 0 0 0 0 0 0 0 0 
1723 0 0 0 0 0 0 0 0 0 0 0 0 0 0 0 0 0 
1724 0 1 0 0 0 2 1 0 0 0 0 0 0 0 0 0 0 
1725 0 1 0 0 0 2 1 0 0 0 0 0 0 0 0 0 0 
1726 0 0 0 0 0 1 0 0 0 0 0 0 0 0 0 0 0 
1727 0 0 0 0 0 0 0 0 0 0 0 0 0 0 0 0 0 
1728 1 0 0 0 0 5 0 0 0 0 0 0 0 0 0 0 0 
1729 0 0 0 0 0 0 0 0 0 0 0 0 0 0 0 0 0 
1730 2 2 1 0 0 15 2 0 0 0 0 0 0 0 0 0 0 
1731 0 1 0 0 0 1 1 0 0 0 0 0 0 0 0 0 0 
1732 0 0 0 0 0 0 0 0 0 0 0 0 0 0 0 0 0 
1733 0 0 0 0 0 0 0 0 0 0 0 0 0 0 0 0 0 
1734 0 0 0 0 0 0 0 0 0 0 0 0 0 0 0 0 0 
1735 0 0 0 0 0 0 0 0 0 0 0 0 0 0 0 0 0 
1736 0 0 0 0 0 6 0 0 0 0 0 0 0 0 0 0 0 
1737 0 0 0 0 0 2 0 0 0 0 0 0 0 0 0 0 0 
1738 0 0 0 0 0 0 0 0 0 0 0 0 0 0 0 0 0 
1739 1 0 0 0 0 1 0 0 0 0 0 0 0 0 0 0 0 
1740 0 0 0 0 0 0 0 0 0 0 0 0 0 0 0 0 0 
1741 0 1 0 0 0 2 1 0 0 0 0 0 0 0 0 0 0 
1742 0 0 0 0 0 4 0 0 0 0 0 0 0 0 0 0 0 
1743 0 0 0 0 0 1 0 0 0 0 0 0 0 0 0 0 0 
1744 0 0 0 0 0 0 0 0 0 0 0 0 0 0 0 0 0 
1745 0 0 0 0 0 0 0 0 0 0 0 0 0 0 0 0 0 
1746 0 0 0 0 0 0 0 0 0 0 0 0 0 0 0 0 0 
1747 0 0 0 0 0 1 0 0 0 0 0 0 0 0 0 0 0 
1748 0 0 0 0 0 0 0 0 0 0 0 0 0 0 0 0 0 
1749 0 0 0 0 0 1 0 0 0 0 0 0 0 0 0 0 0 
1750 0 0 0 0 0 0 0 0 0 0 0 0 0 0 0 0 0 
1751 1 0 0 0 0 1 0 0 0 0 0 0 0 0 0 0 0 
1752 0 0 0 0 0 0 0 0 0 0 0 0 0 0 0 0 0 
1753 0 0 0 0 0 0 0 0 0 0 0 0 0 0 0 0 0 
1754 1 0 0 0 0 1 0 0 1 0 0 0 0 0 0 0 0 
1755 0 1 0 0 0 3 3 0 0 0 0 1 1 0 0 0 0 
1756 0 0 0 0 0 0 0 0 0 0 0 0 0 0 0 0 0 
1757 1 0 0 1 0 2 0 0 2 0 0 0 0 0 0 0 0 
1758 2 1 1 1 0 4 1 0 2 0 0 3 1 0 1 0 0 
1759 2 1 1 1 0 4 0 0 4 0 0 2 0 0 2 0 0 
1760 2 1 1 1 0 2 1 0 1 0 0 0 0 0 0 0 0 
1761 0 1 0 0 0 1 1 0 0 0 0 1 1 0 0 0 0 
1762 0 0 0 0 0 0 0 0 0 0 0 0 0 0 0 0 0 
1763 1 0 0 0 0 0 0 0 0 0 0 0 0 0 0 0 0 
1764 0 0 0 0 0 0 0 0 0 0 0 0 0 0 0 0 0 
1765 0 0 0 0 0 1 0 0 0 0 0 0 0 0 0 0 0 
1766 0 0 0 0 0 0 0 0 0 0 0 0 0 0 0 0 0 
1767 0 1 0 0 0 1 1 0 0 0 0 0 0 0 0 0 0 
1768 0 0 0 0 0 0 0 0 0 0 0 0 0 0 0 0 0 
1769 0 0 0 0 0 0 0 0 0 0 0 0 0 0 0 0 0 
1770 0 0 0 0 0 0 0 0 0 0 0 0 0 0 0 0 0 
1771 0 0 0 0 0 1 0 0 0 0 0 0 0 0 0 0 0 
1772 0 0 0 0 0 0 0 0 0 0 0 0 0 0 0 0 0 
1773 1 0 0 0 0 5 0 0 1 0 0 0 0 0 0 0 0 
1774 0 0 0 0 0 2 0 0 0 0 0 0 0 0 0 0 0 
1775 1 0 0 1 0 2 1 0 2 1 0 0 0 0 0 0 0 
1776 1 0 0 0 0 1 0 0 0 0 0 0 0 0 0 0 0 
1777 0 0 0 0 0 0 0 0 0 0 0 0 0 0 0 0 0 
1778 0 0 0 0 0 0 0 0 0 0 0 0 0 0 0 0 0 
1779 1 0 0 0 0 1 0 0 1 0 0 0 0 0 0 0 0 
1780 0 1 0 0 0 1 1 0 0 0 0 0 0 0 0 0 0 
1781 0 0 0 0 0 0 0 0 0 0 0 0 0 0 0 0 0 
1782 0 0 0 0 0 0 0 0 0 0 0 0 0 0 0 0 0 
1783 0 0 0 0 0 0 0 0 0 0 0 0 0 0 0 0 0 
1784 1 2 0 1 0 14 2 0 6 0 0 4 1 0 1 0 0 
1785 0 1 0 0 0 4 0 0 0 0 0 1 0 0 0 0 0 
1786 1 0 0 1 0 4 0 0 4 0 0 1 0 0 1 0 0 
1787 2 1 1 2 0 14 2 0 10 0 0 5 1 0 3 0 0 
1788 2 1 1 2 0 9 2 0 5 0 0 3 1 0 1 0 0 
1789 2 1 1 1 0 4 1 0 2 0 0 3 1 0 1 0 0 
1790 2 1 1 1 0 1 0 0 1 0 0 1 0 0 1 0 0 
1791 2 1 1 0 0 2 0 0 2 0 0 0 0 0 0 0 0 
1792 0 1 0 0 0 1 1 0 0 0 0 0 0 0 0 0 0 
1793 0 0 0 0 0 0 0 0 0 0 0 0 0 0 0 0 0 
1794 0 0 0 0 0 0 0 0 0 0 0 0 0 0 0 0 0 
1795 0 0 0 0 0 0 0 0 0 0 0 0 0 0 0 0 0 
1796 0 0 0 0 0 0 0 0 0 0 0 0 0 0 0 0 0 
1797 0 0 0 0 0 0 0 0 0 0 0 0 0 0 0 0 0 
1798 0 0 0 0 0 0 0 0 0 0 0 0 0 0 0 0 0 
1799 0 0 0 0 0 0 0 0 0 0 0 0 0 0 0 0 0 
1800 0 0 0 0 0 0 0 0 0 0 0 0 0 0 0 0 0 
1801 0 0 0 0 0 0 0 0 0 0 0 0 0 0 0 0 0 
1802 0 0 0 0 0 0 0 0 0 0 0 0 0 0 0 0 0 
1803 0 0 0 0 0 0 0 0 0 0 0 0 0 0 0 0 0 
1804 0 0 0 0 0 0 0 0 0 0 0 0 0 0 0 0 0 
1805 0 0 0 0 0 0 0 0 0 0 0 0 0 0 0 0 0 
1806 0 0 0 0 0 0 0 0 0 0 0 0 0 0 0 0 0 
1807 0 0 0 0 0 0 0 0 0 0 0 0 0 0 0 0 0 
1808 0 0 0 0 0 0 0 0 0 0 0 0 0 0 0 0 0 
1809 0 0 0 0 0 0 0 0 0 0 0 0 0 0 0 0 0 
1810 0 0 0 0 0 0 0 0 0 0 0 0 0 0 0 0 0 
