#PDB	RANK	SIZE	CONFD	RESIDUES
3D1E	0	55	0.157	144,145,172,173,175,175,176,176,177,240,240,241,242,242,243,243,244,245,247,247,248,249,317,319,320,322,323,325,326,326,327,328,329,329,330,344,345,346,347,348,358,359,360,360,361,362,362,363,363,364,364,365,365,366,366
3D1E	1	11	0.033	150,151,151,152,152,153,153,154,155,156,237
3D1E	2	9	0.029	122,221,221,222,235,236,237,238,238
3D1E	3	11	0.039	266,268,269,269,270,271,272,272,273,302,304
3D1E	4	6	0.070	273,296,298,298,300,300
3D1E	5	11	0.036	78,82,99,101,103,104,104,106,106,107,108
3D1E	6	9	0.062	116,117,118,118,119,120,120,121,122
3D1E	7	7	0.042	24,24,25,27,28,28,29
3D1E	8	11	0.049	71,73,74,74,75,76,77,77,78,80,108
