5 1 0.01
6 1 1.80
7 1 0.01
8 9 2.84
9 1 1.76
10 1 0.01
11 1 0.01
12 9 2.98
13 1 1.79
14 1 0.01
15 1 0.01
16 1 0.01
17 1 0.01
18 1 0.01
19 14 26.40
20 2 8.78
21 9 6.80
22 14 1.21
23 14 1.02
24 1 0.01
25 1 0.01
26 1 0.01
27 1 0.01
28 14 1.19
29 1 0.01
30 1 0.01
31 1 1.76
32 1 0.01
33 1 0.01
34 1 0.01
35 1 0.01
36 1 1.78
37 1 0.01
38 1 0.01
39 1 0.01
40 1 0.01
41 1 0.01
42 1 0.01
43 1 0.01
44 1 0.01
45 1 0.01
46 1 0.01
47 1 0.01
48 14 1.19
49 1 0.01
50 1 0.01
51 1 0.01
52 1 0.01
53 1 0.01
54 1 0.01
55 1 0.01
56 9 4.56
57 9 3.82
58 1 0.01
59 1 0.01
60 1 0.01
61 1 0.01
62 1 0.01
63 1 0.01
