1 14 1.19
2 1 0.01
3 14 0.99
4 14 1.02
5 1 0.01
6 1 0.01
7 9 5.37
8 1 0.01
9 1 0.01
10 14 0.99
11 25 4.53
12 14 1.05
13 1 0.01
14 1 0.01
15 1 0.01
16 1 0.01
17 1 0.01
18 1 0.01
19 1 0.01
20 1 0.01
21 14 0.99
22 14 1.05
23 1 0.01
24 1 0.01
25 9 13.07
26 1 0.01
27 1 0.01
28 1 0.01
29 1 0.01
30 1 0.01
31 1 2.00
32 1 0.01
33 14 4.20
34 14 2.48
35 11 31.38
36 14 36.69
37 1 0.01
38 14 2.67
39 14 6.77
40 1 0.01
41 14 2.77
42 1 2.00
43 14 6.07
44 14 0.99
45 25 15.00
46 1 0.01
47 14 1.19
48 14 1.05
49 9 7.11
50 9 3.57
51 1 0.01
52 14 1.05
53 1 0.01
54 9 6.70
55 1 0.01
56 1 0.01
57 1 0.01
58 14 4.41
59 14 1.21
60 1 0.01
61 1 0.01
62 25 4.28
63 1 0.01
64 1 0.01
65 1 0.01
66 1 0.01
67 1 0.01
68 14 1.14
69 1 0.01
70 1 0.01
71 1 0.01
72 1 0.01
73 9 13.58
74 1 0.01
75 1 0.01
76 1 0.01
77 25 15.54
78 1 0.01
79 1 1.76
80 1 0.01
81 1 0.01
82 1 0.01
83 1 0.01
84 1 1.78
85 1 0.01
86 1 0.01
87 1 0.01
88 1 0.01
89 1 0.01
90 1 0.01
91 1 0.01
92 14 0.99
93 14 1.02
94 14 1.30
95 1 0.01
96 1 0.01
97 1 0.01
98 1 0.01
99 1 0.01
100 1 0.01
101 1 0.01
102 14 1.21
103 1 0.01
104 1 0.01
105 1 0.01
106 1 0.01
107 1 0.01
108 1 0.01
109 1 0.01
110 1 0.01
111 10 14.33
112 10 9.77
113 9 4.59
114 14 1.22
115 1 0.01
116 1 0.01
117 9 3.31
118 1 0.01
119 1 0.01
120 1 0.01
121 1 0.01
122 1 0.01
123 1 0.01
124 1 0.01
125 1 0.01
126 1 0.01
127 1 0.01
128 9 6.44
129 10 12.25
130 14 4.31
131 1 0.01
132 9 2.45
133 1 0.01
134 1 0.01
135 1 0.01
136 1 0.01
137 1 1.78
138 1 0.01
139 1 0.01
140 1 0.01
141 21 39.59
142 17 10.45
143 9 4.99
144 14 6.13
145 1 0.01
146 9 6.65
147 14 1.29
148 1 0.01
149 1 0.01
150 1 0.01
151 1 0.01
152 9 3.82
153 1 0.01
154 1 0.01
155 1 0.01
156 14 1.29
157 1 0.01
158 1 0.01
159 1 0.01
160 1 0.01
161 1 0.01
162 1 0.01
163 1 0.01
164 1 0.01
165 1 0.01
166 1 0.01
167 1 0.01
168 1 0.01
169 1 0.01
170 1 0.01
171 1 0.01
172 9 2.77
173 9 3.31
174 1 0.01
175 1 0.01
176 1 0.01
177 1 0.01
178 1 0.01
179 1 0.01
180 1 0.01
181 1 0.01
182 1 0.01
183 14 1.28
184 1 0.01
185 1 0.01
186 1 0.01
187 1 1.78
188 14 1.05
189 1 0.01
190 1 0.01
191 1 0.01
192 1 1.79
193 1 2.00
194 1 0.01
195 14 1.30
196 1 0.01
197 9 6.96
198 14 4.57
199 1 0.01
200 1 0.01
201 1 0.01
202 9 2.92
203 1 1.79
204 1 0.01
205 1 0.01
206 1 1.76
207 1 0.01
208 1 0.01
209 1 0.01
210 1 0.01
211 1 0.01
212 1 0.01
213 14 2.67
214 1 0.01
215 14 5.66
216 1 0.01
217 9 7.08
218 1 0.01
219 1 0.01
220 9 2.54
221 10 13.50
222 1 0.01
223 14 5.88
224 1 0.01
225 14 4.47
226 24 21.32
227 17 31.60
228 9 6.51
229 17 16.12
230 17 14.44
231 1 5.78
232 14 2.53
233 14 4.26
234 14 1.25
235 1 0.01
236 1 0.01
237 14 1.14
238 1 0.01
239 1 0.01
240 1 0.01
241 1 0.01
242 1 0.01
243 9 7.64
244 1 0.01
245 1 0.01
246 1 0.01
247 1 0.01
248 1 0.01
249 1 1.79
250 1 0.01
251 1 0.01
252 9 3.31
253 1 0.01
254 1 0.01
255 1 0.01
256 1 0.01
257 1 0.01
258 1 0.01
259 1 0.01
260 1 0.01
261 1 0.01
262 1 0.01
263 1 0.01
264 14 4.49
265 14 1.28
266 1 0.01
267 1 0.01
268 1 0.01
269 1 0.01
270 1 0.01
271 1 0.01
272 10 11.50
273 9 5.05
274 14 4.29
275 1 0.01
276 1 3.78
277 1 0.01
278 1 1.80
279 1 0.01
280 1 0.01
281 14 1.22
282 9 2.54
283 1 1.76
284 1 0.01
285 1 1.78
286 1 0.01
287 1 0.01
288 1 0.01
289 1 1.79
290 14 1.14
291 1 0.01
292 1 0.01
293 1 0.01
294 1 1.76
295 14 3.95
296 1 0.01
297 1 0.01
298 1 0.01
299 1 0.01
300 1 0.01
301 1 0.01
302 1 1.80
303 1 0.01
304 2 10.95
305 10 10.97
306 1 0.01
307 14 2.53
308 14 2.11
309 14 1.02
310 1 0.01
311 1 0.01
312 1 0.01
313 1 0.01
314 1 0.01
315 1 0.01
316 1 1.80
317 1 0.01
318 1 0.01
319 1 0.01
320 1 0.01
321 1 0.01
322 1 0.01
323 1 0.01
324 1 0.01
325 1 0.01
326 1 0.01
327 1 0.01
328 1 0.01
