253 0 0 0 0 0 0 0 0 0 0 0 0 0 0 0 0 0 
254 0 0 0 0 0 0 0 0 0 0 0 0 0 0 0 0 0 
255 0 0 0 0 0 1 0 0 0 0 0 0 0 0 0 0 0 
256 0 0 0 0 0 0 0 0 0 0 0 0 0 0 0 0 0 
257 0 0 0 0 0 0 0 0 0 0 0 0 0 0 0 0 0 
258 2 0 1 0 0 4 0 0 0 0 0 0 0 0 0 0 0 
259 3 0 0 1 3 12 0 0 1 0 0 1 0 0 1 0 0 
260 2 0 1 1 0 1 0 0 1 0 0 0 0 0 0 0 0 
261 0 0 0 0 0 0 0 0 0 0 0 0 0 0 0 0 0 
262 1 0 0 1 0 3 3 0 3 3 0 0 0 0 0 0 0 
263 1 0 0 2 0 6 6 0 6 6 0 2 2 0 2 2 0 
264 2 1 1 2 0 10 1 0 8 0 0 1 0 0 1 0 0 
265 2 1 1 1 0 12 2 0 8 0 0 4 1 0 2 0 0 
266 1 2 0 1 0 10 1 0 4 0 0 4 0 0 2 0 0 
267 1 0 0 0 0 4 0 0 4 0 0 1 0 0 1 0 0 
268 0 2 0 0 0 12 1 0 0 0 0 1 0 0 0 0 0 
269 1 0 0 2 0 4 2 0 4 2 0 1 1 0 1 1 0 
270 2 0 1 1 0 4 0 0 3 0 0 0 0 0 0 0 0 
271 1 0 0 0 0 2 0 0 2 0 0 0 0 0 0 0 0 
272 0 1 0 0 0 8 3 0 0 0 0 0 0 0 0 0 0 
273 0 0 0 0 0 0 0 0 0 0 0 0 0 0 0 0 0 
274 0 0 0 0 0 0 0 0 0 0 0 0 0 0 0 0 0 
275 1 1 0 0 0 1 1 0 0 0 0 0 0 0 0 0 0 
276 0 0 0 0 0 0 0 0 0 0 0 0 0 0 0 0 0 
277 0 0 0 0 0 0 0 0 0 0 0 0 0 0 0 0 0 
278 0 0 0 0 0 0 0 0 0 0 0 0 0 0 0 0 0 
279 0 0 0 0 0 0 0 0 0 0 0 0 0 0 0 0 0 
280 4 0 4 3 0 22 0 0 15 0 0 8 0 0 5 0 0 
281 1 2 0 1 0 12 3 0 4 0 0 5 1 0 1 0 0 
282 1 0 0 1 0 6 0 0 6 0 0 2 0 0 2 0 0 
283 2 2 1 2 0 41 1 0 6 0 0 0 0 0 0 0 0 
284 3 1 3 2 0 9 3 0 5 2 0 0 0 0 0 0 0 
285 1 0 0 1 0 4 2 0 4 2 0 0 0 0 0 0 0 
286 1 0 0 0 0 11 0 0 2 0 0 0 0 0 0 0 0 
287 0 0 0 0 0 6 0 0 0 0 0 0 0 0 0 0 0 
288 0 0 0 0 0 1 0 0 0 0 0 0 0 0 0 0 0 
289 0 0 0 0 0 0 0 0 0 0 0 0 0 0 0 0 0 
290 0 0 0 0 0 1 0 0 0 0 0 0 0 0 0 0 0 
291 0 0 0 0 0 0 0 0 0 0 0 0 0 0 0 0 0 
292 0 1 0 0 0 1 1 0 0 0 0 0 0 0 0 0 0 
293 0 0 0 0 0 0 0 0 0 0 0 0 0 0 0 0 0 
294 1 0 0 1 0 1 1 0 1 1 0 0 0 0 0 0 0 
295 1 0 0 0 0 2 0 0 2 0 0 0 0 0 0 0 0 
296 1 0 0 0 0 1 0 0 0 0 0 0 0 0 0 0 0 
297 0 0 0 0 0 0 0 0 0 0 0 0 0 0 0 0 0 
298 0 0 0 0 0 2 0 0 0 0 0 0 0 0 0 0 0 
299 0 0 0 0 0 0 0 0 0 0 0 0 0 0 0 0 0 
300 8 0 9 1 6 15 4 0 8 4 0 2 0 0 0 0 0 
301 0 0 0 0 0 0 0 0 0 0 0 0 0 0 0 0 0 
302 0 0 0 0 0 0 0 0 0 0 0 0 0 0 0 0 0 
303 2 0 0 1 0 15 4 0 8 4 0 2 0 0 0 0 0 
304 0 0 0 0 0 0 0 0 0 0 0 0 0 0 0 0 0 
305 0 0 0 0 0 0 0 0 0 0 0 0 0 0 0 0 0 
306 0 0 0 0 0 6 0 0 0 0 0 0 0 0 0 0 0 
307 0 1 0 0 0 1 1 0 0 0 0 0 0 0 0 0 0 
308 0 0 0 0 0 0 0 0 0 0 0 0 0 0 0 0 0 
309 0 0 0 0 0 0 0 0 0 0 0 0 0 0 0 0 0 
310 0 0 0 0 0 0 0 0 0 0 0 0 0 0 0 0 0 
311 2 0 1 0 0 0 0 0 0 0 0 0 0 0 0 0 0 
312 0 0 0 0 0 0 0 0 0 0 0 0 0 0 0 0 0 
313 0 0 0 0 0 0 0 0 0 0 0 0 0 0 0 0 0 
314 0 0 0 0 0 0 0 0 0 0 0 0 0 0 0 0 0 
315 4 0 4 3 0 13 0 0 8 0 0 5 0 0 3 0 0 
316 1 2 0 0 0 17 2 0 9 0 0 4 1 0 2 0 0 
317 1 0 0 1 0 0 0 0 0 0 0 0 0 0 0 0 0 
318 2 1 1 1 0 4 0 0 4 0 0 0 0 0 0 0 0 
319 1 2 0 0 0 5 1 0 2 0 0 0 0 0 0 0 0 
320 1 0 0 1 0 15 4 0 8 4 0 0 0 0 0 0 0 
321 0 0 0 0 0 0 0 0 0 0 0 0 0 0 0 0 0 
322 0 0 0 0 0 3 0 0 0 0 0 0 0 0 0 0 0 
323 0 0 0 0 0 0 0 0 0 0 0 0 0 0 0 0 0 
324 2 0 1 0 0 0 0 0 0 0 0 0 0 0 0 0 0 
325 0 0 0 0 0 0 0 0 0 0 0 0 0 0 0 0 0 
326 0 0 0 0 0 0 0 0 0 0 0 0 0 0 0 0 0 
327 4 1 4 4 0 15 0 0 9 0 0 5 0 0 3 0 0 
328 2 1 1 1 0 7 2 0 3 0 0 3 1 0 1 0 0 
329 2 1 1 1 0 1 0 0 1 0 0 1 0 0 1 0 0 
330 2 1 1 1 0 1 0 0 1 0 0 0 0 0 0 0 0 
331 1 1 0 0 0 6 0 0 3 0 0 0 0 0 0 0 0 
332 0 0 0 0 0 0 0 0 0 0 0 0 0 0 0 0 0 
333 0 0 0 0 0 0 0 0 0 0 0 0 0 0 0 0 0 
334 0 0 0 0 0 0 0 0 0 0 0 0 0 0 0 0 0 
335 2 1 1 2 0 14 2 0 10 0 0 4 1 0 2 0 0 
336 1 2 0 1 0 14 2 0 6 0 0 4 1 0 2 0 0 
337 1 0 0 1 0 2 0 0 2 0 0 1 0 0 1 0 0 
338 2 1 1 2 0 10 1 0 8 0 0 3 0 0 3 0 0 
339 2 1 1 2 0 14 2 0 10 0 0 4 1 0 2 0 0 
340 1 2 0 1 0 14 2 0 6 0 0 5 1 0 2 0 0 
341 1 0 0 1 0 4 0 0 4 0 0 0 0 0 0 0 0 
342 2 1 1 1 0 12 2 0 8 0 0 4 1 0 2 0 0 
343 2 1 1 1 0 8 1 0 6 0 0 3 0 0 3 0 0 
344 2 1 1 2 0 10 1 0 8 0 0 2 0 0 2 0 0 
345 1 2 0 1 0 14 2 0 6 0 0 4 1 0 1 0 0 
346 0 1 0 0 0 2 0 0 0 0 0 0 0 0 0 0 0 
347 1 0 0 1 0 2 0 0 2 0 0 1 0 0 1 0 0 
348 2 1 1 2 0 6 1 0 4 0 0 3 0 0 2 0 0 
349 2 1 1 1 0 2 1 0 1 0 0 2 1 0 1 0 0 
350 0 2 0 0 0 0 0 0 0 0 0 0 0 0 0 0 0 
351 1 0 0 1 0 1 1 0 1 1 0 0 0 0 0 0 0 
352 1 0 0 0 0 0 0 0 0 0 0 0 0 0 0 0 0 
353 0 0 0 0 0 0 0 0 0 0 0 0 0 0 0 0 0 
354 0 0 0 0 0 0 0 0 0 0 0 0 0 0 0 0 0 
355 0 0 0 0 0 0 0 0 0 0 0 0 0 0 0 0 0 
