261 2 1 1 2 0 9 2 0 5 0 0 3 1 0 1 0 0 
262 2 1 1 1 0 4 1 0 2 0 0 3 1 0 1 0 0 
263 2 1 1 1 0 4 0 0 4 0 0 1 0 0 1 0 0 
264 2 1 1 0 0 7 1 0 6 0 0 1 0 0 1 0 0 
265 0 1 0 0 0 2 2 0 0 0 0 0 0 0 0 0 0 
266 0 0 0 0 0 0 0 0 0 0 0 0 0 0 0 0 0 
267 0 1 0 0 0 4 0 0 0 0 0 1 0 0 0 0 0 
268 1 0 0 1 0 4 0 0 4 0 0 1 0 0 1 0 0 
269 2 1 1 2 0 14 2 0 10 0 0 5 1 0 3 0 0 
270 2 1 1 2 0 14 2 0 10 0 0 5 1 0 3 0 0 
271 2 1 1 2 0 14 2 0 10 0 0 5 1 0 3 0 0 
272 2 1 1 2 0 14 2 0 10 0 0 4 1 0 2 0 0 
273 2 1 1 1 0 12 2 0 8 0 0 4 1 0 2 0 0 
274 2 1 1 1 0 8 1 0 6 0 0 3 0 0 3 0 0 
275 2 1 1 2 0 10 1 0 8 0 0 2 0 0 2 0 0 
276 1 2 0 1 0 14 2 0 6 0 0 4 1 0 1 0 0 
277 0 1 0 0 0 4 0 0 0 0 0 1 0 0 0 0 0 
278 1 0 0 1 0 4 0 0 4 0 0 1 0 0 1 0 0 
279 2 1 1 2 0 14 2 0 10 0 0 5 1 0 3 0 0 
280 2 1 1 2 0 14 2 0 10 0 0 5 1 0 3 0 0 
281 2 1 1 2 0 9 2 0 5 0 0 3 1 0 1 0 0 
282 2 1 1 1 0 4 1 0 2 0 0 3 1 0 1 0 0 
283 2 1 1 1 0 4 0 0 4 0 0 1 0 0 1 0 0 
284 2 1 1 0 0 4 1 0 3 0 0 0 0 0 0 0 0 
285 0 1 0 0 0 1 1 0 0 0 0 0 0 0 0 0 0 
286 0 0 0 0 0 0 0 0 0 0 0 0 0 0 0 0 0 
287 0 0 0 0 0 2 0 0 0 0 0 0 0 0 0 0 0 
288 0 0 0 0 0 0 0 0 0 0 0 0 0 0 0 0 0 
289 0 0 0 0 0 0 0 0 0 0 0 0 0 0 0 0 0 
290 0 1 0 0 0 10 1 0 0 0 0 0 0 0 0 0 0 
291 2 1 1 2 0 18 2 0 12 0 0 3 1 0 1 0 0 
292 2 1 1 1 0 19 2 0 8 0 0 4 1 0 2 0 0 
293 2 1 1 1 0 8 1 0 6 0 0 3 0 0 2 0 0 
294 2 1 1 0 0 10 1 0 8 0 0 3 0 0 3 0 0 
295 0 3 0 0 0 9 2 0 0 0 0 0 0 0 0 0 0 
296 0 2 0 0 0 0 0 0 0 0 0 0 0 0 0 0 0 
297 0 2 0 0 0 2 1 0 0 0 0 1 0 0 0 0 0 
298 0 1 0 0 0 2 2 0 0 0 0 1 1 0 0 0 0 
299 0 0 0 0 0 0 0 0 0 0 0 0 0 0 0 0 0 
300 1 0 0 0 0 1 0 0 1 0 0 0 0 0 0 0 0 
301 0 1 0 0 0 1 1 0 0 0 0 0 0 0 0 0 0 
302 0 0 0 0 0 0 0 0 0 0 0 0 0 0 0 0 0 
303 1 1 0 0 0 4 0 0 1 0 0 0 0 0 0 0 0 
304 2 1 1 2 0 18 3 0 12 0 0 5 1 0 3 0 0 
305 2 1 1 2 0 14 2 0 10 0 0 5 1 0 3 0 0 
306 2 1 1 2 0 18 2 0 12 0 0 5 1 0 3 0 0 
307 2 1 1 2 0 22 2 0 10 0 0 3 1 0 1 0 0 
308 2 1 1 1 0 17 2 0 13 0 0 4 1 0 2 0 0 
309 2 1 1 1 0 7 2 0 3 0 0 2 0 0 1 0 0 
310 2 1 1 0 0 6 0 0 6 0 0 2 0 0 2 0 0 
311 0 2 0 0 0 9 1 0 0 0 0 0 0 0 0 0 0 
312 0 2 0 0 0 8 4 0 0 0 0 0 0 0 0 0 0 
313 0 0 0 0 0 0 0 0 0 0 0 0 0 0 0 0 0 
314 0 0 0 0 0 3 0 0 0 0 0 1 0 0 0 0 0 
315 2 1 1 2 0 18 2 0 12 0 0 4 1 0 2 0 0 
316 2 2 1 1 0 30 2 0 12 0 0 5 1 0 2 0 0 
317 1 0 0 1 0 6 0 0 6 0 0 1 0 0 1 0 0 
318 2 1 1 2 0 18 3 0 12 0 0 5 1 0 3 0 0 
319 2 1 1 2 0 18 2 0 12 0 0 5 1 0 3 0 0 
320 2 1 1 2 0 36 2 0 12 0 0 5 1 0 3 0 0 
321 2 1 1 2 0 22 2 0 10 0 0 5 1 0 3 0 0 
322 2 1 1 2 0 14 2 0 10 0 0 5 1 0 3 0 0 
323 2 1 1 2 0 14 2 0 10 0 0 5 1 0 3 0 0 
324 2 1 1 2 0 14 2 0 10 0 0 5 1 0 3 0 0 
325 2 1 1 2 0 14 2 0 10 0 0 5 1 0 3 0 0 
326 2 1 1 2 0 14 2 0 10 0 0 5 1 0 3 0 0 
327 2 1 1 2 0 14 2 0 10 0 0 5 1 0 3 0 0 
328 2 1 1 2 0 14 2 0 10 0 0 5 1 0 3 0 0 
329 2 1 1 2 0 14 2 0 10 0 0 5 1 0 3 0 0 
330 2 1 1 2 0 14 2 0 10 0 0 5 1 0 3 0 0 
331 2 1 1 2 0 14 2 0 10 0 0 5 1 0 3 0 0 
332 2 1 1 2 0 14 2 0 10 0 0 6 1 0 4 0 0 
333 2 1 1 2 0 14 2 0 10 0 0 7 1 0 4 0 0 
334 2 1 1 3 0 11 2 0 7 0 0 5 1 0 3 0 0 
335 2 2 1 2 0 2 1 0 0 0 0 2 1 0 0 0 0 
336 2 1 1 3 0 1 1 0 1 1 0 1 1 0 1 1 0 
337 3 0 0 1 3 4 0 0 4 0 0 0 0 0 0 0 0 
338 2 0 1 0 0 0 0 0 0 0 0 0 0 0 0 0 0 
339 0 0 0 0 0 0 0 0 0 0 0 0 0 0 0 0 0 
340 0 0 0 0 0 0 0 0 0 0 0 0 0 0 0 0 0 
341 0 1 0 0 0 3 3 0 0 0 0 1 1 0 0 0 0 
342 0 0 0 0 0 0 0 0 0 0 0 0 0 0 0 0 0 
343 2 1 1 1 0 4 0 0 4 0 0 1 0 0 1 0 0 
344 2 1 1 1 0 11 4 0 10 3 0 0 0 0 0 0 0 
345 0 1 0 0 0 3 3 0 0 0 0 0 0 0 0 0 0 
346 0 0 0 0 0 0 0 0 0 0 0 0 0 0 0 0 0 
347 1 0 0 2 0 9 6 0 9 6 0 2 2 0 2 2 0 
348 3 1 2 3 0 50 6 0 24 3 0 6 2 0 4 1 0 
349 2 1 1 2 0 14 2 0 10 0 0 5 1 0 3 0 0 
350 2 1 1 2 0 22 2 0 14 0 0 4 1 0 2 0 0 
351 3 1 1 2 0 42 2 0 10 0 0 6 1 0 4 0 0 
352 2 1 1 2 0 10 1 0 8 0 0 2 0 0 2 0 0 
353 2 1 1 1 0 7 2 0 3 0 0 2 1 0 0 0 0 
354 1 2 0 0 0 1 0 0 1 0 0 1 0 0 1 0 0 
355 1 0 0 1 0 4 0 0 4 0 0 1 0 0 1 0 0 
356 1 1 0 1 0 11 2 0 6 0 0 1 0 0 1 0 0 
357 0 0 0 0 0 0 0 0 0 0 0 0 0 0 0 0 0 
358 0 0 0 0 0 0 0 0 0 0 0 0 0 0 0 0 0 
359 2 1 1 2 0 14 2 0 10 0 0 5 1 0 3 0 0 
360 2 1 1 2 0 14 2 0 10 0 0 5 1 0 3 0 0 
361 2 1 1 2 0 14 2 0 10 0 0 3 1 0 1 0 0 
362 2 1 1 1 0 12 2 0 8 0 0 4 1 0 2 0 0 
363 2 1 1 1 0 8 1 0 6 0 0 4 0 0 3 0 0 
364 2 1 1 1 0 12 1 0 10 0 0 3 0 0 3 0 0 
365 0 2 0 0 0 22 2 0 0 0 0 2 1 0 0 0 0 
366 0 2 0 0 0 2 1 0 0 0 0 0 0 0 0 0 0 
367 1 0 0 2 0 0 0 0 0 0 0 0 0 0 0 0 0 
368 2 1 1 0 0 1 0 0 0 0 0 0 0 0 0 0 0 
369 0 1 0 0 0 2 2 0 0 0 0 0 0 0 0 0 0 
370 0 0 0 0 0 0 0 0 0 0 0 0 0 0 0 0 0 
371 0 0 0 0 0 2 0 0 0 0 0 0 0 0 0 0 0 
372 0 0 0 0 0 15 0 0 0 0 0 0 0 0 0 0 0 
373 5 0 6 0 0 0 0 0 0 0 0 0 0 0 0 0 0 
374 0 1 0 0 0 1 1 0 0 0 0 0 0 0 0 0 0 
375 0 0 0 0 0 0 0 0 0 0 0 0 0 0 0 0 0 
376 0 0 0 0 0 0 0 0 0 0 0 0 0 0 0 0 0 
377 0 0 0 0 0 0 0 0 0 0 0 0 0 0 0 0 0 
378 0 0 0 0 0 0 0 0 0 0 0 0 0 0 0 0 0 
379 0 0 0 0 0 1 0 0 0 0 0 0 0 0 0 0 0 
380 0 0 0 0 0 0 0 0 0 0 0 0 0 0 0 0 0 
381 0 1 0 0 0 1 1 0 0 0 0 0 0 0 0 0 0 
382 0 0 0 0 0 0 0 0 0 0 0 0 0 0 0 0 0 
383 0 0 0 0 0 0 0 0 0 0 0 0 0 0 0 0 0 
384 0 0 0 0 0 0 0 0 0 0 0 0 0 0 0 0 0 
385 0 0 0 0 0 0 0 0 0 0 0 0 0 0 0 0 0 
386 0 0 0 0 0 0 0 0 0 0 0 0 0 0 0 0 0 
387 2 1 1 0 0 2 0 0 2 0 0 1 0 0 1 0 0 
388 0 2 0 0 0 2 1 0 0 0 0 0 0 0 0 0 0 
389 0 1 0 0 0 2 2 0 0 0 0 0 0 0 0 0 0 
390 0 0 0 0 0 0 0 0 0 0 0 0 0 0 0 0 0 
391 0 2 0 0 0 2 1 0 0 0 0 1 0 0 0 0 0 
392 0 1 0 0 0 1 1 0 0 0 0 1 1 0 0 0 0 
393 0 0 0 0 0 0 0 0 0 0 0 0 0 0 0 0 0 
394 1 0 0 0 0 0 0 0 0 0 0 0 0 0 0 0 0 
395 0 0 0 0 0 0 0 0 0 0 0 0 0 0 0 0 0 
396 2 1 1 2 0 14 2 0 10 0 0 5 1 0 3 0 0 
397 2 1 1 2 0 14 2 0 10 0 0 5 1 0 3 0 0 
398 2 1 1 2 0 14 2 0 10 0 0 5 1 0 3 0 0 
399 2 1 1 2 0 14 2 0 10 0 0 5 1 0 3 0 0 
400 2 1 1 2 0 14 2 0 10 0 0 5 1 0 3 0 0 
401 2 1 1 2 0 14 2 0 10 0 0 5 1 0 3 0 0 
402 2 1 1 2 0 14 2 0 10 0 0 5 1 0 3 0 0 
403 2 1 1 2 0 14 2 0 10 0 0 5 1 0 3 0 0 
404 2 1 1 2 0 14 2 0 10 0 0 5 1 0 3 0 0 
405 2 1 1 2 0 14 2 0 10 0 0 3 1 0 1 0 0 
406 2 1 1 1 0 12 2 0 8 0 0 5 1 0 3 0 0 
407 2 1 1 2 0 10 1 0 8 0 0 5 0 0 4 0 0 
408 2 1 1 2 0 8 2 0 4 0 0 2 1 0 1 0 0 
409 0 2 0 0 0 17 1 0 0 0 0 2 1 0 0 0 0 
410 1 0 0 2 0 0 0 0 0 0 0 0 0 0 0 0 0 
411 3 0 0 0 3 0 0 0 0 0 0 0 0 0 0 0 0 
412 1 0 0 0 0 0 0 0 0 0 0 0 0 0 0 0 0 
413 0 0 0 0 0 0 0 0 0 0 0 0 0 0 0 0 0 
414 0 0 0 0 0 0 0 0 0 0 0 0 0 0 0 0 0 
415 0 0 0 0 0 0 0 0 0 0 0 0 0 0 0 0 0 
416 4 1 4 4 0 20 0 0 13 0 0 7 0 0 4 0 0 
417 2 1 1 2 0 14 2 0 10 0 0 5 1 0 3 0 0 
418 2 1 1 2 0 18 2 0 12 0 0 5 1 0 3 0 0 
419 2 1 1 2 0 22 2 0 10 0 0 5 1 0 3 0 0 
420 2 1 1 2 0 14 2 0 10 0 0 5 1 0 3 0 0 
421 2 1 1 2 0 14 2 0 10 0 0 5 1 0 3 0 0 
422 2 1 1 2 0 14 2 0 10 0 0 3 1 0 1 0 0 
423 2 1 1 1 0 17 2 0 13 0 0 5 1 0 3 0 0 
424 2 1 1 2 0 9 2 0 5 0 0 3 0 0 2 0 0 
425 2 1 1 1 0 4 1 0 2 0 0 2 1 0 1 0 0 
426 0 2 0 0 0 15 0 0 0 0 0 0 0 0 0 0 0 
427 2 0 1 1 0 14 2 0 11 2 0 0 0 0 0 0 0 
428 1 0 0 0 0 0 0 0 0 0 0 0 0 0 0 0 0 
429 0 0 0 0 0 0 0 0 0 0 0 0 0 0 0 0 0 
430 0 1 0 0 0 13 3 0 0 0 0 0 0 0 0 0 0 
431 0 0 0 0 0 0 0 0 0 0 0 0 0 0 0 0 0 
432 0 0 0 0 0 0 0 0 0 0 0 0 0 0 0 0 0 
433 0 2 0 0 0 11 4 0 0 0 0 0 0 0 0 0 0 
434 0 0 0 0 0 0 0 0 0 0 0 0 0 0 0 0 0 
435 0 0 0 0 0 0 0 0 0 0 0 0 0 0 0 0 0 
436 0 0 0 0 0 0 0 0 0 0 0 0 0 0 0 0 0 
437 1 0 0 1 0 4 0 0 4 0 0 1 0 0 1 0 0 
438 2 1 1 2 0 14 2 0 10 0 0 5 1 0 3 0 0 
439 2 1 1 2 0 14 2 0 10 0 0 5 1 0 3 0 0 
440 2 1 1 2 0 14 2 0 10 0 0 5 1 0 3 0 0 
441 2 1 1 2 0 14 2 0 10 0 0 5 1 0 3 0 0 
442 2 1 1 2 0 14 2 0 10 0 0 5 1 0 3 0 0 
443 2 1 1 2 0 14 2 0 10 0 0 5 1 0 3 0 0 
444 2 1 1 2 0 14 2 0 10 0 0 5 1 0 3 0 0 
445 2 1 1 2 0 14 2 0 10 0 0 5 1 0 3 0 0 
446 2 1 1 2 0 14 2 0 10 0 0 5 1 0 3 0 0 
447 2 1 1 2 0 14 2 0 10 0 0 5 1 0 3 0 0 
448 2 1 1 2 0 14 2 0 10 0 0 5 1 0 3 0 0 
449 2 1 1 2 0 14 2 0 10 0 0 5 1 0 3 0 0 
450 2 1 1 2 0 14 2 0 10 0 0 4 1 0 2 0 0 
451 2 1 1 1 0 12 2 0 8 0 0 6 1 0 4 0 0 
452 2 1 1 2 0 10 1 0 8 0 0 5 0 0 4 0 0 
453 2 1 1 3 0 16 2 0 12 0 0 5 1 0 3 0 0 
454 1 3 0 1 0 4 2 0 0 0 0 2 1 0 0 0 0 
455 1 0 0 2 0 0 0 0 0 0 0 0 0 0 0 0 0 
456 3 0 0 2 3 1 0 0 1 0 0 0 0 0 0 0 0 
457 3 0 2 0 0 0 0 0 0 0 0 0 0 0 0 0 0 
458 0 0 0 0 0 0 0 0 0 0 0 0 0 0 0 0 0 
459 0 0 0 0 0 0 0 0 0 0 0 0 0 0 0 0 0 
460 0 0 0 0 0 0 0 0 0 0 0 0 0 0 0 0 0 
461 2 0 1 0 0 0 0 0 0 0 0 0 0 0 0 0 0 
462 0 0 0 0 0 0 0 0 0 0 0 0 0 0 0 0 0 
463 0 0 0 0 0 0 0 0 0 0 0 0 0 0 0 0 0 
464 0 0 0 0 0 0 0 0 0 0 0 0 0 0 0 0 0 
465 2 1 1 1 0 8 0 0 6 0 0 3 0 0 2 0 0 
466 2 1 1 2 0 14 2 0 10 0 0 4 1 0 2 0 0 
467 1 2 0 1 0 9 2 0 3 0 0 3 1 0 1 0 0 
468 1 0 0 1 0 2 0 0 2 0 0 0 0 0 0 0 0 
469 2 1 1 1 0 12 1 0 10 0 0 4 0 0 3 0 0 
470 2 1 1 1 0 11 2 0 9 0 0 3 0 0 3 0 0 
471 0 2 0 0 0 4 2 0 0 0 0 2 1 0 0 0 0 
472 0 2 0 0 0 6 2 0 0 0 0 3 1 0 0 0 0 
473 2 1 1 2 0 14 2 0 10 0 0 4 1 0 2 0 0 
474 2 1 1 1 0 12 2 0 8 0 0 5 1 0 3 0 0 
475 2 1 1 2 0 10 1 0 8 0 0 3 0 0 3 0 0 
476 2 1 1 2 0 14 2 0 10 0 0 4 1 0 2 0 0 
477 1 2 0 1 0 14 2 0 6 0 0 5 1 0 2 0 0 
478 1 0 0 1 0 4 0 0 4 0 0 1 0 0 1 0 0 
479 2 1 1 2 0 14 2 0 10 0 0 5 1 0 3 0 0 
480 2 1 1 2 0 24 2 0 20 0 0 5 1 0 3 0 0 
481 2 1 1 2 0 22 4 0 14 0 0 5 1 0 3 0 0 
482 2 1 1 2 0 14 2 0 10 0 0 5 1 0 3 0 0 
483 2 1 1 2 0 22 2 0 14 0 0 5 1 0 3 0 0 
484 3 1 1 4 0 46 2 0 10 0 0 5 1 0 3 0 0 
485 2 1 1 2 0 14 2 0 10 0 0 5 1 0 3 0 0 
486 2 1 1 2 0 14 2 0 10 0 0 5 1 0 3 0 0 
487 2 1 1 2 0 14 2 0 10 0 0 5 1 0 3 0 0 
488 2 1 1 2 0 9 2 0 5 0 0 3 1 0 1 0 0 
489 2 1 1 1 0 4 1 0 2 0 0 3 1 0 1 0 0 
490 2 1 1 1 0 1 0 0 1 0 0 1 0 0 1 0 0 
491 2 1 1 0 0 6 0 0 6 0 0 0 0 0 0 0 0 
492 0 1 0 0 0 3 3 0 0 0 0 0 0 0 0 0 0 
493 0 0 0 0 0 0 0 0 0 0 0 0 0 0 0 0 0 
494 0 0 0 0 0 0 0 0 0 0 0 0 0 0 0 0 0 
495 1 2 0 1 0 18 3 0 8 0 0 3 1 0 0 0 0 
496 0 1 0 0 0 2 0 0 0 0 0 0 0 0 0 0 0 
497 1 0 0 1 0 0 0 0 0 0 0 0 0 0 0 0 0 
498 3 1 2 0 0 3 0 0 2 0 0 0 0 0 0 0 0 
499 1 1 0 0 0 6 2 0 3 0 0 0 0 0 0 0 0 
500 0 0 0 0 0 2 0 0 0 0 0 0 0 0 0 0 0 
501 0 0 0 0 0 0 0 0 0 0 0 0 0 0 0 0 0 
502 0 0 0 0 0 0 0 0 0 0 0 0 0 0 0 0 0 
503 0 0 0 0 0 0 0 0 0 0 0 0 0 0 0 0 0 
504 2 1 1 2 0 9 2 0 5 0 0 3 1 0 1 0 0 
505 2 1 1 1 0 4 1 0 2 0 0 3 1 0 1 0 0 
506 2 1 1 1 0 1 0 0 1 0 0 1 0 0 1 0 0 
507 2 1 1 0 0 0 0 0 0 0 0 0 0 0 0 0 0 
508 0 1 0 0 0 0 0 0 0 0 0 0 0 0 0 0 0 
509 0 0 0 0 0 0 0 0 0 0 0 0 0 0 0 0 0 
510 0 0 0 0 0 0 0 0 0 0 0 0 0 0 0 0 0 
511 0 0 0 0 0 0 0 0 0 0 0 0 0 0 0 0 0 
