1 0 0 0 0 0 6 0 0 0 0 0 0 0 0 0 0 0 
2 0 0 0 0 0 6 0 0 0 0 0 0 0 0 0 0 0 
3 2 1 1 2 0 18 3 0 12 0 0 4 1 0 2 0 0 
4 1 2 0 1 0 14 2 0 6 0 0 4 1 0 2 0 0 
5 1 0 0 1 0 3 0 0 3 0 0 1 0 0 1 0 0 
6 2 1 1 2 0 17 1 0 8 0 0 3 0 0 3 0 0 
7 2 1 1 2 0 19 2 0 15 0 0 4 1 0 2 0 0 
8 1 2 0 1 0 12 3 0 4 0 0 3 1 0 1 0 0 
9 1 0 0 1 0 0 0 0 0 0 0 0 0 0 0 0 0 
10 2 1 1 1 0 1 0 0 1 0 0 1 0 0 1 0 0 
11 2 1 1 0 0 8 0 0 0 0 0 0 0 0 0 0 0 
12 0 1 0 0 0 0 0 0 0 0 0 0 0 0 0 0 0 
13 0 0 0 0 0 0 0 0 0 0 0 0 0 0 0 0 0 
14 0 0 0 0 0 0 0 0 0 0 0 0 0 0 0 0 0 
15 0 0 0 0 0 0 0 0 0 0 0 0 0 0 0 0 0 
16 4 1 4 4 0 15 0 0 9 0 0 7 0 0 4 0 0 
17 2 1 1 2 0 14 2 0 10 0 0 5 1 0 3 0 0 
18 2 1 1 2 0 14 2 0 10 0 0 5 1 0 3 0 0 
19 2 1 1 2 0 14 2 0 10 0 0 5 1 0 3 0 0 
20 2 1 1 2 0 14 2 0 10 0 0 5 1 0 3 0 0 
21 2 1 1 2 0 14 2 0 10 0 0 5 1 0 3 0 0 
22 2 1 1 2 0 24 2 0 20 0 0 5 1 0 3 0 0 
23 2 1 1 2 0 22 4 0 14 0 0 5 1 0 3 0 0 
24 2 1 1 2 0 14 2 0 10 0 0 5 1 0 3 0 0 
25 2 1 1 2 0 22 2 0 14 0 0 5 1 0 3 0 0 
26 3 1 1 3 0 58 2 0 14 0 0 6 1 0 4 0 0 
27 2 1 1 2 0 14 2 0 10 0 0 5 1 0 3 0 0 
28 2 1 1 2 0 14 2 0 10 0 0 5 1 0 3 0 0 
29 2 1 1 2 0 14 2 0 10 0 0 4 1 0 2 0 0 
30 2 1 1 1 0 12 2 0 8 0 0 5 1 0 3 0 0 
31 2 1 1 2 0 14 1 0 12 0 0 3 0 0 3 0 0 
32 2 1 1 2 0 12 3 0 6 0 0 2 1 0 0 0 0 
33 1 2 0 0 0 4 1 0 2 0 0 3 1 0 1 0 0 
34 1 0 0 1 0 0 0 0 0 0 0 0 0 0 0 0 0 
35 2 1 1 0 0 16 0 0 4 0 0 0 0 0 0 0 0 
36 0 1 0 0 0 2 2 0 0 0 0 0 0 0 0 0 0 
37 0 0 0 0 0 0 0 0 0 0 0 0 0 0 0 0 0 
38 0 0 0 0 0 0 0 0 0 0 0 0 0 0 0 0 0 
39 1 0 0 1 0 3 3 0 3 3 0 2 2 0 2 2 0 
40 1 0 0 2 0 2 0 0 2 0 0 0 0 0 0 0 0 
41 3 0 0 1 3 4 0 0 4 0 0 2 0 0 2 0 0 
42 2 1 1 0 0 1 0 0 0 0 0 0 0 0 0 0 0 
43 0 1 0 0 0 3 3 0 0 0 0 0 0 0 0 0 0 
44 0 0 0 0 0 0 0 0 0 0 0 0 0 0 0 0 0 
45 1 0 0 2 0 6 6 0 6 6 0 2 2 0 2 2 0 
46 2 1 1 2 0 18 3 0 12 0 0 5 1 0 3 0 0 
47 2 1 1 2 0 14 2 0 10 0 0 5 1 0 3 0 0 
48 2 1 1 2 0 18 2 0 12 0 0 5 1 0 3 0 0 
49 2 1 1 2 0 22 2 0 10 0 0 5 1 0 3 0 0 
50 2 1 1 2 0 14 2 0 10 0 0 4 1 0 2 0 0 
51 2 1 1 1 0 17 2 0 13 0 0 3 1 0 1 0 0 
52 2 1 1 1 0 7 2 0 3 0 0 1 0 0 1 0 0 
53 2 1 1 1 0 7 0 0 7 0 0 0 0 0 0 0 0 
54 1 1 0 0 0 18 2 0 6 0 0 1 0 0 1 0 0 
55 1 0 0 0 0 3 0 0 1 0 0 0 0 0 0 0 0 
56 0 0 0 0 0 0 0 0 0 0 0 0 0 0 0 0 0 
57 1 2 0 0 0 17 2 0 9 0 0 5 1 0 2 0 0 
58 1 0 0 1 0 6 0 0 6 0 0 0 0 0 0 0 0 
59 2 1 1 1 0 26 2 0 8 0 0 3 1 0 1 0 0 
60 1 2 0 0 0 10 1 0 4 0 0 3 0 0 2 0 0 
61 2 0 1 1 0 19 0 0 13 0 0 0 0 0 0 0 0 
62 1 2 0 0 0 16 3 0 8 0 0 5 1 0 2 0 0 
63 0 1 0 0 0 2 0 0 0 0 0 1 0 0 0 0 0 
64 1 0 0 1 0 9 0 0 9 0 0 2 0 0 2 0 0 
65 1 3 0 1 0 34 2 0 4 0 0 3 0 0 1 0 0 
66 1 0 0 1 0 3 3 0 3 3 0 1 1 0 1 1 0 
67 1 0 0 2 0 6 2 0 6 2 0 1 1 0 1 1 0 
68 2 0 1 1 0 12 0 0 5 0 0 1 0 0 1 0 0 
69 1 0 0 0 0 2 0 0 2 0 0 0 0 0 0 0 0 
70 0 2 0 0 0 7 1 0 0 0 0 0 0 0 0 0 0 
71 0 1 0 0 0 2 2 0 0 0 0 0 0 0 0 0 0 
72 0 0 0 0 0 0 0 0 0 0 0 0 0 0 0 0 0 
73 0 0 0 0 0 2 0 0 0 0 0 0 0 0 0 0 0 
74 0 0 0 0 0 0 0 0 0 0 0 0 0 0 0 0 0 
75 0 0 0 0 0 3 0 0 0 0 0 0 0 0 0 0 0 
76 0 0 0 0 0 0 0 0 0 0 0 0 0 0 0 0 0 
77 0 0 0 0 0 1 0 0 0 0 0 0 0 0 0 0 0 
78 0 0 0 0 0 0 0 0 0 0 0 0 0 0 0 0 0 
79 1 2 0 1 0 2 2 0 1 1 0 0 0 0 0 0 0 
80 0 0 0 0 0 0 0 0 0 0 0 0 0 0 0 0 0 
81 1 0 0 0 0 0 0 0 0 0 0 0 0 0 0 0 0 
82 0 0 0 0 0 0 0 0 0 0 0 0 0 0 0 0 0 
83 0 0 0 0 0 0 0 0 0 0 0 0 0 0 0 0 0 
84 0 0 0 0 0 0 0 0 0 0 0 0 0 0 0 0 0 
85 0 0 0 0 0 0 0 0 0 0 0 0 0 0 0 0 0 
86 4 0 4 3 0 17 0 0 11 0 0 8 0 0 5 0 0 
87 1 2 0 2 0 14 3 0 4 0 0 5 1 0 1 0 0 
88 1 0 0 1 0 0 0 0 0 0 0 0 0 0 0 0 0 
89 2 1 1 3 0 1 1 0 1 1 0 1 1 0 1 1 0 
90 4 0 2 1 3 4 0 0 0 0 0 0 0 0 0 0 0 
91 2 0 1 0 0 0 0 0 0 0 0 0 0 0 0 0 0 
92 0 0 0 0 0 0 0 0 0 0 0 0 0 0 0 0 0 
93 0 0 0 0 0 0 0 0 0 0 0 0 0 0 0 0 0 
94 0 0 0 0 0 0 0 0 0 0 0 0 0 0 0 0 0 
95 1 0 0 1 0 4 0 0 4 0 0 1 0 0 1 0 0 
96 2 1 1 2 0 14 2 0 10 0 0 5 1 0 3 0 0 
97 2 1 1 2 0 19 2 0 15 0 0 4 1 0 2 0 0 
98 2 1 1 1 0 22 3 0 16 0 0 4 1 0 2 0 0 
99 2 1 1 1 0 12 2 0 8 0 0 2 0 0 2 0 0 
100 2 1 1 1 0 5 1 0 2 0 0 0 0 0 0 0 0 
101 1 2 0 0 0 23 0 0 2 0 0 0 0 0 0 0 0 
102 1 1 0 1 0 12 0 0 4 0 0 3 0 0 1 0 0 
103 0 0 0 0 0 3 0 0 0 0 0 0 0 0 0 0 0 
104 0 0 0 0 0 0 0 0 0 0 0 0 0 0 0 0 0 
105 0 0 0 0 0 6 0 0 0 0 0 0 0 0 0 0 0 
106 2 1 1 1 0 17 2 0 13 0 0 5 1 0 3 0 0 
107 2 1 1 2 0 9 2 0 5 0 0 1 0 0 1 0 0 
108 2 1 1 1 0 4 1 0 2 0 0 2 1 0 0 0 0 
109 1 2 0 0 0 5 0 0 2 0 0 2 0 0 1 0 0 
110 2 0 1 0 0 3 0 0 2 0 0 0 0 0 0 0 0 
111 0 1 0 0 0 2 2 0 0 0 0 1 1 0 0 0 0 
112 0 0 0 0 0 0 0 0 0 0 0 0 0 0 0 0 0 
113 1 0 0 0 0 3 0 0 3 0 0 0 0 0 0 0 0 
114 0 0 0 0 0 3 0 0 0 0 0 0 0 0 0 0 0 
115 0 0 0 0 0 0 0 0 0 0 0 0 0 0 0 0 0 
116 3 4 2 3 0 88 6 0 7 0 0 7 0 0 3 0 0 
117 1 0 0 1 0 4 0 0 4 0 0 1 0 0 1 0 0 
118 2 1 1 2 0 14 2 0 10 0 0 5 1 0 3 0 0 
119 2 1 1 2 0 14 2 0 10 0 0 5 1 0 3 0 0 
120 2 1 1 2 0 14 2 0 10 0 0 5 1 0 3 0 0 
121 2 1 1 2 0 14 2 0 10 0 0 4 1 0 2 0 0 
122 2 1 1 1 0 12 2 0 8 0 0 4 1 0 2 0 0 
123 2 1 1 1 0 4 1 0 2 0 0 1 0 0 1 0 0 
124 2 1 1 1 0 4 0 0 4 0 0 1 0 0 1 0 0 
125 1 2 0 1 0 6 1 0 2 0 0 0 0 0 0 0 0 
126 0 0 0 0 0 3 0 0 0 0 0 0 0 0 0 0 0 
127 0 0 0 0 0 0 0 0 0 0 0 0 0 0 0 0 0 
128 1 0 0 0 0 3 0 0 3 0 0 0 0 0 0 0 0 
129 0 0 0 0 0 9 0 0 0 0 0 0 0 0 0 0 0 
130 2 0 1 0 0 0 0 0 0 0 0 0 0 0 0 0 0 
131 0 0 0 0 0 0 0 0 0 0 0 0 0 0 0 0 0 
132 0 0 0 0 0 0 0 0 0 0 0 0 0 0 0 0 0 
133 0 1 0 0 0 1 1 0 0 0 0 0 0 0 0 0 0 
134 0 0 0 0 0 0 0 0 0 0 0 0 0 0 0 0 0 
135 0 0 0 0 0 0 0 0 0 0 0 0 0 0 0 0 0 
136 0 0 0 0 0 0 0 0 0 0 0 0 0 0 0 0 0 
137 0 0 0 0 0 0 0 0 0 0 0 0 0 0 0 0 0 
138 4 0 4 3 0 13 0 0 8 0 0 6 0 0 4 0 0 
139 1 2 0 1 0 14 2 0 6 0 0 5 1 0 2 0 0 
140 1 0 0 1 0 4 0 0 4 0 0 1 0 0 1 0 0 
141 2 1 1 2 0 14 2 0 10 0 0 5 1 0 3 0 0 
142 2 1 1 2 0 14 2 0 10 0 0 5 1 0 3 0 0 
143 2 1 1 2 0 14 2 0 10 0 0 4 1 0 2 0 0 
144 2 1 1 1 0 12 2 0 8 0 0 5 1 0 3 0 0 
145 2 1 1 2 0 10 1 0 8 0 0 3 0 0 3 0 0 
146 2 1 1 2 0 14 2 0 10 0 0 4 1 0 2 0 0 
147 1 2 0 1 0 14 2 0 6 0 0 4 1 0 2 0 0 
148 1 0 0 1 0 2 0 0 2 0 0 1 0 0 1 0 0 
149 2 1 1 2 0 10 1 0 8 0 0 3 0 0 3 0 0 
150 2 1 1 2 0 14 2 0 10 0 0 3 1 0 1 0 0 
151 1 2 0 0 0 12 2 0 6 0 0 5 1 0 2 0 0 
152 1 0 0 1 0 4 0 0 4 0 0 1 0 0 1 0 0 
153 2 1 1 2 0 14 2 0 10 0 0 3 1 0 1 0 0 
154 1 2 0 0 0 12 2 0 6 0 0 3 1 0 1 0 0 
155 1 0 0 1 0 0 0 0 0 0 0 0 0 0 0 0 0 
156 2 1 1 1 0 1 0 0 1 0 0 0 0 0 0 0 0 
157 1 1 0 0 0 9 0 0 3 0 0 0 0 0 0 0 0 
158 0 0 0 0 0 1 0 0 0 0 0 0 0 0 0 0 0 
159 0 0 0 0 0 0 0 0 0 0 0 0 0 0 0 0 0 
160 0 0 0 0 0 0 0 0 0 0 0 0 0 0 0 0 0 
161 2 0 1 2 0 15 5 0 11 5 0 1 1 0 1 1 0 
162 1 0 0 0 0 0 0 0 0 0 0 0 0 0 0 0 0 
163 0 0 0 0 0 0 0 0 0 0 0 0 0 0 0 0 0 
164 2 0 1 1 0 4 0 0 4 0 0 1 0 0 1 0 0 
165 0 0 0 0 0 0 0 0 0 0 0 0 0 0 0 0 0 
166 2 1 1 2 0 9 2 0 5 0 0 3 1 0 1 0 0 
167 2 1 1 1 0 8 1 0 6 0 0 4 1 0 2 0 0 
168 2 1 1 1 0 8 1 0 6 0 0 3 0 0 2 0 0 
169 2 1 1 0 0 4 1 0 3 0 0 2 0 0 2 0 0 
170 0 2 0 0 0 0 0 0 0 0 0 0 0 0 0 0 0 
171 0 2 0 0 0 2 1 0 0 0 0 1 0 0 0 0 0 
172 0 1 0 0 0 3 3 0 0 0 0 1 1 0 0 0 0 
173 0 0 0 0 0 0 0 0 0 0 0 0 0 0 0 0 0 
174 1 0 0 1 0 2 0 0 2 0 0 1 0 0 1 0 0 
175 2 1 1 2 0 10 1 0 8 0 0 3 0 0 3 0 0 
176 2 1 1 2 0 14 2 0 10 0 0 4 1 0 2 0 0 
177 1 2 0 1 0 14 2 0 6 0 0 4 1 0 2 0 0 
178 1 0 0 1 0 2 0 0 2 0 0 1 0 0 1 0 0 
179 2 1 1 2 0 10 1 0 8 0 0 3 0 0 3 0 0 
180 2 1 1 2 0 14 2 0 10 0 0 4 1 0 2 0 0 
181 1 2 0 1 0 14 2 0 6 0 0 5 1 0 2 0 0 
182 1 0 0 1 0 4 0 0 4 0 0 1 0 0 1 0 0 
183 2 1 1 2 0 14 2 0 10 0 0 5 1 0 3 0 0 
184 2 1 1 2 0 14 2 0 10 0 0 5 1 0 3 0 0 
185 2 1 1 2 0 14 2 0 10 0 0 5 1 0 3 0 0 
186 2 1 1 2 0 14 2 0 10 0 0 5 1 0 3 0 0 
187 2 1 1 2 0 14 2 0 10 0 0 4 1 0 2 0 0 
188 2 1 1 1 0 12 2 0 8 0 0 5 1 0 3 0 0 
189 2 1 1 2 0 6 1 0 4 0 0 1 0 0 1 0 0 
190 2 1 1 1 0 4 1 0 2 0 0 2 1 0 0 0 0 
191 1 2 0 0 0 1 0 0 1 0 0 1 0 0 1 0 0 
192 1 0 0 0 0 1 0 0 1 0 0 0 0 0 0 0 0 
193 0 1 0 0 0 1 1 0 0 0 0 0 0 0 0 0 0 
194 0 0 0 0 0 0 0 0 0 0 0 0 0 0 0 0 0 
195 0 0 0 0 0 0 0 0 0 0 0 0 0 0 0 0 0 
196 0 0 0 0 0 0 0 0 0 0 0 0 0 0 0 0 0 
197 0 0 0 0 0 0 0 0 0 0 0 0 0 0 0 0 0 
198 0 0 0 0 0 0 0 0 0 0 0 0 0 0 0 0 0 
199 0 0 0 0 0 0 0 0 0 0 0 0 0 0 0 0 0 
200 0 0 0 0 0 0 0 0 0 0 0 0 0 0 0 0 0 
201 0 1 0 0 0 4 0 0 0 0 0 1 0 0 0 0 0 
202 1 0 0 1 0 2 0 0 2 0 0 0 0 0 0 0 0 
203 2 1 1 1 0 4 1 0 2 0 0 3 1 0 1 0 0 
204 2 1 1 1 0 1 0 0 1 0 0 1 0 0 1 0 0 
205 2 1 1 0 0 2 0 0 2 0 0 0 0 0 0 0 0 
206 0 1 0 0 0 1 1 0 0 0 0 0 0 0 0 0 0 
207 0 0 0 0 0 0 0 0 0 0 0 0 0 0 0 0 0 
208 0 0 0 0 0 0 0 0 0 0 0 0 0 0 0 0 0 
209 0 0 0 0 0 0 0 0 0 0 0 0 0 0 0 0 0 
210 0 0 0 0 0 0 0 0 0 0 0 0 0 0 0 0 0 
211 0 0 0 0 0 0 0 0 0 0 0 0 0 0 0 0 0 
