1 0 0 0 0 0 0 0 0 0 0 0 0 0 0 0 0 0 
2 1 2 0 1 0 9 2 0 3 0 0 3 1 0 1 0 0 
3 1 0 0 1 0 0 0 0 0 0 0 0 0 0 0 0 0 
4 2 1 1 1 0 1 0 0 1 0 0 1 0 0 1 0 0 
5 2 1 1 0 0 2 0 0 2 0 0 0 0 0 0 0 0 
6 0 1 0 0 0 1 1 0 0 0 0 0 0 0 0 0 0 
7 0 0 0 0 0 0 0 0 0 0 0 0 0 0 0 0 0 
8 0 0 0 0 0 0 0 0 0 0 0 0 0 0 0 0 0 
9 0 0 0 0 0 0 0 0 0 0 0 0 0 0 0 0 0 
10 0 0 0 0 0 0 0 0 0 0 0 0 0 0 0 0 0 
11 2 1 1 2 0 14 2 0 10 0 0 5 1 0 3 0 0 
12 2 1 1 2 0 14 2 0 10 0 0 5 1 0 3 0 0 
13 2 1 1 2 0 9 2 0 5 0 0 3 1 0 1 0 0 
14 2 1 1 1 0 4 1 0 2 0 0 3 1 0 1 0 0 
15 2 1 1 1 0 1 0 0 1 0 0 1 0 0 1 0 0 
16 2 1 1 0 0 4 0 0 4 0 0 0 0 0 0 0 0 
17 0 1 0 0 0 2 2 0 0 0 0 0 0 0 0 0 0 
18 0 0 0 0 0 0 0 0 0 0 0 0 0 0 0 0 0 
19 0 0 0 0 0 0 0 0 0 0 0 0 0 0 0 0 0 
20 0 0 0 0 0 3 0 0 0 0 0 0 0 0 0 0 0 
21 0 0 0 0 0 0 0 0 0 0 0 0 0 0 0 0 0 
22 0 0 0 0 0 0 0 0 0 0 0 0 0 0 0 0 0 
23 0 0 0 0 0 0 0 0 0 0 0 0 0 0 0 0 0 
24 0 0 0 0 0 0 0 0 0 0 0 0 0 0 0 0 0 
25 0 0 0 0 0 0 0 0 0 0 0 0 0 0 0 0 0 
26 3 0 2 3 0 28 7 0 9 7 0 2 2 0 2 2 0 
27 1 0 0 0 0 15 0 0 3 0 0 0 0 0 0 0 0 
28 1 0 0 1 0 7 0 0 0 0 0 0 0 0 0 0 0 
29 2 0 1 0 0 0 0 0 0 0 0 0 0 0 0 0 0 
30 0 0 0 0 0 0 0 0 0 0 0 0 0 0 0 0 0 
31 0 0 0 0 0 0 0 0 0 0 0 0 0 0 0 0 0 
32 0 0 0 0 0 0 0 0 0 0 0 0 0 0 0 0 0 
33 2 0 1 1 0 4 0 0 4 0 0 1 0 0 1 0 0 
34 0 0 0 0 0 0 0 0 0 0 0 0 0 0 0 0 0 
35 2 1 1 2 0 14 2 0 10 0 0 4 1 0 2 0 0 
36 1 2 0 1 0 14 2 0 6 0 0 5 1 0 2 0 0 
37 1 0 0 1 0 6 0 0 6 0 0 1 0 0 1 0 0 
38 2 1 1 2 0 18 3 0 12 0 0 5 1 0 3 0 0 
39 2 1 1 2 0 14 2 0 10 0 0 5 1 0 3 0 0 
40 2 1 1 3 0 27 2 0 21 0 0 6 1 0 4 0 0 
41 3 1 2 3 0 23 3 0 12 0 0 5 1 0 3 0 0 
42 2 1 1 2 0 14 2 0 10 0 0 5 1 0 3 0 0 
43 2 1 1 2 0 22 2 0 14 0 0 5 1 0 3 0 0 
44 3 1 1 2 0 22 2 0 10 0 0 5 1 0 3 0 0 
45 2 1 1 2 0 14 2 0 10 0 0 5 1 0 3 0 0 
46 2 1 1 2 0 14 2 0 10 0 0 5 1 0 3 0 0 
47 2 1 1 2 0 14 2 0 10 0 0 4 1 0 2 0 0 
48 2 1 1 1 0 12 2 0 8 0 0 5 1 0 3 0 0 
49 2 1 1 2 0 10 1 0 8 0 0 3 0 0 3 0 0 
50 2 1 1 2 0 14 2 0 10 0 0 4 1 0 2 0 0 
51 1 2 0 1 0 14 2 0 6 0 0 4 1 0 2 0 0 
52 1 0 0 1 0 2 0 0 2 0 0 1 0 0 1 0 0 
53 2 1 1 2 0 14 1 0 12 0 0 3 0 0 3 0 0 
54 2 1 1 2 0 12 3 0 6 0 0 2 1 0 0 0 0 
55 1 2 0 0 0 4 1 0 2 0 0 3 1 0 1 0 0 
56 1 0 0 1 0 0 0 0 0 0 0 0 0 0 0 0 0 
57 2 1 1 0 0 21 0 0 6 0 0 0 0 0 0 0 0 
58 0 1 0 0 0 3 3 0 0 0 0 0 0 0 0 0 0 
59 0 0 0 0 0 0 0 0 0 0 0 0 0 0 0 0 0 
60 0 0 0 0 0 0 0 0 0 0 0 0 0 0 0 0 0 
61 2 0 1 3 0 10 3 0 6 3 0 2 1 0 1 1 0 
62 1 0 0 1 0 18 0 0 3 0 0 1 0 0 1 0 0 
63 1 0 0 2 0 0 0 0 0 0 0 0 0 0 0 0 0 
64 4 0 4 1 0 3 3 0 3 3 0 0 0 0 0 0 0 
65 0 1 0 0 0 3 3 0 0 0 0 0 0 0 0 0 0 
66 0 0 0 0 0 0 0 0 0 0 0 0 0 0 0 0 0 
67 1 0 0 2 0 6 6 0 6 6 0 2 2 0 2 2 0 
68 2 1 1 2 0 22 4 0 14 0 0 4 1 0 2 0 0 
69 1 2 0 1 0 14 2 0 6 0 0 5 1 0 2 0 0 
70 1 0 0 1 0 8 0 0 8 0 0 1 0 0 1 0 0 
71 3 1 1 2 0 38 2 0 10 0 0 5 1 0 3 0 0 
72 2 1 1 2 0 14 2 0 10 0 0 4 1 0 2 0 0 
73 2 1 1 1 0 12 2 0 8 0 0 3 1 0 1 0 0 
74 2 1 1 1 0 8 1 0 6 0 0 1 0 0 1 0 0 
75 2 1 1 1 0 12 1 0 10 0 0 1 0 0 1 0 0 
76 1 1 0 1 0 21 2 0 9 0 0 2 0 0 1 0 0 
77 0 0 0 0 0 4 0 0 0 0 0 0 0 0 0 0 0 
78 0 0 0 0 0 3 0 0 0 0 0 0 0 0 0 0 0 
79 2 1 1 1 0 15 2 0 9 0 0 5 1 0 3 0 0 
80 2 1 1 2 0 31 1 0 8 0 0 3 0 0 3 0 0 
81 2 1 1 2 0 14 2 0 10 0 0 4 1 0 2 0 0 
82 1 2 0 1 0 14 2 0 6 0 0 5 1 0 2 0 0 
83 1 0 0 1 0 4 0 0 4 0 0 1 0 0 1 0 0 
84 2 1 1 2 0 14 2 0 10 0 0 4 1 0 2 0 0 
85 2 1 1 1 0 22 2 0 18 0 0 5 1 0 3 0 0 
86 2 1 1 2 0 18 3 0 12 0 0 3 0 0 3 0 0 
87 2 1 1 2 0 24 2 0 20 0 0 4 1 0 2 0 0 
88 1 2 0 1 0 43 4 0 15 0 0 4 1 0 2 0 0 
89 2 0 0 3 0 45 6 0 10 6 0 2 2 0 2 2 0 
90 2 1 1 1 0 11 2 0 3 0 0 0 0 0 0 0 0 
91 3 2 1 0 0 11 0 0 1 0 0 0 0 0 0 0 0 
92 0 4 0 0 0 24 3 0 0 0 0 0 0 0 0 0 0 
93 0 0 0 0 0 3 0 0 0 0 0 0 0 0 0 0 0 
94 0 0 0 0 0 0 0 0 0 0 0 0 0 0 0 0 0 
95 0 0 0 0 0 0 0 0 0 0 0 0 0 0 0 0 0 
96 1 1 0 0 0 2 0 0 1 0 0 0 0 0 0 0 0 
97 0 0 0 0 0 0 0 0 0 0 0 0 0 0 0 0 0 
98 0 0 0 0 0 3 0 0 0 0 0 0 0 0 0 0 0 
99 0 0 0 0 0 0 0 0 0 0 0 0 0 0 0 0 0 
100 0 0 0 0 0 0 0 0 0 0 0 0 0 0 0 0 0 
101 1 0 0 0 0 4 0 0 0 0 0 0 0 0 0 0 0 
102 0 0 0 0 0 0 0 0 0 0 0 0 0 0 0 0 0 
103 1 0 0 0 0 1 0 0 1 0 0 0 0 0 0 0 0 
104 0 1 0 0 0 1 1 0 0 0 0 0 0 0 0 0 0 
105 0 0 0 0 0 0 0 0 0 0 0 0 0 0 0 0 0 
106 0 0 0 0 0 0 0 0 0 0 0 0 0 0 0 0 0 
107 0 0 0 0 0 0 0 0 0 0 0 0 0 0 0 0 0 
108 0 0 0 0 0 0 0 0 0 0 0 0 0 0 0 0 0 
109 0 0 0 0 0 12 0 0 0 0 0 0 0 0 0 0 0 
110 4 1 4 4 0 14 0 0 8 0 0 4 0 0 2 0 0 
111 3 1 3 1 0 26 1 0 12 0 0 4 1 0 2 0 0 
112 2 1 1 1 0 7 2 0 3 0 0 2 0 0 1 0 0 
113 2 1 1 0 0 4 0 0 4 0 0 2 0 0 2 0 0 
114 0 2 0 0 0 3 1 0 0 0 0 1 0 0 0 0 0 
115 0 2 0 0 0 11 4 0 0 0 0 3 2 0 0 0 0 
116 0 0 0 0 0 0 0 0 0 0 0 0 0 0 0 0 0 
117 1 0 0 0 0 0 0 0 0 0 0 0 0 0 0 0 0 
118 0 0 0 0 0 0 0 0 0 0 0 0 0 0 0 0 0 
119 2 1 1 2 0 14 2 0 10 0 0 5 1 0 3 0 0 
120 2 1 1 2 0 14 2 0 10 0 0 5 1 0 3 0 0 
121 2 1 1 2 0 14 2 0 10 0 0 5 1 0 3 0 0 
122 2 1 1 2 0 14 2 0 10 0 0 5 1 0 3 0 0 
123 2 1 1 2 0 14 2 0 10 0 0 5 1 0 3 0 0 
124 2 1 1 2 0 14 2 0 10 0 0 5 1 0 3 0 0 
125 2 1 1 2 0 14 2 0 10 0 0 5 1 0 3 0 0 
126 2 1 1 2 0 14 2 0 10 0 0 5 1 0 3 0 0 
127 2 1 1 2 0 14 2 0 10 0 0 5 1 0 3 0 0 
128 2 1 1 2 0 14 2 0 10 0 0 5 1 0 3 0 0 
129 2 1 1 2 0 19 2 0 15 0 0 5 1 0 3 0 0 
130 2 1 1 2 0 12 3 0 6 0 0 3 1 0 1 0 0 
131 2 1 1 1 0 4 1 0 2 0 0 3 1 0 1 0 0 
132 2 1 1 1 0 5 0 0 5 0 0 2 0 0 2 0 0 
133 3 1 3 1 0 6 1 0 2 0 0 0 0 0 0 0 0 
134 0 1 0 0 0 2 2 0 0 0 0 1 1 0 0 0 0 
135 0 0 0 0 0 0 0 0 0 0 0 0 0 0 0 0 0 
136 1 0 0 0 0 3 0 0 3 0 0 0 0 0 0 0 0 
137 0 0 0 0 0 3 0 0 0 0 0 0 0 0 0 0 0 
138 0 0 0 0 0 0 0 0 0 0 0 0 0 0 0 0 0 
139 3 2 2 3 0 15 0 0 7 0 0 7 0 0 3 0 0 
140 1 0 0 1 0 4 0 0 4 0 0 1 0 0 1 0 0 
141 2 1 1 2 0 14 2 0 10 0 0 5 1 0 3 0 0 
142 2 1 1 2 0 14 2 0 10 0 0 5 1 0 3 0 0 
143 2 1 1 2 0 14 2 0 10 0 0 5 1 0 3 0 0 
144 2 1 1 2 0 14 2 0 10 0 0 5 1 0 3 0 0 
145 2 1 1 2 0 14 2 0 10 0 0 5 1 0 3 0 0 
146 2 1 1 2 0 9 2 0 5 0 0 3 1 0 1 0 0 
147 2 1 1 1 0 4 1 0 2 0 0 3 1 0 1 0 0 
148 2 1 1 1 0 4 0 0 4 0 0 1 0 0 1 0 0 
149 2 1 1 0 0 7 1 0 6 0 0 0 0 0 0 0 0 
150 0 1 0 0 0 2 2 0 0 0 0 0 0 0 0 0 0 
151 0 0 0 0 0 0 0 0 0 0 0 0 0 0 0 0 0 
152 0 0 0 0 0 6 0 0 0 0 0 0 0 0 0 0 0 
153 0 0 0 0 0 1 0 0 0 0 0 0 0 0 0 0 0 
154 0 0 0 0 0 0 0 0 0 0 0 0 0 0 0 0 0 
155 0 0 0 0 0 3 0 0 0 0 0 0 0 0 0 0 0 
156 2 0 1 0 0 1 0 0 0 0 0 0 0 0 0 0 0 
157 0 0 0 0 0 1 0 0 0 0 0 0 0 0 0 0 0 
158 0 0 0 0 0 0 0 0 0 0 0 0 0 0 0 0 0 
159 0 0 0 0 0 0 0 0 0 0 0 0 0 0 0 0 0 
160 0 1 0 0 0 3 3 0 0 0 0 1 1 0 0 0 0 
161 0 0 0 0 0 0 0 0 0 0 0 0 0 0 0 0 0 
162 2 1 1 2 0 14 2 0 10 0 0 4 1 0 2 0 0 
163 2 1 1 1 0 12 2 0 8 0 0 5 1 0 3 0 0 
164 2 1 1 2 0 10 1 0 8 0 0 3 0 0 3 0 0 
165 2 1 1 2 0 14 2 0 10 0 0 4 1 0 2 0 0 
166 1 2 0 1 0 14 2 0 6 0 0 5 1 0 2 0 0 
167 1 0 0 1 0 4 0 0 4 0 0 1 0 0 1 0 0 
168 2 1 1 2 0 14 2 0 10 0 0 5 1 0 3 0 0 
169 2 1 1 2 0 14 2 0 10 0 0 4 1 0 2 0 0 
170 2 1 1 1 0 12 2 0 8 0 0 5 1 0 3 0 0 
171 2 1 1 2 0 10 1 0 8 0 0 3 0 0 3 0 0 
172 2 1 1 2 0 14 2 0 10 0 0 4 1 0 2 0 0 
173 1 2 0 1 0 14 2 0 6 0 0 4 1 0 2 0 0 
174 1 0 0 1 0 6 0 0 6 0 0 1 0 0 1 0 0 
175 2 1 1 2 0 12 3 0 6 0 0 1 0 0 1 0 0 
176 2 1 1 1 0 4 1 0 2 0 0 2 1 0 0 0 0 
177 1 2 0 0 0 1 0 0 1 0 0 1 0 0 1 0 0 
178 2 0 0 0 0 8 0 0 4 0 0 1 0 0 1 0 0 
179 0 1 0 0 0 0 0 0 0 0 0 0 0 0 0 0 0 
180 0 0 0 0 0 0 0 0 0 0 0 0 0 0 0 0 0 
181 0 0 0 0 0 0 0 0 0 0 0 0 0 0 0 0 0 
182 0 0 0 0 0 0 0 0 0 0 0 0 0 0 0 0 0 
183 0 0 0 0 0 0 0 0 0 0 0 0 0 0 0 0 0 
184 0 0 0 0 0 0 0 0 0 0 0 0 0 0 0 0 0 
185 2 1 1 2 0 14 2 0 10 0 0 4 1 0 2 0 0 
186 1 2 0 1 0 14 2 0 6 0 0 5 1 0 2 0 0 
187 1 0 0 1 0 4 0 0 4 0 0 1 0 0 1 0 0 
188 2 1 1 2 0 14 2 0 10 0 0 5 1 0 3 0 0 
189 2 1 1 2 0 14 2 0 10 0 0 5 1 0 3 0 0 
190 2 1 1 2 0 19 2 0 15 0 0 5 1 0 3 0 0 
191 2 1 1 2 0 18 3 0 12 0 0 5 1 0 3 0 0 
192 2 1 1 2 0 14 2 0 10 0 0 5 1 0 3 0 0 
193 2 1 1 2 0 12 2 0 6 0 0 3 1 0 1 0 0 
194 3 1 3 2 0 23 2 0 13 1 0 4 1 0 2 0 0 
195 2 1 1 1 0 22 3 0 16 0 0 4 0 0 3 0 0 
196 2 1 1 1 0 11 2 0 9 0 0 3 0 0 3 0 0 
197 0 2 0 0 0 8 2 0 0 0 0 1 1 0 0 0 0 
198 1 2 0 0 0 13 2 0 0 0 0 1 0 0 0 0 0 
199 2 1 1 2 0 14 2 0 10 0 0 4 1 0 2 0 0 
200 1 2 0 1 0 18 2 0 6 0 0 5 1 0 2 0 0 
201 1 0 0 1 0 9 0 0 4 0 0 1 0 0 1 0 0 
202 2 1 1 2 0 14 2 0 10 0 0 5 1 0 3 0 0 
203 2 1 1 2 0 14 2 0 10 0 0 5 1 0 3 0 0 
204 2 1 1 2 0 14 2 0 10 0 0 4 1 0 2 0 0 
205 2 1 1 1 0 12 2 0 8 0 0 5 1 0 3 0 0 
206 2 1 1 2 0 10 1 0 8 0 0 3 0 0 3 0 0 
207 2 1 1 2 0 14 2 0 10 0 0 4 1 0 2 0 0 
208 1 2 0 1 0 14 2 0 6 0 0 5 1 0 2 0 0 
209 1 0 0 1 0 4 0 0 4 0 0 0 0 0 0 0 0 
210 2 1 1 1 0 12 2 0 8 0 0 5 1 0 3 0 0 
211 2 1 1 2 0 6 1 0 4 0 0 1 0 0 1 0 0 
212 2 1 1 1 0 4 1 0 2 0 0 2 1 0 0 0 0 
213 1 2 0 0 0 7 0 0 3 0 0 1 0 0 1 0 0 
214 1 0 0 0 0 3 0 0 3 0 0 0 0 0 0 0 0 
215 0 1 0 0 0 3 3 0 0 0 0 0 0 0 0 0 0 
216 0 0 0 0 0 0 0 0 0 0 0 0 0 0 0 0 0 
217 1 2 0 0 0 1 0 0 1 0 0 1 0 0 1 0 0 
218 2 0 1 0 0 1 0 0 0 0 0 0 0 0 0 0 0 
219 0 1 0 0 0 1 1 0 0 0 0 0 0 0 0 0 0 
220 0 0 0 0 0 0 0 0 0 0 0 0 0 0 0 0 0 
221 0 0 0 0 0 0 0 0 0 0 0 0 0 0 0 0 0 
222 0 0 0 0 0 0 0 0 0 0 0 0 0 0 0 0 0 
223 0 0 0 0 0 0 0 0 0 0 0 0 0 0 0 0 0 
224 0 0 0 0 0 0 0 0 0 0 0 0 0 0 0 0 0 
225 0 0 0 0 0 0 0 0 0 0 0 0 0 0 0 0 0 
226 2 1 1 1 0 12 2 0 8 0 0 4 1 0 2 0 0 
227 2 1 1 1 0 8 1 0 6 0 0 3 0 0 3 0 0 
228 2 1 1 2 0 10 1 0 8 0 0 2 0 0 2 0 0 
229 1 2 0 1 0 14 2 0 6 0 0 3 1 0 1 0 0 
230 0 1 0 0 0 0 0 0 0 0 0 0 0 0 0 0 0 
231 1 0 0 1 0 2 0 0 2 0 0 1 0 0 1 0 0 
232 2 1 1 2 0 10 1 0 8 0 0 2 0 0 2 0 0 
233 1 1 0 1 0 11 2 0 6 0 0 2 1 0 1 0 0 
234 0 0 0 0 0 0 0 0 0 0 0 0 0 0 0 0 0 
235 1 0 0 1 0 6 0 0 6 0 0 1 0 0 1 0 0 
236 2 1 1 2 0 12 3 0 6 0 0 2 1 0 0 0 0 
237 1 2 0 0 0 4 1 0 2 0 0 3 1 0 1 0 0 
238 1 0 0 2 0 0 0 0 0 0 0 0 0 0 0 0 0 
239 4 1 2 0 3 2 0 0 1 0 0 0 0 0 0 0 0 
240 0 1 0 0 0 1 1 0 0 0 0 1 1 0 0 0 0 
241 0 0 0 0 0 0 0 0 0 0 0 0 0 0 0 0 0 
242 1 0 0 0 0 0 0 0 0 0 0 0 0 0 0 0 0 
243 0 0 0 0 0 0 0 0 0 0 0 0 0 0 0 0 0 
244 0 0 0 0 0 0 0 0 0 0 0 0 0 0 0 0 0 
245 0 0 0 0 0 0 0 0 0 0 0 0 0 0 0 0 0 
246 0 0 0 0 0 0 0 0 0 0 0 0 0 0 0 0 0 
247 0 0 0 0 0 0 0 0 0 0 0 0 0 0 0 0 0 
248 0 0 0 0 0 0 0 0 0 0 0 0 0 0 0 0 0 
249 0 0 0 0 0 0 0 0 0 0 0 0 0 0 0 0 0 
250 0 0 0 0 0 0 0 0 0 0 0 0 0 0 0 0 0 
251 0 0 0 0 0 0 0 0 0 0 0 0 0 0 0 0 0 
252 0 0 0 0 0 0 0 0 0 0 0 0 0 0 0 0 0 
