1 1 0.01
2 1 0.01
3 1 0.01
4 1 0.01
5 25 9.71
6 17 17.26
7 7 4.65
8 1 0.01
9 25 2.80
10 2 26.91
11 14 22.06
12 10 24.38
13 23 10.43
14 17 17.04
15 7 9.91
16 7 2.28
17 25 5.09
18 1 1.86
19 1 1.84
20 1 0.01
21 1 0.01
22 1 0.01
23 1 1.83
24 1 0.01
25 1 0.01
26 1 0.01
27 25 1.24
28 1 0.01
29 17 21.77
30 17 13.92
31 1 1.84
32 25 2.62
33 6 20.77
34 1 1.83
35 1 0.01
36 1 0.01
37 1 0.01
38 1 0.01
39 1 0.01
40 6 3.51
41 1 1.83
42 1 0.01
43 1 1.84
44 1 0.01
45 25 1.24
46 1 0.01
47 1 0.01
48 1 0.01
49 15 127.97
50 1 0.01
51 7 6.77
52 25 9.55
53 1 0.01
54 1 0.01
55 1 0.01
56 1 1.83
57 1 0.01
58 1 0.01
59 1 0.01
60 1 1.84
61 1 0.01
62 1 0.01
63 1 0.01
64 20 38.91
65 25 1.52
66 2 23.11
67 6 12.04
68 7 6.34
69 25 1.50
70 25 2.82
71 25 1.24
72 1 0.01
73 6 6.20
74 1 0.01
75 1 0.01
76 14 41.79
77 2 15.93
78 6 3.44
79 6 5.14
80 1 0.01
81 1 0.01
82 1 0.01
83 1 0.01
84 18 27.53
85 20 17.90
86 14 14.73
87 2 23.60
88 23 17.72
89 25 1.50
90 17 15.49
91 7 4.85
92 1 1.84
93 1 0.01
94 1 0.01
95 1 0.01
