94 1 2 0 0 0 8 1 0 4 0 0 2 0 0 1 0 0 
95 0 1 0 0 0 4 0 0 0 0 0 1 0 0 0 0 0 
96 0 1 0 0 0 4 0 0 0 0 0 0 0 0 0 0 0 
97 0 1 0 0 0 2 0 0 0 0 0 0 0 0 0 0 0 
98 1 0 0 1 0 2 0 0 2 0 0 1 0 0 1 0 0 
99 2 1 1 2 0 10 1 0 8 0 0 1 0 0 1 0 0 
100 1 2 0 0 0 12 2 0 6 0 0 3 1 0 1 0 0 
101 0 1 0 0 0 0 0 0 0 0 0 0 0 0 0 0 0 
102 1 0 0 1 0 0 0 0 0 0 0 0 0 0 0 0 0 
103 1 2 0 0 0 1 0 0 1 0 0 0 0 0 0 0 0 
104 0 0 0 0 0 2 0 0 0 0 0 0 0 0 0 0 0 
105 0 0 0 0 0 0 0 0 0 0 0 0 0 0 0 0 0 
106 0 0 0 0 0 0 0 0 0 0 0 0 0 0 0 0 0 
107 0 0 0 0 0 0 0 0 0 0 0 0 0 0 0 0 0 
108 0 1 0 0 0 1 1 0 0 0 0 1 1 0 0 0 0 
109 0 0 0 0 0 0 0 0 0 0 0 0 0 0 0 0 0 
110 1 0 0 0 0 0 0 0 0 0 0 0 0 0 0 0 0 
111 0 0 0 0 0 0 0 0 0 0 0 0 0 0 0 0 0 
112 0 0 0 0 0 4 0 0 0 0 0 0 0 0 0 0 0 
113 0 0 0 0 0 4 0 0 0 0 0 0 0 0 0 0 0 
114 4 1 4 4 0 15 0 0 9 0 0 7 0 0 4 0 0 
115 2 1 1 2 0 14 2 0 10 0 0 5 1 0 3 0 0 
116 2 1 1 2 0 14 2 0 10 0 0 5 1 0 3 0 0 
117 2 1 1 2 0 14 2 0 10 0 0 5 1 0 3 0 0 
118 2 1 1 2 0 14 2 0 10 0 0 4 1 0 2 0 0 
119 2 1 1 1 0 17 2 0 13 0 0 6 1 0 4 0 0 
120 2 1 1 2 0 14 2 0 10 0 0 5 0 0 4 0 0 
121 2 1 1 3 0 16 2 0 12 0 0 7 1 0 5 0 0 
122 1 3 0 2 0 9 2 0 0 0 0 4 1 0 0 0 0 
123 1 0 0 2 0 7 1 0 2 1 0 2 1 0 2 1 0 
124 3 0 0 4 3 0 0 0 0 0 0 0 0 0 0 0 0 
125 5 0 2 0 6 0 0 0 0 0 0 0 0 0 0 0 0 
126 1 0 0 1 0 2 2 0 2 2 0 0 0 0 0 0 0 
127 1 0 0 0 0 0 0 0 0 0 0 0 0 0 0 0 0 
128 0 0 0 0 0 0 0 0 0 0 0 0 0 0 0 0 0 
129 0 0 0 0 0 8 0 0 0 0 0 1 0 0 0 0 0 
130 1 0 0 0 0 0 0 0 0 0 0 0 0 0 0 0 0 
131 0 0 0 0 0 0 0 0 0 0 0 0 0 0 0 0 0 
132 0 1 0 0 0 6 0 0 0 0 0 0 0 0 0 0 0 
133 0 0 0 0 0 6 0 0 0 0 0 1 0 0 0 0 0 
134 1 0 0 0 0 2 0 0 2 0 0 0 0 0 0 0 0 
135 0 2 0 0 0 9 1 0 0 0 0 0 0 0 0 0 0 
136 0 0 0 0 0 0 0 0 0 0 0 0 0 0 0 0 0 
137 0 0 0 0 0 0 0 0 0 0 0 0 0 0 0 0 0 
138 2 1 1 2 0 14 2 0 10 0 0 4 1 0 2 0 0 
139 2 1 1 1 0 12 2 0 8 0 0 4 1 0 2 0 0 
140 2 1 1 1 0 12 1 0 10 0 0 2 0 0 2 0 0 
141 2 1 1 1 0 12 2 0 8 0 0 2 0 0 2 0 0 
142 1 2 0 1 0 10 1 0 4 0 0 2 0 0 1 0 0 
143 0 1 0 0 0 3 0 0 0 0 0 0 0 0 0 0 0 
144 0 1 0 0 0 0 0 0 0 0 0 0 0 0 0 0 0 
145 1 0 0 1 0 4 0 0 4 0 0 1 0 0 1 0 0 
146 2 1 1 1 0 19 2 0 17 0 0 0 0 0 0 0 0 
147 0 1 0 0 0 5 5 0 0 0 0 1 1 0 0 0 0 
148 0 0 0 0 0 0 0 0 0 0 0 0 0 0 0 0 0 
149 1 0 0 0 0 26 0 0 8 0 0 0 0 0 0 0 0 
150 2 2 1 2 0 12 2 0 1 1 0 0 0 0 0 0 0 
151 1 0 0 0 0 4 0 0 4 0 0 0 0 0 0 0 0 
152 1 0 0 0 0 4 0 0 0 0 0 0 0 0 0 0 0 
153 0 0 0 0 0 0 0 0 0 0 0 0 0 0 0 0 0 
154 1 0 0 0 0 0 0 0 0 0 0 0 0 0 0 0 0 
155 0 0 0 0 0 0 0 0 0 0 0 0 0 0 0 0 0 
156 0 0 0 0 0 0 0 0 0 0 0 0 0 0 0 0 0 
157 0 0 0 0 0 0 0 0 0 0 0 0 0 0 0 0 0 
158 2 1 1 1 0 8 1 0 6 0 0 3 0 0 3 0 0 
159 2 1 1 2 0 10 1 0 8 0 0 2 0 0 2 0 0 
160 1 2 0 1 0 14 2 0 6 0 0 4 1 0 1 0 0 
161 0 1 0 0 0 4 0 0 0 0 0 0 0 0 0 0 0 
162 1 0 0 1 0 2 0 0 2 0 0 1 0 0 1 0 0 
163 2 1 1 2 0 10 1 0 8 0 0 3 0 0 3 0 0 
164 2 1 1 2 0 14 2 0 10 0 0 4 1 0 2 0 0 
165 1 2 0 1 0 14 2 0 6 0 0 4 1 0 2 0 0 
166 1 0 0 1 0 2 0 0 2 0 0 1 0 0 1 0 0 
167 2 1 1 2 0 14 1 0 12 0 0 3 0 0 3 0 0 
168 2 1 1 2 0 18 3 0 12 0 0 4 1 0 2 0 0 
169 1 2 0 1 0 19 2 0 9 0 0 6 1 0 3 0 0 
170 1 0 0 1 0 6 0 0 6 0 0 1 0 0 1 0 0 
171 2 1 1 2 0 22 2 0 10 0 0 4 1 0 2 0 0 
172 2 1 1 2 0 24 2 0 18 0 0 5 1 0 3 0 0 
173 3 1 2 2 0 38 2 0 19 0 0 3 0 0 3 0 0 
174 2 1 1 2 0 9 2 0 5 0 0 2 1 0 0 0 0 
175 1 2 0 0 0 12 1 0 4 0 0 4 1 0 1 0 0 
176 2 0 1 2 0 32 1 0 7 1 0 3 1 0 2 1 0 
177 2 1 1 2 0 5 3 0 2 0 0 2 1 0 1 0 0 
178 0 2 0 0 0 2 2 0 0 0 0 1 1 0 0 0 0 
179 1 0 0 1 0 6 0 0 6 0 0 0 0 0 0 0 0 
180 3 1 2 3 0 6 2 0 1 1 0 0 0 0 0 0 0 
181 2 0 1 1 0 6 0 0 3 0 0 0 0 0 0 0 0 
182 1 0 0 0 0 6 0 0 0 0 0 0 0 0 0 0 0 
183 0 0 0 0 0 0 0 0 0 0 0 0 0 0 0 0 0 
184 1 0 0 0 0 0 0 0 0 0 0 0 0 0 0 0 0 
185 0 0 0 0 0 0 0 0 0 0 0 0 0 0 0 0 0 
186 0 1 0 0 0 0 0 0 0 0 0 0 0 0 0 0 0 
187 0 0 0 0 0 3 0 0 0 0 0 0 0 0 0 0 0 
188 2 1 1 1 0 16 2 0 12 0 0 1 0 0 1 0 0 
189 0 1 0 0 0 8 3 0 0 0 0 1 1 0 0 0 0 
190 0 0 0 0 0 0 0 0 0 0 0 0 0 0 0 0 0 
191 2 1 1 2 0 14 2 0 10 0 0 4 1 0 2 0 0 
192 1 2 0 1 0 19 2 0 9 0 0 5 1 0 2 0 0 
193 1 0 0 1 0 4 0 0 4 0 0 0 0 0 0 0 0 
194 2 1 1 1 0 7 2 0 3 0 0 3 1 0 1 0 0 
195 2 1 1 1 0 1 0 0 1 0 0 1 0 0 1 0 0 
196 3 2 3 0 0 1 0 0 0 0 0 0 0 0 0 0 0 
197 0 2 0 0 0 5 2 0 0 0 0 0 0 0 0 0 0 
198 0 0 0 0 0 0 0 0 0 0 0 0 0 0 0 0 0 
199 0 0 0 0 0 0 0 0 0 0 0 0 0 0 0 0 0 
200 0 0 0 0 0 0 0 0 0 0 0 0 0 0 0 0 0 
201 0 0 0 0 0 0 0 0 0 0 0 0 0 0 0 0 0 
202 0 0 0 0 0 0 0 0 0 0 0 0 0 0 0 0 0 
203 0 0 0 0 0 0 0 0 0 0 0 0 0 0 0 0 0 
204 2 1 1 2 0 14 2 0 10 0 0 4 1 0 2 0 0 
205 2 1 1 1 0 12 2 0 8 0 0 5 1 0 3 0 0 
206 2 1 1 2 0 10 1 0 8 0 0 3 0 0 3 0 0 
207 2 1 1 2 0 14 2 0 10 0 0 3 1 0 1 0 0 
208 1 2 0 0 0 17 2 0 9 0 0 4 1 0 2 0 0 
209 1 0 0 1 0 0 0 0 0 0 0 0 0 0 0 0 0 
210 2 1 1 1 0 1 0 0 1 0 0 0 0 0 0 0 0 
211 1 2 0 0 0 9 0 0 3 0 0 0 0 0 0 0 0 
212 1 0 0 0 0 1 0 0 0 0 0 0 0 0 0 0 0 
213 0 0 0 0 0 0 0 0 0 0 0 0 0 0 0 0 0 
214 0 0 0 0 0 0 0 0 0 0 0 0 0 0 0 0 0 
215 1 0 0 1 0 8 3 0 3 3 0 1 1 0 1 1 0 
216 0 0 0 0 0 0 0 0 0 0 0 0 0 0 0 0 0 
217 0 0 0 0 0 0 0 0 0 0 0 0 0 0 0 0 0 
218 0 1 0 0 0 1 1 0 0 0 0 0 0 0 0 0 0 
219 0 0 0 0 0 0 0 0 0 0 0 0 0 0 0 0 0 
220 0 0 0 0 0 0 0 0 0 0 0 0 0 0 0 0 0 
221 0 0 0 0 0 0 0 0 0 0 0 0 0 0 0 0 0 
222 0 0 0 0 0 0 0 0 0 0 0 0 0 0 0 0 0 
223 2 1 1 2 0 10 1 0 8 0 0 2 0 0 2 0 0 
224 1 2 0 1 0 14 2 0 6 0 0 3 1 0 1 0 0 
225 0 1 0 0 0 2 0 0 0 0 0 1 0 0 0 0 0 
226 1 0 0 1 0 4 0 0 4 0 0 1 0 0 1 0 0 
227 2 1 1 2 0 14 2 0 10 0 0 3 1 0 1 0 0 
228 1 2 0 0 0 12 2 0 6 0 0 5 1 0 2 0 0 
229 1 0 0 1 0 4 0 0 4 0 0 1 0 0 1 0 0 
230 2 1 1 2 0 14 2 0 10 0 0 4 1 0 2 0 0 
231 1 2 0 1 0 14 2 0 6 0 0 5 1 0 2 0 0 
232 1 0 0 1 0 4 0 0 4 0 0 0 0 0 0 0 0 
233 2 1 1 1 0 12 2 0 8 0 0 5 1 0 3 0 0 
234 2 1 1 2 0 10 1 0 8 0 0 3 0 0 3 0 0 
235 2 1 1 2 0 14 2 0 10 0 0 4 1 0 2 0 0 
236 1 2 0 1 0 14 2 0 6 0 0 5 1 0 2 0 0 
237 1 0 0 1 0 4 0 0 4 0 0 1 0 0 1 0 0 
238 2 1 1 2 0 9 2 0 5 0 0 3 1 0 1 0 0 
239 2 1 1 1 0 4 1 0 2 0 0 3 1 0 1 0 0 
240 2 1 1 1 0 4 0 0 4 0 0 2 0 0 2 0 0 
241 2 1 1 1 0 8 1 0 7 0 0 0 0 0 0 0 0 
242 0 1 0 0 0 3 3 0 0 0 0 1 1 0 0 0 0 
243 0 0 0 0 0 0 0 0 0 0 0 0 0 0 0 0 0 
244 1 0 0 0 0 2 0 0 2 0 0 0 0 0 0 0 0 
245 1 0 0 0 0 1 0 0 0 0 0 0 0 0 0 0 0 
246 0 0 0 0 0 0 0 0 0 0 0 0 0 0 0 0 0 
247 0 0 0 0 0 0 0 0 0 0 0 0 0 0 0 0 0 
248 0 0 0 0 0 0 0 0 0 0 0 0 0 0 0 0 0 
249 0 0 0 0 0 0 0 0 0 0 0 0 0 0 0 0 0 
250 0 0 0 0 0 0 0 0 0 0 0 0 0 0 0 0 0 
251 0 0 0 0 0 0 0 0 0 0 0 0 0 0 0 0 0 
252 0 0 0 0 0 0 0 0 0 0 0 0 0 0 0 0 0 
253 0 0 0 0 0 0 0 0 0 0 0 0 0 0 0 0 0 
254 0 0 0 0 0 0 0 0 0 0 0 0 0 0 0 0 0 
255 3 2 2 3 0 15 0 0 7 0 0 7 0 0 3 0 0 
256 1 0 0 1 0 4 0 0 4 0 0 0 0 0 0 0 0 
257 2 1 1 1 0 12 2 0 8 0 0 4 1 0 2 0 0 
258 2 1 1 1 0 8 1 0 6 0 0 2 0 0 2 0 0 
259 2 1 1 1 0 4 1 0 2 0 0 1 0 0 0 0 0 
260 1 2 0 0 0 4 0 0 2 0 0 3 0 0 1 0 0 
261 0 1 0 0 0 0 0 0 0 0 0 0 0 0 0 0 0 
262 0 1 0 0 0 0 0 0 0 0 0 0 0 0 0 0 0 
263 0 0 0 0 0 0 0 0 0 0 0 0 0 0 0 0 0 
264 1 0 0 0 0 0 0 0 0 0 0 0 0 0 0 0 0 
265 0 0 0 0 0 0 0 0 0 0 0 0 0 0 0 0 0 
266 0 0 0 0 0 0 0 0 0 0 0 0 0 0 0 0 0 
