1 5 51.47
2 3 21.20
3 8 22.88
4 24 18.57
5 8 20.17
6 3 19.18
7 7 20.17
8 8 21.96
9 8 17.65
10 3 14.73
11 11 14.56
12 17 10.91
13 17 10.72
14 2 10.15
15 9 10.04
16 14 3.72
17 1 0.01
18 1 0.01
19 1 0.01
20 1 0.01
21 1 1.76
22 1 0.01
23 3 43.33
24 23 49.83
25 14 6.20
26 10 9.66
27 2 24.86
28 9 12.00
29 25 28.71
30 9 5.41
31 1 0.01
32 1 1.76
33 1 0.01
34 1 0.01
35 1 1.78
36 1 0.01
37 1 0.01
38 1 0.01
39 1 0.01
40 1 0.01
41 14 4.07
42 1 0.01
43 14 1.14
44 2 9.09
45 3 21.55
46 8 70.17
47 11 46.79
48 2 9.35
49 17 54.76
50 17 29.08
51 17 16.56
52 9 8.47
53 9 6.72
54 9 2.40
55 1 1.76
56 1 0.01
57 1 0.01
58 1 0.01
59 10 16.10
60 18 21.31
61 8 27.28
62 14 6.34
63 2 9.09
64 12 22.36
65 8 37.54
66 2 9.09
67 12 27.48
68 8 16.05
69 13 27.91
70 3 14.21
71 7 23.69
72 11 16.65
73 24 37.87
74 8 24.82
75 18 24.88
76 8 29.83
77 14 6.31
78 9 5.99
79 11 20.94
80 17 9.38
81 10 7.23
82 10 7.86
83 14 2.11
84 14 0.99
85 1 0.01
86 1 0.01
87 14 11.68
88 1 0.01
89 17 12.24
90 9 6.63
91 14 1.28
92 1 0.01
93 7 30.69
94 21 42.56
95 17 14.17
96 23 26.58
97 18 24.69
98 2 18.30
99 14 12.84
100 14 1.29
101 2 9.14
102 2 18.71
103 10 7.66
104 1 0.01
105 17 21.38
106 15 19.84
107 11 10.98
108 18 30.79
109 17 10.82
110 17 22.10
111 9 5.63
112 14 2.56
113 14 4.26
114 14 2.53
115 14 2.75
116 1 0.01
117 1 0.01
118 1 0.01
119 9 5.15
120 1 1.78
121 1 0.01
122 1 0.01
123 1 0.01
124 1 0.01
125 25 18.19
126 9 2.54
127 1 1.76
128 1 0.01
129 1 0.01
130 1 0.01
131 1 0.01
132 1 0.01
133 10 12.19
134 10 8.86
135 10 6.66
136 9 4.90
137 14 0.99
138 1 0.01
139 1 0.01
140 2 11.79
141 10 6.08
142 10 7.86
143 14 4.03
144 14 1.25
145 1 0.01
146 1 0.01
147 2 8.22
148 7 30.04
149 11 23.30
150 9 5.94
151 24 22.60
152 17 21.00
153 9 5.93
154 17 14.65
155 14 1.14
156 9 5.66
157 14 2.56
158 14 2.11
159 14 1.02
160 1 0.01
161 1 0.01
162 1 0.01
163 1 0.01
164 6 107.05
165 24 36.09
166 9 5.98
167 24 52.36
168 15 63.72
169 9 6.41
170 15 54.85
171 17 26.94
172 17 15.18
173 2 26.60
174 14 2.53
175 9 5.94
176 1 1.79
177 1 0.01
178 9 3.31
179 1 0.01
180 1 0.01
181 14 1.02
182 1 0.01
183 1 0.01
184 1 0.01
185 1 0.01
186 1 0.01
187 8 21.58
188 13 24.93
189 2 8.81
190 8 26.91
191 13 16.67
192 23 29.00
193 8 34.20
194 12 20.92
195 18 16.11
196 23 20.30
197 15 23.54
198 8 21.59
199 11 16.84
200 9 5.91
201 17 10.20
202 2 12.47
203 9 10.27
204 14 3.94
205 1 0.01
206 1 0.01
207 1 0.01
208 1 0.01
209 14 4.49
210 1 0.01
211 2 8.65
212 14 12.68
213 10 19.43
214 23 18.13
215 8 23.42
216 15 30.12
217 8 26.93
218 18 17.89
219 8 22.43
220 14 27.54
221 13 20.55
222 12 19.22
223 17 24.15
224 9 6.07
225 12 18.53
226 15 19.95
227 3 28.03
228 23 31.54
229 2 8.33
230 8 21.28
231 23 25.34
232 18 23.76
233 24 21.23
234 7 19.37
235 11 11.03
236 17 29.08
237 17 8.29
238 2 10.55
239 9 4.91
240 14 2.87
241 1 0.01
242 1 0.01
243 1 0.01
244 1 0.01
245 1 1.76
246 1 0.01
247 1 0.01
248 1 0.01
249 1 0.01
250 21 13.04
251 10 9.99
252 17 19.45
253 9 5.74
254 9 4.75
255 14 4.29
256 1 0.01
257 9 2.33
258 1 1.76
259 1 0.01
260 1 0.01
261 1 0.01
