3 2 9.02
4 3 15.76
5 15 30.12
6 9 5.99
7 23 19.58
8 15 24.07
9 8 22.43
10 13 29.93
11 2 8.78
12 15 32.22
13 12 33.75
14 2 8.49
15 2 30.65
16 17 14.93
17 2 18.05
18 9 2.46
19 14 2.68
20 1 1.80
21 1 0.01
22 1 0.01
23 9 10.94
24 25 21.36
25 1 0.01
26 1 0.01
27 9 5.19
28 9 4.90
29 14 1.02
30 1 0.01
31 1 0.01
32 10 14.42
33 1 1.99
34 1 0.01
35 14 1.29
36 14 5.60
37 1 0.01
38 14 3.94
39 9 2.77
40 14 2.92
41 1 0.01
42 1 0.01
43 1 0.01
44 1 0.01
45 1 0.01
46 8 25.46
47 15 24.00
48 2 8.83
49 11 16.67
50 17 11.89
51 17 14.48
52 9 2.54
53 9 5.10
54 14 1.25
55 1 0.01
56 1 0.01
57 1 1.79
58 1 0.01
59 1 0.01
60 1 1.78
61 1 0.01
62 1 0.01
63 1 0.01
64 1 0.01
65 1 0.01
66 1 0.01
67 1 1.78
68 1 0.01
69 1 0.01
70 1 0.01
71 1 0.01
72 1 0.01
73 1 0.01
74 1 1.80
75 14 2.64
76 1 0.01
77 1 0.01
78 1 0.01
79 14 1.02
80 1 0.01
81 1 0.01
82 1 0.01
83 1 0.01
84 1 0.01
85 1 0.01
86 1 0.01
87 1 0.01
88 1 0.01
89 1 0.01
90 9 2.77
91 1 1.78
92 1 0.01
93 1 1.78
94 1 0.01
95 1 0.01
96 1 0.01
97 1 0.01
98 14 2.67
99 1 0.01
100 14 1.19
101 14 2.67
102 1 0.01
103 1 0.01
104 1 1.76
105 1 0.01
106 1 0.01
107 1 0.01
108 14 1.05
109 1 0.01
110 1 0.01
111 1 0.01
112 1 0.01
113 1 0.01
114 1 0.01
115 1 0.01
116 1 0.01
117 1 0.01
118 1 0.01
119 1 0.01
120 1 0.01
121 1 0.01
122 1 0.01
123 1 0.01
124 1 0.01
