1 18 15.80
2 9 22.26
3 2 9.30
4 14 25.16
5 18 22.90
6 20 17.25
7 14 12.32
8 17 9.89
9 17 10.69
10 25 2.67
11 25 6.15
12 1 1.84
13 1 0.01
14 1 0.01
15 1 0.01
16 1 1.84
17 1 0.01
18 1 1.86
19 1 0.01
20 1 0.01
21 1 0.01
22 1 0.01
23 1 0.01
24 1 0.01
25 1 0.01
26 2 13.83
27 10 31.05
28 2 9.07
29 16 16.57
30 17 32.84
31 2 15.69
32 17 15.23
33 7 8.74
34 15 6.40
35 1 1.84
36 1 0.01
37 1 0.01
38 1 0.01
39 1 0.01
40 1 0.01
41 1 0.01
42 1 0.01
43 7 4.64
44 1 1.84
45 1 0.01
46 1 0.01
47 1 0.01
48 1 0.01
49 1 0.01
50 1 1.83
51 25 3.56
52 1 0.01
53 1 0.01
54 1 0.01
55 1 0.01
56 1 1.84
57 1 0.01
58 1 1.84
59 1 0.01
60 1 1.86
61 1 0.01
62 6 4.17
63 1 0.01
64 1 0.01
65 1 1.84
66 25 10.44
67 6 4.25
68 1 0.01
69 6 6.73
70 25 1.24
71 1 0.01
72 1 0.01
73 1 0.01
74 7 3.53
75 7 4.34
76 1 1.83
77 1 1.84
78 1 0.01
79 1 0.01
80 1 0.01
81 1 1.84
82 1 1.83
83 6 9.77
84 1 0.01
85 25 4.96
86 7 2.89
87 1 0.01
88 1 0.01
89 1 0.01
90 1 0.01
91 1 0.01
92 1 0.01
93 1 1.86
94 1 0.01
95 25 9.85
96 1 0.01
97 1 0.01
98 1 0.01
99 1 0.01
100 1 0.01
101 1 0.01
102 1 0.01
103 15 79.15
104 25 6.23
105 1 0.01
106 1 0.01
107 1 0.01
108 1 0.01
109 1 0.01
110 1 0.01
111 1 0.01
112 1 0.01
113 1 0.01
114 1 0.01
115 1 0.01
116 17 9.60
117 15 18.30
118 1 1.84
119 1 0.01
120 15 6.50
121 7 2.81
122 25 2.64
123 1 0.01
124 1 0.01
125 1 0.01
126 1 0.01
127 1 0.01
128 1 0.01
129 1 0.01
130 1 0.01
131 1 0.01
132 1 0.01
133 1 0.01
134 1 0.01
135 1 0.01
136 25 1.52
137 1 1.86
138 1 0.01
139 1 0.01
140 25 4.83
141 7 4.12
142 1 0.01
143 1 0.01
144 1 0.01
145 1 1.84
146 1 0.01
147 1 0.01
148 1 0.01
149 25 1.24
150 1 0.01
151 1 0.01
152 1 0.01
153 1 1.83
154 1 0.01
155 1 0.01
156 1 0.01
157 1 0.01
158 1 0.01
159 1 0.01
160 1 0.01
161 1 0.01
162 1 0.01
163 1 0.01
164 25 1.24
165 1 1.83
166 1 0.01
167 1 0.01
168 1 0.01
