1 20 18.37
2 10 32.89
3 2 19.55
4 5 19.70
5 7 5.27
6 25 5.07
7 11 22.60
8 9 25.96
9 9 13.25
10 20 23.35
11 2 7.69
12 23 11.43
13 17 10.50
14 2 10.48
15 25 4.85
16 7 3.53
17 1 0.01
18 1 0.01
19 1 0.01
20 1 0.01
21 1 0.01
22 1 0.01
23 20 52.14
24 22 74.86
25 23 28.12
26 17 26.54
27 7 23.78
28 25 11.47
29 6 15.85
30 6 7.24
31 1 0.01
32 25 1.50
33 1 1.86
34 1 0.01
35 1 0.01
36 25 2.22
37 1 1.85
38 1 0.01
39 1 0.01
40 1 0.01
41 7 3.27
42 1 0.01
43 1 1.83
44 2 10.92
45 14 41.50
46 23 12.91
47 17 20.96
48 25 2.63
49 6 6.29
50 17 8.93
51 1 0.01
52 1 1.84
53 1 0.01
54 1 0.01
55 1 0.01
56 17 44.47
57 10 20.84
58 9 11.82
59 21 30.66
60 2 9.33
61 20 21.28
62 18 37.43
63 13 27.76
64 20 29.16
65 18 19.46
66 2 8.85
67 20 25.79
68 18 20.91
69 20 21.66
70 5 49.67
71 23 23.82
72 10 22.72
73 19 30.06
74 9 28.30
75 16 15.73
76 14 29.80
77 17 13.61
78 17 10.94
79 17 16.35
80 6 5.21
81 6 2.64
82 1 0.01
83 1 0.01
84 17 12.16
85 25 8.64
86 17 13.13
87 6 4.46
88 1 1.84
89 1 0.01
90 13 23.38
91 16 63.23
92 23 14.87
93 10 29.12
94 14 37.02
95 2 17.85
96 7 11.91
97 1 1.84
98 2 9.10
99 2 22.83
100 7 19.80
101 1 0.01
102 23 16.88
103 18 20.92
104 14 11.83
105 2 32.75
106 17 13.73
107 17 21.91
108 25 5.63
109 7 2.89
110 7 4.26
111 7 2.72
112 7 3.50
113 1 0.01
114 1 0.01
115 1 0.01
116 25 3.53
117 1 1.85
118 1 0.01
119 1 0.01
120 1 0.01
121 1 0.01
122 6 9.55
123 1 1.84
124 1 0.01
125 1 0.01
126 1 0.01
127 1 0.01
128 1 0.01
129 1 0.01
130 14 22.91
131 25 5.54
132 17 9.92
133 7 2.28
134 25 2.67
135 25 1.24
136 1 0.01
137 1 0.01
138 17 9.23
139 1 0.01
140 7 4.42
141 1 1.84
142 1 0.01
143 1 0.01
144 2 10.45
145 9 28.72
146 10 22.01
147 2 8.13
148 5 24.20
149 23 18.40
150 25 5.09
151 17 13.84
152 17 15.53
153 25 5.65
154 7 2.89
155 7 2.28
156 1 1.83
157 1 0.01
158 1 0.01
159 1 0.01
160 1 0.01
161 22 121.21
162 10 43.17
163 2 13.28
164 5 49.75
165 12 21.69
166 25 6.28
167 12 44.49
168 23 23.50
169 17 16.16
170 21 25.63
171 7 2.72
172 6 5.47
173 1 1.84
174 1 0.01
175 25 3.17
176 1 0.01
177 1 0.01
178 1 1.83
179 1 0.01
180 1 0.01
181 1 0.01
182 1 0.01
183 1 0.01
184 9 23.54
185 16 15.34
186 10 22.46
187 9 29.21
188 2 8.94
189 10 31.59
190 9 32.49
191 10 34.45
192 20 31.24
193 10 20.44
194 21 19.20
195 18 18.68
196 14 14.87
197 23 15.82
198 23 12.27
199 2 12.43
200 6 8.33
201 7 4.13
202 1 0.01
203 1 0.01
204 1 0.01
205 1 0.01
206 1 1.84
207 1 0.01
208 1 0.01
209 7 10.42
210 17 19.18
211 10 18.28
212 9 20.18
213 21 42.61
214 18 19.16
215 20 26.88
216 18 26.62
217 18 19.40
218 16 17.07
219 14 26.25
220 9 16.54
221 16 23.12
222 20 24.09
223 9 18.71
224 20 30.31
225 2 7.78
226 9 27.94
227 18 22.81
228 10 29.68
229 20 44.15
230 5 22.15
231 11 22.68
232 14 11.30
233 23 29.21
234 17 10.11
235 2 10.98
236 6 3.12
237 1 3.69
238 1 0.01
239 1 0.01
240 1 0.01
241 25 2.25
242 25 1.24
243 1 0.01
244 1 0.01
245 1 0.01
246 1 0.01
247 14 36.83
248 17 11.75
249 17 12.07
250 25 2.67
251 25 4.56
252 7 2.96
253 1 0.01
254 1 1.83
255 1 0.01
256 1 0.01
257 1 0.01
258 1 0.01
