pdb lig overlap PP-crit PP-dst crit4 crit5 crit6 crit6_continue lig_vol pock_vol nb_AS nb_AS_norm mean_as_ray mean_as_solv_acc apol_as_prop apol_as_prop_norm mean_loc_hyd_dens mean_loc_hyd_dens_norm hydrophobicity_score volume_score polarity_score polarity_score_norm charge_score flex prop_polar_atm as_density as_density_norm as_max_dst as_max_dst_norm drug_score pock_asa pock_pol_asa pock_apol_asa ALA ARG ASN ASP CYS GLN GLU GLY HIS ILE LEU LYS MET PHE PRO SER THR TRP TYR VAL
dpoc.receptor.peptide.pdb PEP   0.00  0  39.04 0.00 0.00  0 -1.25  1111.26     986.22   155 1.00   3.80   0.47  0.54 0.54   63.07 1.00     25.67    4.13    18  1.00    -1   0.22   36.84  6.38  0.90 16.05  0.87  0.74 488.04 199.41 288.62   2   0   2   4   3   3   1   1   3   3   0   1   0   2   0   0   1   3   0   1
dpoc.receptor.peptide.pdb PEP   0.00  0  35.22 0.00 0.00  0 -1.25  1111.26     912.93   131 0.84   3.68   0.44  0.44 0.44   29.72 0.47     29.24    4.16    13  0.72     0   0.16   38.57  7.05  1.00 15.72  0.86  0.07 482.50 180.79 301.71   2   1   1   1   1   1   1   2   0   0   0   1   3   0   1   2   1   3   1   3
dpoc.receptor.peptide.pdb PEP   0.00  0  18.47 0.00 0.00  0 -1.25  1111.26     478.38    95 0.61   3.76   0.52  0.46 0.46   40.00 0.63     31.68    4.32    11  0.61     1   0.12   35.85  4.78  0.68 12.86  0.71  0.11 190.94 59.31 131.63   1   1   2   1   0   0   1   1   1   3   0   1   3   0   1   1   1   2   0   2
dpoc.receptor.peptide.pdb PEP   0.00  0  21.93 0.00 0.00  0 -1.25  1111.26     913.06   103 0.66   3.70   0.51  0.51 0.51   35.70 0.57     10.40    4.00    11  0.61    -2   0.47   36.36  5.79  0.82 18.53  1.00  0.03 369.17 131.27 237.90   0   0   1   3   0   1   1   0   2   3   0   0   0   0   1   0   2   1   0   0
dpoc.receptor.peptide.pdb PEP   0.00  0  24.74 0.00 0.00  0 -1.25  1111.26     417.47   106 0.68   3.47   0.44  0.34 0.34   23.61 0.37     30.55    3.86     6  0.33    -1   0.09   42.11  5.15  0.73 10.89  0.61  0.03 186.23 100.49 85.74   3   0   0   2   2   1   0   1   0   2   0   1   2   2   3   0   1   1   0   1
dpoc.receptor.peptide.pdb PEP   0.00  0  15.90 0.00 0.00  0 -1.25  1111.26     514.15    87 0.56   3.62   0.50  0.45 0.45   32.62 0.52     26.18    3.59     7  0.39     0   0.18   38.78  5.50  0.78 12.77  0.70  0.03 240.24 111.02 129.22   1   0   3   0   0   0   1   2   1   1   0   0   1   3   1   1   1   0   0   1
dpoc.receptor.peptide.pdb PEP   0.00  0  27.48 0.00 0.00  0 -1.25  1111.26     734.19    75 0.48   4.08   0.64  0.24 0.24   14.44 0.23     -7.10    3.80     8  0.44     2   0.74   52.50  5.52  0.78 11.84  0.66  0.01 339.58 224.86 114.72   0   0   1   2   0   0   0   0   3   1   0   1   0   0   1   0   1   0   0   0
dpoc.receptor.peptide.pdb PEP   0.00  0  28.85 0.00 0.00  0 -1.25  1111.26     490.16    63 0.40   3.87   0.56  0.54 0.54   29.00 0.46     31.40    4.00     6  0.33     1   0.19   31.43  4.16  0.59 10.23  0.57  0.03 235.85 116.29 119.56   0   0   1   0   1   0   1   1   2   2   0   0   0   0   0   0   1   1   0   0
dpoc.receptor.peptide.pdb PEP   9.18  0   6.62 0.12 0.02  0 -0.97  1111.26     557.56    48 0.31   3.90   0.67  0.54 0.54   25.00 0.40    -14.00    3.75     8  0.44    -2   0.24   43.33  3.60  0.51  8.35  0.48  0.01 237.46 151.72 85.74   0   0   0   4   0   0   0   0   2   0   0   0   0   0   0   1   0   1   0   0
dpoc.receptor.peptide.pdb PEP   0.00  0  17.21 0.00 0.00  0 -1.25  1111.26     473.52    42 0.27   3.88   0.54  0.17 0.17    6.00 0.10     41.44    3.78     5  0.28     2   0.29   36.00  3.14  0.45  7.61  0.44  0.04 215.88 103.57 112.31   0   0   0   0   0   0   0   0   2   1   1   0   0   1   0   3   0   0   0   1
dpoc.receptor.peptide.pdb PEP   0.00  0  14.88 0.00 0.00  0 -1.25  1111.26     319.16    40 0.25   3.69   0.52  0.35 0.35   13.00 0.21     39.67    4.56     5  0.28     2   0.27   42.31  3.24  0.46  7.36  0.43  0.04 140.65 65.78 74.87   1   0   1   0   0   1   0   0   1   1   1   1   0   0   0   0   0   1   0   1
dpoc.receptor.peptide.pdb PEP   0.00  0  34.30 0.00 0.00  0 -1.25  1111.26     226.10    43 0.27   3.37   0.41  0.40 0.40   15.29 0.24     52.92    4.69     5  0.28     0   0.30   37.04  3.90  0.55 10.32  0.58  0.10 162.53 75.58 86.95   1   0   0   0   1   0   1   0   0   1   0   1   2   3   0   1   1   1   0   0
dpoc.receptor.peptide.pdb PEP   0.00  0  27.82 0.00 0.00  0 -1.25  1111.26     165.08    37 0.23   3.21   0.35  0.35 0.35   12.00 0.19      1.70    3.70     6  0.33     0   0.12   46.15  3.83  0.54  7.58  0.44  0.01 78.80 26.87 51.93   0   1   0   1   0   1   1   1   1   0   0   0   0   0   1   0   1   0   0   2
dpoc.receptor.peptide.pdb PEP   0.00  0  20.16 0.00 0.00  0 -1.25  1111.26     569.35    38 0.24   4.08   0.53  0.08 0.08    0.67 0.01      5.44    3.44     5  0.28     0   0.18   54.17  4.38  0.62 10.36  0.58  0.01 254.63 172.51 82.12   0   0   0   2   0   0   0   1   2   0   0   0   0   1   1   0   1   0   0   1
dpoc.receptor.peptide.pdb PEP   6.12  0  50.04 0.00 0.00  0 -1.25  1111.26     616.80    36 0.23   4.17   0.60  0.14 0.14    4.00 0.06     25.33    4.22     3  0.17     1   0.17   48.00  3.85  0.55  7.40  0.43  0.01 295.54 247.24 48.31   0   0   0   0   1   0   0   0   1   1   0   0   0   1   3   0   1   1   0   0
