63 9 12.76
64 1 1.76
65 14 4.47
66 14 7.09
67 14 1.05
68 14 1.02
69 1 0.01
70 1 0.01
71 14 0.99
72 14 1.02
73 14 0.99
74 14 1.02
75 1 0.01
76 1 0.01
77 9 15.16
78 9 11.01
79 1 0.01
80 1 0.01
81 1 0.01
82 1 0.01
83 1 0.01
84 1 0.01
85 1 0.01
86 1 0.01
87 1 0.01
88 1 0.01
89 1 0.01
90 14 1.29
91 1 0.01
92 9 3.65
93 1 1.76
94 1 0.01
95 1 0.01
96 1 0.01
97 1 0.01
98 1 0.01
99 1 0.01
100 1 0.01
101 1 0.01
102 1 1.80
103 1 0.01
104 14 4.21
105 1 0.01
106 14 30.16
107 1 0.01
108 1 0.01
109 9 5.47
110 1 0.01
111 1 0.01
112 1 0.01
113 1 0.01
114 1 0.01
115 1 1.80
116 1 0.01
117 1 0.01
118 1 0.01
119 1 0.01
120 1 0.01
121 1 1.76
122 14 4.08
123 1 0.01
124 1 0.01
125 1 1.78
126 1 0.01
127 9 3.31
128 1 0.01
129 1 0.01
130 1 0.01
131 1 0.01
132 1 0.01
133 9 4.59
134 14 1.22
135 14 1.02
136 1 0.01
137 1 0.01
138 1 0.01
139 1 0.01
140 1 0.01
141 14 1.28
142 25 36.31
143 14 1.28
144 1 1.78
145 9 6.80
146 14 1.21
147 1 0.01
148 1 0.01
149 1 0.01
150 1 0.01
151 1 0.01
152 1 0.01
153 1 0.01
154 1 0.01
155 1 0.01
156 14 2.67
157 1 0.01
158 1 0.01
159 9 6.02
160 1 0.01
161 1 0.01
162 1 0.01
163 1 0.01
164 1 0.01
165 1 0.01
166 1 0.01
167 1 0.01
168 1 0.01
169 1 0.01
170 1 0.01
171 1 0.01
172 14 12.63
173 14 1.22
174 1 1.78
175 14 1.05
176 1 0.01
177 1 0.01
178 9 5.47
179 1 0.01
180 1 0.01
181 1 0.01
182 1 0.01
183 1 0.01
184 1 0.01
185 14 1.21
186 1 0.01
187 1 0.01
188 1 0.01
189 1 0.01
190 1 0.01
191 1 0.01
192 1 0.01
193 1 0.01
194 1 0.01
195 1 0.01
196 1 0.01
197 1 0.01
198 1 0.01
199 1 0.01
200 1 0.01
201 9 2.98
202 1 1.80
203 1 0.01
204 1 0.01
205 1 0.01
206 1 0.01
