1 2 1 1 1 0 12 2 0 8 0 0 4 1 0 2 0 0 
2 2 1 1 1 0 12 1 0 10 0 0 3 0 0 3 0 0 
3 2 1 1 2 0 14 2 0 10 0 0 2 0 0 2 0 0 
4 1 2 0 1 0 14 2 0 6 0 0 4 1 0 1 0 0 
5 0 1 0 0 0 6 0 0 0 0 0 1 0 0 0 0 0 
6 1 0 0 1 0 19 0 0 4 0 0 0 0 0 0 0 0 
7 2 1 1 1 0 12 2 0 8 0 0 5 1 0 3 0 0 
8 2 1 1 2 0 10 1 0 8 0 0 3 0 0 3 0 0 
9 2 1 1 2 0 14 2 0 10 0 0 4 1 0 2 0 0 
10 1 2 0 1 0 14 2 0 6 0 0 5 1 0 2 0 0 
11 1 0 0 1 0 4 0 0 4 0 0 1 0 0 1 0 0 
12 2 1 1 2 0 19 2 0 15 0 0 4 1 0 2 0 0 
13 2 1 1 1 0 10 3 0 4 0 0 3 1 0 1 0 0 
14 2 1 1 1 0 1 0 0 1 0 0 1 0 0 1 0 0 
15 2 1 1 1 0 1 0 0 1 0 0 0 0 0 0 0 0 
16 1 1 0 0 0 11 0 0 1 0 0 0 0 0 0 0 0 
17 0 0 0 0 0 0 0 0 0 0 0 0 0 0 0 0 0 
18 0 0 0 0 0 0 0 0 0 0 0 0 0 0 0 0 0 
19 0 0 0 0 0 0 0 0 0 0 0 0 0 0 0 0 0 
20 0 0 0 0 0 0 0 0 0 0 0 0 0 0 0 0 0 
21 0 0 0 0 0 0 0 0 0 0 0 0 0 0 0 0 0 
22 0 0 0 0 0 0 0 0 0 0 0 0 0 0 0 0 0 
23 2 1 1 2 0 22 2 0 14 0 0 4 1 0 2 0 0 
24 3 2 2 1 0 70 5 0 26 0 0 8 3 0 4 0 0 
25 2 1 1 2 0 54 3 0 18 0 0 6 0 0 5 0 0 
26 2 1 1 3 0 14 3 0 8 0 0 4 1 0 2 0 0 
27 1 3 0 1 0 4 1 0 0 0 0 2 1 0 0 0 0 
28 1 1 0 3 0 26 2 0 0 0 0 0 0 0 0 0 0 
29 5 0 2 2 6 4 0 0 3 0 0 0 0 0 0 0 0 
30 2 0 1 1 0 1 0 0 1 0 0 1 0 0 1 0 0 
31 0 0 0 0 0 0 0 0 0 0 0 0 0 0 0 0 0 
32 1 0 0 1 0 0 0 0 0 0 0 0 0 0 0 0 0 
33 1 0 0 0 0 0 0 0 0 0 0 0 0 0 0 0 0 
34 0 0 0 0 0 0 0 0 0 0 0 0 0 0 0 0 0 
35 0 0 0 0 0 0 0 0 0 0 0 0 0 0 0 0 0 
36 1 0 0 1 0 0 0 0 0 0 0 0 0 0 0 0 0 
37 1 0 0 0 0 0 0 0 0 0 0 0 0 0 0 0 0 
38 0 0 0 0 0 0 0 0 0 0 0 0 0 0 0 0 0 
39 0 0 0 0 0 0 0 0 0 0 0 0 0 0 0 0 0 
40 0 0 0 0 0 0 0 0 0 0 0 0 0 0 0 0 0 
41 0 2 0 0 0 5 4 0 0 0 0 0 0 0 0 0 0 
42 0 0 0 0 0 0 0 0 0 0 0 0 0 0 0 0 0 
43 0 1 0 0 0 16 4 0 0 0 0 0 0 0 0 0 0 
44 1 0 0 2 0 3 1 0 3 1 0 1 0 0 1 0 0 
45 4 1 4 3 0 12 0 0 7 0 0 6 0 0 4 0 0 
46 2 1 1 2 0 14 2 0 10 0 0 3 1 0 1 0 0 
47 1 2 0 0 0 7 2 0 3 0 0 3 1 0 1 0 0 
48 1 0 0 1 0 2 0 0 2 0 0 0 0 0 0 0 0 
49 2 1 1 1 0 4 1 0 2 0 0 1 0 0 0 0 0 
50 1 1 0 0 0 2 0 0 1 0 0 2 0 0 1 0 0 
51 0 0 0 0 0 0 0 0 0 0 0 0 0 0 0 0 0 
52 0 1 0 0 0 0 0 0 0 0 0 0 0 0 0 0 0 
53 0 0 0 0 0 0 0 0 0 0 0 0 0 0 0 0 0 
54 0 0 0 0 0 0 0 0 0 0 0 0 0 0 0 0 0 
55 0 0 0 0 0 0 0 0 0 0 0 0 0 0 0 0 0 
56 2 1 1 4 0 28 9 0 12 6 0 2 1 0 2 1 0 
57 2 1 1 2 0 10 1 0 8 0 0 3 0 0 3 0 0 
58 2 1 1 2 0 14 2 0 10 0 0 4 1 0 2 0 0 
59 1 2 0 1 0 14 2 0 6 0 0 5 1 0 2 0 0 
60 1 0 0 1 0 4 0 0 4 0 0 1 0 0 1 0 0 
61 2 1 1 2 0 14 2 0 10 0 0 4 1 0 2 0 0 
62 2 1 1 1 0 12 2 0 8 0 0 5 1 0 3 0 0 
63 2 1 1 2 0 10 1 0 8 0 0 3 0 0 3 0 0 
64 2 1 1 2 0 14 2 0 10 0 0 4 1 0 2 0 0 
65 1 2 0 1 0 14 2 0 6 0 0 5 1 0 2 0 0 
66 1 0 0 1 0 4 0 0 4 0 0 1 0 0 1 0 0 
67 2 1 1 2 0 14 2 0 10 0 0 5 1 0 3 0 0 
68 2 1 1 2 0 14 2 0 10 0 0 5 1 0 3 0 0 
69 2 1 1 2 0 14 2 0 10 0 0 5 1 0 3 0 0 
70 2 1 1 2 0 14 2 0 10 0 0 5 1 0 3 0 0 
71 2 1 1 2 0 14 2 0 10 0 0 5 1 0 3 0 0 
72 2 1 1 2 0 14 2 0 10 0 0 4 1 0 2 0 0 
73 2 1 1 1 0 12 2 0 8 0 0 5 1 0 3 0 0 
74 2 1 1 2 0 10 1 0 8 0 0 3 0 0 3 0 0 
75 2 1 1 2 0 14 2 0 10 0 0 5 1 0 3 0 0 
76 1 2 0 1 0 19 2 0 9 0 0 7 1 0 2 0 0 
77 1 0 0 1 0 4 0 0 4 0 0 2 0 0 2 0 0 
78 2 2 1 2 0 2 1 0 0 0 0 2 1 0 0 0 0 
79 2 1 1 3 0 1 1 0 1 1 0 1 1 0 1 1 0 
80 3 0 0 1 3 12 0 0 4 0 0 0 0 0 0 0 0 
81 2 0 1 0 0 0 0 0 0 0 0 0 0 0 0 0 0 
82 0 0 0 0 0 0 0 0 0 0 0 0 0 0 0 0 0 
83 0 0 0 0 0 0 0 0 0 0 0 0 0 0 0 0 0 
84 1 0 0 1 0 3 3 0 3 3 0 2 2 0 2 2 0 
85 1 0 0 2 0 2 0 0 2 0 0 0 0 0 0 0 0 
86 3 0 0 1 3 4 0 0 4 0 0 2 0 0 2 0 0 
87 2 1 1 0 0 1 0 0 0 0 0 0 0 0 0 0 0 
88 0 1 0 0 0 3 3 0 0 0 0 0 0 0 0 0 0 
89 0 0 0 0 0 0 0 0 0 0 0 0 0 0 0 0 0 
90 1 0 0 2 0 9 6 0 9 6 0 3 2 0 3 2 0 
91 4 1 4 4 0 25 0 0 17 0 0 7 0 0 4 0 0 
92 2 1 1 2 0 14 2 0 10 0 0 4 1 0 2 0 0 
93 2 1 1 1 0 18 2 0 10 0 0 4 1 0 2 0 0 
94 3 1 1 1 0 14 1 0 6 0 0 3 0 0 3 0 0 
95 2 1 1 2 0 10 1 0 8 0 0 1 0 0 1 0 0 
96 1 2 0 0 0 22 2 0 12 0 0 2 1 0 0 0 0 
97 0 1 0 0 0 2 0 0 0 0 0 0 0 0 0 0 0 
98 1 0 0 1 0 4 0 0 4 0 0 1 0 0 1 0 0 
99 1 1 0 1 0 26 2 0 6 0 0 1 0 0 1 0 0 
100 2 2 1 0 0 5 1 0 0 0 0 0 0 0 0 0 0 
101 0 0 0 0 0 3 0 0 0 0 0 0 0 0 0 0 0 
102 2 1 1 2 0 14 2 0 10 0 0 5 1 0 3 0 0 
103 2 1 1 2 0 18 2 0 12 0 0 4 1 0 2 0 0 
104 2 1 1 1 0 26 2 0 8 0 0 5 1 0 3 0 0 
105 2 1 1 2 0 6 1 0 4 0 0 1 0 0 1 0 0 
106 2 1 1 1 0 8 1 0 6 0 0 3 1 0 1 0 0 
107 1 2 0 0 0 8 1 0 4 0 0 3 0 0 2 0 0 
108 1 0 0 0 0 3 0 0 3 0 0 1 0 0 1 0 0 
109 0 2 0 0 0 4 2 0 0 0 0 0 0 0 0 0 0 
110 0 2 0 0 0 0 0 0 0 0 0 0 0 0 0 0 0 
111 0 2 0 0 0 3 1 0 0 0 0 0 0 0 0 0 0 
112 1 1 0 0 0 7 1 0 4 0 0 0 0 0 0 0 0 
113 0 0 0 0 0 0 0 0 0 0 0 0 0 0 0 0 0 
114 0 0 0 0 0 2 0 0 0 0 0 0 0 0 0 0 0 
115 0 0 0 0 0 6 0 0 0 0 0 0 0 0 0 0 0 
116 2 0 1 1 0 2 0 0 1 0 0 0 0 0 0 0 0 
117 1 0 0 0 0 2 0 0 2 0 0 0 0 0 0 0 0 
118 0 0 0 0 0 2 0 0 0 0 0 0 0 0 0 0 0 
119 0 0 0 0 0 0 0 0 0 0 0 0 0 0 0 0 0 
120 0 0 0 0 0 1 0 0 0 0 0 0 0 0 0 0 0 
121 0 0 0 0 0 0 0 0 0 0 0 0 0 0 0 0 0 
122 3 1 3 0 0 2 0 0 0 0 0 0 0 0 0 0 0 
123 0 1 0 0 0 1 1 0 0 0 0 0 0 0 0 0 0 
124 0 0 0 0 0 0 0 0 0 0 0 0 0 0 0 0 0 
125 0 0 0 0 0 0 0 0 0 0 0 0 0 0 0 0 0 
126 0 0 0 0 0 0 0 0 0 0 0 0 0 0 0 0 0 
127 0 0 0 0 0 0 0 0 0 0 0 0 0 0 0 0 0 
128 0 0 0 0 0 0 0 0 0 0 0 0 0 0 0 0 0 
129 0 0 0 0 0 0 0 0 0 0 0 0 0 0 0 0 0 
130 3 2 2 2 0 7 0 0 3 0 0 6 0 0 2 0 0 
131 1 0 0 1 0 2 0 0 2 0 0 1 0 0 1 0 0 
132 2 1 1 1 0 2 1 0 1 0 0 2 1 0 1 0 0 
133 0 2 0 0 0 0 0 0 0 0 0 0 0 0 0 0 0 
134 1 0 0 1 0 1 1 0 1 1 0 0 0 0 0 0 0 
135 1 0 0 0 0 0 0 0 0 0 0 0 0 0 0 0 0 
136 0 0 0 0 0 0 0 0 0 0 0 0 0 0 0 0 0 
137 0 0 0 0 0 0 0 0 0 0 0 0 0 0 0 0 0 
138 1 1 0 0 0 12 1 0 2 0 0 2 0 0 1 0 0 
139 0 0 0 0 0 0 0 0 0 0 0 0 0 0 0 0 0 
140 0 2 0 0 0 0 0 0 0 0 0 0 0 0 0 0 0 
141 0 1 0 0 0 3 3 0 0 0 0 0 0 0 0 0 0 
142 0 0 0 0 0 0 0 0 0 0 0 0 0 0 0 0 0 
143 0 0 0 0 0 0 0 0 0 0 0 0 0 0 0 0 0 
144 2 0 1 1 0 24 0 0 16 0 0 1 0 0 1 0 0 
145 2 1 1 2 0 18 3 0 12 0 0 3 1 0 1 0 0 
146 1 2 0 0 0 12 2 0 6 0 0 5 1 0 2 0 0 
147 1 0 0 1 0 6 0 0 6 0 0 1 0 0 1 0 0 
148 2 1 1 2 0 46 2 0 10 0 0 3 1 0 1 0 0 
149 1 2 0 0 0 12 2 0 6 0 0 5 1 0 2 0 0 
150 1 0 0 1 0 2 0 0 2 0 0 0 0 0 0 0 0 
151 2 1 1 1 0 8 1 0 6 0 0 3 1 0 1 0 0 
152 1 2 0 0 0 8 1 0 4 0 0 3 0 0 2 0 0 
153 1 0 0 0 0 1 0 0 1 0 0 1 0 0 1 0 0 
154 0 2 0 0 0 0 0 0 0 0 0 0 0 0 0 0 0 
155 0 2 0 0 0 0 0 0 0 0 0 0 0 0 0 0 0 
156 0 1 0 0 0 2 2 0 0 0 0 0 0 0 0 0 0 
157 0 0 0 0 0 0 0 0 0 0 0 0 0 0 0 0 0 
158 0 0 0 0 0 0 0 0 0 0 0 0 0 0 0 0 0 
159 0 0 0 0 0 2 0 0 0 0 0 0 0 0 0 0 0 
160 0 0 0 0 0 0 0 0 0 0 0 0 0 0 0 0 0 
161 5 1 6 5 0 34 2 0 15 1 0 5 0 0 3 0 0 
162 1 2 0 0 0 15 2 0 6 0 0 5 1 0 2 0 0 
163 2 0 1 2 0 21 0 0 12 0 0 1 0 0 1 0 0 
164 3 1 1 3 0 48 3 0 12 1 0 5 1 0 3 0 0 
165 1 2 0 1 0 14 2 0 6 0 0 5 1 0 2 0 0 
166 1 0 0 1 0 4 0 0 4 0 0 1 0 0 1 0 0 
167 2 1 1 2 0 14 2 0 10 0 0 3 1 0 1 0 0 
168 2 1 1 1 0 17 2 0 13 0 0 5 1 0 3 0 0 
169 2 1 1 2 0 9 2 0 5 0 0 3 0 0 2 0 0 
170 2 1 1 1 0 4 1 0 2 0 0 2 1 0 1 0 0 
171 0 2 0 0 0 15 0 0 0 0 0 0 0 0 0 0 0 
172 2 0 1 2 0 11 4 0 8 4 0 0 0 0 0 0 0 
173 1 0 0 0 0 0 0 0 0 0 0 0 0 0 0 0 0 
174 0 0 0 0 0 0 0 0 0 0 0 0 0 0 0 0 0 
175 2 0 1 0 0 0 0 0 0 0 0 0 0 0 0 0 0 
176 0 0 0 0 0 0 0 0 0 0 0 0 0 0 0 0 0 
177 0 0 0 0 0 0 0 0 0 0 0 0 0 0 0 0 0 
178 0 1 0 0 0 1 1 0 0 0 0 0 0 0 0 0 0 
179 0 0 0 0 0 0 0 0 0 0 0 0 0 0 0 0 0 
180 0 0 0 0 0 0 0 0 0 0 0 0 0 0 0 0 0 
181 0 0 0 0 0 0 0 0 0 0 0 0 0 0 0 0 0 
182 0 0 0 0 0 0 0 0 0 0 0 0 0 0 0 0 0 
183 0 0 0 0 0 0 0 0 0 0 0 0 0 0 0 0 0 
184 2 1 1 1 0 12 2 0 8 0 0 5 1 0 3 0 0 
185 2 1 1 2 0 10 1 0 8 0 0 3 0 0 3 0 0 
186 2 1 1 2 0 14 2 0 10 0 0 4 1 0 2 0 0 
187 1 2 0 1 0 14 2 0 6 0 0 5 1 0 2 0 0 
188 1 0 0 1 0 4 0 0 4 0 0 1 0 0 1 0 0 
189 2 1 1 2 0 14 2 0 10 0 0 5 1 0 3 0 0 
190 2 1 1 2 0 14 2 0 10 0 0 5 1 0 3 0 0 
191 2 1 1 2 0 14 2 0 10 0 0 5 1 0 3 0 0 
192 2 1 1 2 0 14 2 0 10 0 0 5 1 0 3 0 0 
193 2 1 1 2 0 14 2 0 10 0 0 5 1 0 3 0 0 
194 2 1 1 2 0 14 2 0 10 0 0 5 1 0 3 0 0 
195 2 1 1 2 0 14 2 0 10 0 0 5 1 0 3 0 0 
196 2 1 1 2 0 14 2 0 10 0 0 5 1 0 3 0 0 
197 2 1 1 2 0 14 2 0 10 0 0 4 1 0 2 0 0 
198 2 1 1 1 0 12 2 0 8 0 0 4 1 0 2 0 0 
199 2 1 1 1 0 4 1 0 2 0 0 1 0 0 1 0 0 
200 2 1 1 1 0 1 0 0 1 0 0 0 0 0 0 0 0 
201 1 2 0 0 0 1 0 0 1 0 0 0 0 0 0 0 0 
202 0 0 0 0 0 2 0 0 0 0 0 0 0 0 0 0 0 
203 0 0 0 0 0 0 0 0 0 0 0 0 0 0 0 0 0 
204 0 0 0 0 0 0 0 0 0 0 0 0 0 0 0 0 0 
205 0 0 0 0 0 0 0 0 0 0 0 0 0 0 0 0 0 
206 0 1 0 0 0 2 2 0 0 0 0 0 0 0 0 0 0 
207 0 0 0 0 0 0 0 0 0 0 0 0 0 0 0 0 0 
208 0 0 0 0 0 0 0 0 0 0 0 0 0 0 0 0 0 
209 0 2 0 0 0 4 2 0 0 0 0 1 0 0 0 0 0 
210 1 0 0 2 0 6 6 0 6 6 0 2 2 0 2 2 0 
211 2 1 1 2 0 14 2 0 10 0 0 5 1 0 3 0 0 
212 2 1 1 2 0 14 2 0 10 0 0 5 1 0 3 0 0 
213 2 1 1 2 0 14 2 0 10 0 0 5 1 0 3 0 0 
214 2 1 1 2 0 14 2 0 10 0 0 5 1 0 3 0 0 
215 2 1 1 2 0 14 2 0 10 0 0 5 1 0 3 0 0 
216 2 1 1 2 0 14 2 0 10 0 0 5 1 0 3 0 0 
217 2 1 1 2 0 14 2 0 10 0 0 5 1 0 3 0 0 
218 2 1 1 2 0 14 2 0 10 0 0 5 1 0 3 0 0 
219 2 1 1 2 0 14 2 0 10 0 0 5 1 0 3 0 0 
220 2 1 1 2 0 14 2 0 10 0 0 4 1 0 2 0 0 
221 2 1 1 1 0 12 2 0 8 0 0 5 1 0 3 0 0 
222 2 1 1 2 0 10 1 0 8 0 0 3 0 0 3 0 0 
223 2 1 1 2 0 14 2 0 10 0 0 4 1 0 2 0 0 
224 1 2 0 1 0 14 2 0 6 0 0 5 1 0 2 0 0 
225 1 0 0 1 0 4 0 0 4 0 0 1 0 0 1 0 0 
226 2 1 1 2 0 19 2 0 15 0 0 5 1 0 3 0 0 
227 2 1 1 2 0 18 3 0 12 0 0 5 1 0 3 0 0 
228 2 1 1 2 0 14 2 0 10 0 0 5 1 0 3 0 0 
229 2 1 1 2 0 18 2 0 12 0 0 5 1 0 3 0 0 
230 2 1 1 2 0 30 2 0 10 0 0 5 1 0 3 0 0 
231 2 1 1 2 0 14 2 0 10 0 0 5 1 0 3 0 0 
232 2 1 1 2 0 14 2 0 10 0 0 5 1 0 3 0 0 
233 2 1 1 2 0 14 2 0 10 0 0 4 1 0 2 0 0 
234 2 1 1 1 0 7 2 0 3 0 0 3 1 0 1 0 0 
235 2 1 1 1 0 1 0 0 1 0 0 1 0 0 1 0 0 
236 2 1 1 1 0 1 0 0 1 0 0 0 0 0 0 0 0 
237 1 1 0 0 0 4 0 0 2 0 0 0 0 0 0 0 0 
238 0 0 0 0 0 0 0 0 0 0 0 0 0 0 0 0 0 
239 0 0 0 0 0 0 0 0 0 0 0 0 0 0 0 0 0 
240 0 0 0 0 0 0 0 0 0 0 0 0 0 0 0 0 0 
241 1 0 0 1 0 0 0 0 0 0 0 0 0 0 0 0 0 
242 1 0 0 0 0 0 0 0 0 0 0 0 0 0 0 0 0 
243 0 0 0 0 0 0 0 0 0 0 0 0 0 0 0 0 0 
244 0 0 0 0 0 0 0 0 0 0 0 0 0 0 0 0 0 
245 0 0 0 0 0 0 0 0 0 0 0 0 0 0 0 0 0 
246 0 0 0 0 0 0 0 0 0 0 0 0 0 0 0 0 0 
247 4 1 4 3 0 12 0 0 7 0 0 6 0 0 4 0 0 
248 2 1 1 2 0 9 2 0 5 0 0 2 1 0 0 0 0 
249 1 2 0 0 0 4 1 0 2 0 0 3 1 0 1 0 0 
250 1 0 0 1 0 2 0 0 2 0 0 0 0 0 0 0 0 
251 2 1 1 0 0 4 1 0 3 0 0 0 0 0 0 0 0 
252 0 1 0 0 0 1 1 0 0 0 0 0 0 0 0 0 0 
253 0 0 0 0 0 0 0 0 0 0 0 0 0 0 0 0 0 
254 0 1 0 0 0 1 1 0 0 0 0 0 0 0 0 0 0 
255 0 0 0 0 0 0 0 0 0 0 0 0 0 0 0 0 0 
256 0 0 0 0 0 0 0 0 0 0 0 0 0 0 0 0 0 
257 0 0 0 0 0 0 0 0 0 0 0 0 0 0 0 0 0 
258 0 0 0 0 0 0 0 0 0 0 0 0 0 0 0 0 0 
