4 1 4 4 0 15 0 0 9 0 0 7 0 0 4 0 0 
2 1 1 2 0 14 2 0 10 0 0 4 1 0 2 0 0 
2 1 1 1 0 12 2 0 8 0 0 5 1 0 3 0 0 
2 1 1 2 0 10 1 0 8 0 0 3 0 0 3 0 0 
2 1 1 2 0 14 2 0 10 0 0 4 1 0 2 0 0 
1 2 0 1 0 14 2 0 6 0 0 5 1 0 2 0 0 
1 0 0 1 0 8 0 0 8 0 0 1 0 0 1 0 0 
2 1 1 2 0 22 4 0 14 0 0 5 1 0 3 0 0 
2 1 1 2 0 14 2 0 10 0 0 5 1 0 3 0 0 
2 1 1 2 0 22 2 0 14 0 0 5 1 0 3 0 0 
2 3 1 2 0 75 6 0 15 0 0 6 2 0 3 0 0 
2 1 1 2 0 18 3 0 12 0 0 4 1 0 2 0 0 
2 1 1 1 0 7 2 0 3 0 0 3 1 0 1 0 0 
2 1 1 1 0 1 0 0 1 0 0 1 0 0 1 0 0 
2 2 1 1 0 17 0 0 4 0 0 0 0 0 0 0 0 
1 1 0 0 0 4 1 0 2 0 0 0 0 0 0 0 0 
0 0 0 0 0 0 0 0 0 0 0 0 0 0 0 0 0 
0 0 0 0 0 0 0 0 0 0 0 0 0 0 0 0 0 
0 0 0 0 0 2 0 0 0 0 0 0 0 0 0 0 0 
0 0 0 0 0 0 0 0 0 0 0 0 0 0 0 0 0 
0 0 0 0 0 6 0 0 0 0 0 0 0 0 0 0 0 
0 1 0 0 0 3 1 0 0 0 0 0 0 0 0 0 0 
2 1 1 2 0 18 2 0 12 0 0 5 1 0 3 0 0 
2 1 1 2 0 16 2 0 5 0 0 3 1 0 1 0 0 
2 1 1 1 0 4 1 0 2 0 0 3 1 0 1 0 0 
2 1 1 1 0 4 0 0 4 0 0 2 0 0 2 0 0 
2 1 1 1 0 5 1 0 4 0 0 0 0 0 0 0 0 
0 1 0 0 0 2 2 0 0 0 0 1 1 0 0 0 0 
0 0 0 0 0 0 0 0 0 0 0 0 0 0 0 0 0 
1 0 0 1 0 2 2 0 2 2 0 0 0 0 0 0 0 
1 0 0 0 0 2 0 0 2 0 0 0 0 0 0 0 0 
0 0 0 0 0 10 0 0 0 0 0 0 0 0 0 0 0 
0 1 0 0 0 1 1 0 0 0 0 0 0 0 0 0 0 
0 0 0 0 0 0 0 0 0 0 0 0 0 0 0 0 0 
0 0 0 0 0 9 0 0 0 0 0 0 0 0 0 0 0 
4 1 4 4 0 15 0 0 9 0 0 7 0 0 4 0 0 
2 1 1 2 0 14 2 0 10 0 0 5 1 0 3 0 0 
2 1 1 2 0 14 2 0 10 0 0 5 1 0 3 0 0 
2 1 1 2 0 19 2 0 15 0 0 4 1 0 2 0 0 
2 1 1 1 0 16 3 0 10 0 0 3 1 0 1 0 0 
2 1 1 1 0 4 1 0 2 0 0 1 0 0 1 0 0 
2 1 1 1 0 5 0 0 5 0 0 0 0 0 0 0 0 
2 1 1 0 0 21 1 0 9 0 0 0 0 0 0 0 0 
0 0 0 0 0 2 0 0 0 0 0 0 0 0 0 0 0 
0 0 0 0 0 0 0 0 0 0 0 0 0 0 0 0 0 
0 2 0 0 0 16 8 0 0 0 0 1 1 0 0 0 0 
3 2 2 3 0 25 0 0 9 0 0 7 0 0 3 0 0 
2 0 1 1 0 35 0 0 10 0 0 1 0 0 1 0 0 
2 1 1 2 0 18 3 0 12 0 0 5 1 0 3 0 0 
2 1 1 2 0 19 2 0 15 0 0 5 1 0 3 0 0 
2 1 1 2 0 30 3 0 21 0 0 5 1 0 3 0 0 
2 1 1 2 0 36 3 0 12 0 0 5 1 0 3 0 0 
2 1 1 2 0 18 2 0 12 0 0 5 1 0 3 0 0 
2 2 1 2 0 33 3 0 12 0 0 5 1 0 3 0 0 
2 1 1 2 0 30 2 0 10 0 0 5 1 0 3 0 0 
2 1 1 2 0 14 2 0 10 0 0 5 1 0 3 0 0 
2 1 1 2 0 14 2 0 10 0 0 5 1 0 3 0 0 
2 1 1 2 0 14 2 0 10 0 0 5 1 0 3 0 0 
2 1 1 2 0 14 2 0 10 0 0 5 1 0 3 0 0 
2 1 1 2 0 14 2 0 10 0 0 5 1 0 3 0 0 
2 1 1 2 0 19 2 0 15 0 0 5 1 0 3 0 0 
2 1 1 2 0 18 3 0 12 0 0 5 1 0 3 0 0 
2 1 1 2 0 14 2 0 10 0 0 5 1 0 3 0 0 
2 1 1 2 0 18 2 0 12 0 0 5 1 0 3 0 0 
3 1 3 2 0 23 2 0 9 0 0 3 1 0 1 0 0 
2 1 1 1 0 12 2 0 8 0 0 4 1 0 2 0 0 
2 1 1 1 0 4 1 0 2 0 0 2 0 0 1 0 0 
2 1 1 0 0 3 0 0 3 0 0 2 0 0 2 0 0 
0 2 0 0 0 8 0 0 0 0 0 0 0 0 0 0 0 
0 1 0 0 0 3 3 0 0 0 0 0 0 0 0 0 0 
0 0 0 0 0 0 0 0 0 0 0 0 0 0 0 0 0 
0 0 0 0 0 0 0 0 0 0 0 0 0 0 0 0 0 
2 1 1 1 0 8 1 0 6 0 0 4 1 0 2 0 0 
2 1 1 1 0 4 1 0 2 0 0 2 0 0 1 0 0 
2 1 1 0 0 4 0 0 4 0 0 2 0 0 2 0 0 
0 2 0 0 0 2 1 0 0 0 0 0 0 0 0 0 0 
0 1 0 0 0 3 3 0 0 0 0 0 0 0 0 0 0 
0 0 0 0 0 0 0 0 0 0 0 0 0 0 0 0 0 
1 0 0 2 0 6 6 0 6 6 0 2 2 0 2 2 0 
2 1 1 2 0 22 4 0 14 0 0 5 1 0 3 0 0 
2 1 1 2 0 14 2 0 10 0 0 4 1 0 2 0 0 
2 1 1 1 0 18 2 0 10 0 0 4 1 0 2 0 0 
3 1 1 1 0 26 1 0 6 0 0 3 0 0 3 0 0 
2 1 1 2 0 10 1 0 8 0 0 1 0 0 1 0 0 
1 2 0 0 0 7 2 0 3 0 0 2 1 0 0 0 0 
0 1 0 0 0 0 0 0 0 0 0 0 0 0 0 0 0 
1 0 0 1 0 4 0 0 4 0 0 1 0 0 1 0 0 
1 1 0 1 0 11 2 0 6 0 0 1 0 0 1 0 0 
0 0 0 0 0 0 0 0 0 0 0 0 0 0 0 0 0 
0 0 0 0 0 0 0 0 0 0 0 0 0 0 0 0 0 
2 1 1 2 0 18 3 0 12 0 0 5 1 0 3 0 0 
2 1 1 2 0 14 2 0 10 0 0 5 1 0 3 0 0 
2 1 1 2 0 18 2 0 12 0 0 5 1 0 3 0 0 
2 1 1 2 0 30 2 0 5 0 0 3 1 0 1 0 0 
2 1 1 1 0 8 1 0 6 0 0 4 1 0 2 0 0 
2 1 1 1 0 8 1 0 6 0 0 3 0 0 2 0 0 
2 1 1 0 0 7 1 0 6 0 0 3 0 0 3 0 0 
0 2 0 0 0 2 1 0 0 0 0 0 0 0 0 0 0 
0 2 0 0 0 0 0 0 0 0 0 0 0 0 0 0 0 
0 2 0 0 0 2 1 0 0 0 0 0 0 0 0 0 0 
0 1 0 0 0 1 1 0 0 0 0 0 0 0 0 0 0 
0 0 0 0 0 0 0 0 0 0 0 0 0 0 0 0 0 
0 0 0 0 0 1 0 0 0 0 0 0 0 0 0 0 0 
0 0 0 0 0 0 0 0 0 0 0 0 0 0 0 0 0 
5 0 3 0 3 0 0 0 0 0 0 0 0 0 0 0 0 
0 0 0 0 0 0 0 0 0 0 0 0 0 0 0 0 0 
0 0 0 0 0 0 0 0 0 0 0 0 0 0 0 0 0 
1 0 0 0 0 0 0 0 0 0 0 0 0 0 0 0 0 
0 0 0 0 0 0 0 0 0 0 0 0 0 0 0 0 0 
0 0 0 0 0 0 0 0 0 0 0 0 0 0 0 0 0 
0 0 0 0 0 1 0 0 0 0 0 0 0 0 0 0 0 
0 0 0 0 0 0 0 0 0 0 0 0 0 0 0 0 0 
0 1 0 0 0 1 1 0 0 0 0 0 0 0 0 0 0 
0 0 0 0 0 0 0 0 0 0 0 0 0 0 0 0 0 
0 0 0 0 0 0 0 0 0 0 0 0 0 0 0 0 0 
0 0 0 0 0 0 0 0 0 0 0 0 0 0 0 0 0 
0 0 0 0 0 0 0 0 0 0 0 0 0 0 0 0 0 
0 0 0 0 0 0 0 0 0 0 0 0 0 0 0 0 0 
0 2 0 0 0 0 0 0 0 0 0 0 0 0 0 0 0 
0 2 0 0 0 2 1 0 0 0 0 1 0 0 0 0 0 
0 1 0 0 0 3 3 0 0 0 0 1 1 0 0 0 0 
0 0 0 0 0 0 0 0 0 0 0 0 0 0 0 0 0 
1 0 0 2 0 2 1 0 2 1 0 1 0 0 1 0 0 
2 0 1 1 0 0 0 0 0 0 0 0 0 0 0 0 0 
0 0 0 0 0 0 0 0 0 0 0 0 0 0 0 0 0 
1 0 0 0 0 0 0 0 0 0 0 0 0 0 0 0 0 
0 0 0 0 0 0 0 0 0 0 0 0 0 0 0 0 0 
2 1 1 2 0 14 2 0 10 0 0 3 1 0 1 0 0 
1 2 0 0 0 15 2 0 6 0 0 5 1 0 2 0 0 
1 0 0 1 0 19 0 0 4 0 0 1 0 0 1 0 0 
2 1 1 2 0 14 2 0 10 0 0 4 1 0 2 0 0 
1 2 0 1 0 14 2 0 6 0 0 4 1 0 2 0 0 
1 0 0 1 0 2 0 0 2 0 0 1 0 0 1 0 0 
2 1 1 2 0 10 1 0 8 0 0 3 0 0 3 0 0 
2 1 1 2 0 14 2 0 10 0 0 4 1 0 2 0 0 
1 2 0 1 0 14 2 0 6 0 0 5 1 0 2 0 0 
1 0 0 1 0 4 0 0 4 0 0 0 0 0 0 0 0 
2 1 1 1 0 12 2 0 8 0 0 4 1 0 2 0 0 
2 1 1 1 0 8 1 0 6 0 0 3 0 0 2 0 0 
2 1 1 0 0 6 1 0 4 0 0 2 0 0 2 0 0 
0 2 0 0 0 12 0 0 0 0 0 0 0 0 0 0 0 
0 2 0 0 0 0 0 0 0 0 0 0 0 0 0 0 0 
0 1 0 0 0 1 1 0 0 0 0 0 0 0 0 0 0 
0 0 0 0 0 0 0 0 0 0 0 0 0 0 0 0 0 
0 0 0 0 0 0 0 0 0 0 0 0 0 0 0 0 0 
0 0 0 0 0 0 0 0 0 0 0 0 0 0 0 0 0 
0 0 0 0 0 0 0 0 0 0 0 0 0 0 0 0 0 
4 1 4 3 0 22 0 0 16 0 0 6 0 0 4 0 0 
2 1 1 2 0 10 1 0 8 0 0 3 0 0 3 0 0 
2 1 1 2 0 22 2 0 14 0 0 4 1 0 2 0 0 
2 2 0 1 0 22 2 0 6 0 0 5 1 0 2 0 0 
1 0 0 1 0 4 0 0 4 0 0 1 0 0 1 0 0 
2 1 1 2 0 14 2 0 10 0 0 4 1 0 2 0 0 
2 1 1 1 0 12 2 0 8 0 0 4 1 0 2 0 0 
2 1 1 1 0 8 1 0 6 0 0 1 0 0 1 0 0 
2 1 1 1 0 8 1 0 6 0 0 1 0 0 1 0 0 
1 2 0 1 0 6 1 0 2 0 0 0 0 0 0 0 0 
0 0 0 0 0 6 0 0 0 0 0 0 0 0 0 0 0 
0 1 0 0 0 4 2 0 0 0 0 0 0 0 0 0 0 
1 0 0 0 0 3 0 0 3 0 0 0 0 0 0 0 0 
0 0 0 0 0 9 0 0 0 0 0 0 0 0 0 0 0 
2 0 1 0 0 0 0 0 0 0 0 0 0 0 0 0 0 
0 0 0 0 0 0 0 0 0 0 0 0 0 0 0 0 0 
0 0 0 0 0 0 0 0 0 0 0 0 0 0 0 0 0 
1 0 0 1 0 1 1 0 1 1 0 0 0 0 0 0 0 
1 0 0 0 0 0 0 0 0 0 0 0 0 0 0 0 0 
0 0 0 0 0 0 0 0 0 0 0 0 0 0 0 0 0 
0 0 0 0 0 0 0 0 0 0 0 0 0 0 0 0 0 
0 0 0 0 0 0 0 0 0 0 0 0 0 0 0 0 0 
2 1 1 2 0 14 2 0 10 0 0 5 1 0 3 0 0 
2 1 1 2 0 14 2 0 10 0 0 5 1 0 3 0 0 
2 1 1 2 0 14 2 0 10 0 0 5 1 0 3 0 0 
2 1 1 2 0 14 2 0 10 0 0 5 1 0 3 0 0 
2 1 1 2 0 14 2 0 10 0 0 5 1 0 3 0 0 
2 1 1 2 0 14 2 0 10 0 0 5 1 0 3 0 0 
2 1 1 2 0 14 2 0 10 0 0 5 1 0 3 0 0 
2 1 1 2 0 14 2 0 10 0 0 5 1 0 3 0 0 
2 1 1 2 0 14 2 0 10 0 0 5 1 0 3 0 0 
2 1 1 2 0 14 2 0 10 0 0 5 1 0 3 0 0 
2 1 1 2 0 14 2 0 10 0 0 5 1 0 3 0 0 
2 1 1 2 0 14 2 0 10 0 0 4 1 0 2 0 0 
2 1 1 1 0 12 2 0 8 0 0 5 1 0 3 0 0 
2 1 1 2 0 6 1 0 4 0 0 1 0 0 1 0 0 
2 1 1 1 0 8 1 0 6 0 0 3 1 0 1 0 0 
1 2 0 0 0 12 1 0 6 0 0 3 0 0 2 0 0 
1 0 0 0 0 1 0 0 1 0 0 1 0 0 1 0 0 
0 2 0 0 0 0 0 0 0 0 0 0 0 0 0 0 0 
0 2 0 0 0 0 0 0 0 0 0 0 0 0 0 0 0 
1 1 0 0 0 2 0 0 1 0 0 0 0 0 0 0 0 
0 0 0 0 0 0 0 0 0 0 0 0 0 0 0 0 0 
0 0 0 0 0 0 0 0 0 0 0 0 0 0 0 0 0 
0 0 0 0 0 0 0 0 0 0 0 0 0 0 0 0 0 
0 0 0 0 0 0 0 0 0 0 0 0 0 0 0 0 0 
1 0 0 1 0 0 0 0 0 0 0 0 0 0 0 0 0 
2 0 1 1 0 4 0 0 4 0 0 1 0 0 1 0 0 
0 0 0 0 0 0 0 0 0 0 0 0 0 0 0 0 0 
2 1 1 2 0 14 2 0 10 0 0 5 1 0 3 0 0 
2 1 1 2 0 9 2 0 5 0 0 3 1 0 1 0 0 
2 1 1 1 0 8 1 0 6 0 0 4 1 0 2 0 0 
2 1 1 1 0 4 1 0 2 0 0 2 0 0 1 0 0 
2 1 1 0 0 6 0 0 6 0 0 2 0 0 2 0 0 
0 2 0 0 0 4 2 0 0 0 0 1 0 0 0 0 0 
0 1 0 0 0 3 3 0 0 0 0 1 1 0 0 0 0 
0 0 0 0 0 0 0 0 0 0 0 0 0 0 0 0 0 
2 1 1 2 0 14 2 0 10 0 0 5 1 0 3 0 0 
2 1 1 2 0 14 2 0 10 0 0 5 1 0 3 0 0 
2 1 1 2 0 14 2 0 10 0 0 5 1 0 3 0 0 
2 1 1 2 0 14 2 0 10 0 0 5 1 0 3 0 0 
2 1 1 2 0 14 2 0 10 0 0 5 1 0 3 0 0 
2 1 1 2 0 14 2 0 10 0 0 5 1 0 3 0 0 
2 1 1 2 0 14 2 0 10 0 0 5 1 0 3 0 0 
2 1 1 2 0 24 2 0 20 0 0 5 1 0 3 0 0 
2 1 1 2 0 22 4 0 14 0 0 5 1 0 3 0 0 
2 1 1 2 0 14 2 0 10 0 0 5 1 0 3 0 0 
2 1 1 2 0 22 2 0 14 0 0 5 1 0 3 0 0 
3 1 1 4 0 56 4 0 12 2 0 6 2 0 4 1 0 
2 1 1 2 0 14 2 0 10 0 0 5 1 0 3 0 0 
2 1 1 2 0 14 2 0 10 0 0 5 1 0 3 0 0 
2 1 1 2 0 14 2 0 10 0 0 4 1 0 2 0 0 
2 1 1 1 0 7 2 0 3 0 0 3 1 0 1 0 0 
2 1 1 1 0 1 0 0 1 0 0 1 0 0 1 0 0 
2 1 1 1 0 1 0 0 1 0 0 0 0 0 0 0 0 
1 1 0 0 0 6 0 0 3 0 0 0 0 0 0 0 0 
0 0 0 0 0 0 0 0 0 0 0 0 0 0 0 0 0 
0 0 0 0 0 0 0 0 0 0 0 0 0 0 0 0 0 
0 0 0 0 0 0 0 0 0 0 0 0 0 0 0 0 0 
2 1 1 2 0 12 3 0 6 0 0 2 1 0 0 0 0 
1 2 0 0 0 4 1 0 2 0 0 2 1 0 1 0 0 
1 0 0 1 0 0 0 0 0 0 0 0 0 0 0 0 0 
3 1 2 0 0 2 0 0 1 0 0 0 0 0 0 0 0 
0 0 0 0 0 1 0 0 0 0 0 0 0 0 0 0 0 
0 0 0 0 0 0 0 0 0 0 0 0 0 0 0 0 0 
0 0 0 0 0 0 0 0 0 0 0 0 0 0 0 0 0 
0 0 0 0 0 0 0 0 0 0 0 0 0 0 0 0 0 
0 0 0 0 0 0 0 0 0 0 0 0 0 0 0 0 0 
2 1 1 2 0 14 2 0 10 0 0 4 1 0 2 0 0 
2 1 1 1 0 7 2 0 3 0 0 3 1 0 1 0 0 
2 1 1 1 0 1 0 0 1 0 0 1 0 0 1 0 0 
2 1 1 1 0 1 0 0 1 0 0 0 0 0 0 0 0 
1 1 0 0 0 0 0 0 0 0 0 0 0 0 0 0 0 
0 0 0 0 0 0 0 0 0 0 0 0 0 0 0 0 0 
0 0 0 0 0 0 0 0 0 0 0 0 0 0 0 0 0 
0 0 0 0 0 0 0 0 0 0 0 0 0 0 0 0 0 
0 0 0 0 0 0 0 0 0 0 0 0 0 0 0 0 0 
