1 25 6.40
2 20 22.95
3 7 5.36
4 2 8.94
5 10 28.13
6 2 9.12
7 9 15.19
8 16 18.71
9 10 24.56
10 23 13.25
11 5 36.23
12 2 8.47
13 2 16.66
14 23 14.31
15 7 33.86
16 25 2.22
17 25 3.27
18 1 1.86
19 1 0.01
20 1 0.01
21 25 7.36
22 6 21.45
23 1 0.01
24 1 0.01
25 25 5.38
26 6 2.79
27 1 1.83
28 1 0.01
29 1 0.01
30 7 5.67
31 1 0.01
32 1 1.84
33 1 1.84
34 7 5.09
35 1 0.01
36 7 3.50
37 25 2.80
38 25 3.35
39 1 0.01
40 1 0.01
41 1 0.01
42 1 0.01
43 1 0.01
44 18 25.47
45 9 24.85
46 2 8.94
47 14 19.68
48 23 11.18
49 17 10.19
50 25 8.27
51 25 4.96
52 1 1.84
53 1 0.01
54 1 0.01
55 1 1.84
56 1 0.01
57 1 0.01
58 1 1.85
59 1 0.01
60 1 0.01
61 1 0.01
62 1 0.01
63 1 0.01
64 1 0.01
65 1 1.85
66 1 0.01
67 1 0.01
68 1 0.01
69 1 0.01
70 1 0.01
71 1 0.01
72 1 1.86
73 25 2.63
74 1 0.01
75 1 0.01
76 1 0.01
77 1 0.01
78 1 1.84
79 1 0.01
80 1 0.01
81 1 0.01
82 1 1.84
83 1 1.83
84 1 0.01
85 1 0.01
86 1 0.01
87 1 0.01
88 25 2.80
89 1 1.85
90 1 0.01
91 1 0.01
92 1 0.01
93 1 0.01
94 1 0.01
95 1 0.01
96 25 2.64
97 1 0.01
98 1 1.84
99 1 1.83
100 1 0.01
101 1 0.01
102 25 1.24
103 1 0.01
104 1 0.01
105 1 0.01
106 1 1.83
107 1 0.01
108 1 0.01
109 1 0.01
110 1 0.01
111 1 0.01
112 1 0.01
113 1 0.01
114 1 0.01
115 1 0.01
116 1 0.01
117 1 0.01
118 1 0.01
119 1 0.01
120 1 0.01
121 1 0.01
122 1 0.01
