1 1 0.01
2 7 15.73
3 7 2.43
4 7 3.53
5 1 0.01
6 1 0.01
7 1 0.01
8 1 0.01
9 1 0.01
10 7 3.15
11 1 0.01
12 1 0.01
13 1 0.01
14 14 43.04
15 17 10.09
16 7 2.43
17 25 5.81
18 6 3.97
19 1 1.83
20 1 1.83
21 25 2.63
22 1 1.83
23 1 0.01
24 1 0.01
25 1 1.87
26 1 0.01
27 1 0.01
28 1 0.01
29 1 1.86
30 1 0.01
31 17 18.62
32 2 12.87
33 23 15.35
34 17 11.28
35 1 0.01
36 7 2.81
37 25 3.79
38 6 2.64
39 1 0.01
40 1 0.01
41 1 0.01
42 25 1.24
43 1 0.01
44 1 0.01
45 1 0.01
46 1 0.01
47 1 0.01
48 1 0.01
49 1 0.01
50 1 0.01
51 1 1.84
52 1 0.01
53 1 0.01
54 1 0.01
55 1 0.01
56 1 0.01
57 1 0.01
58 7 3.16
59 1 0.01
60 1 0.01
61 1 0.01
62 1 0.01
63 1 1.83
64 1 0.01
65 1 0.01
66 1 0.01
67 1 0.01
68 1 0.01
69 25 9.64
70 1 0.01
71 7 8.25
72 1 0.01
73 1 1.87
74 1 0.01
75 1 0.01
76 25 1.52
77 25 3.56
78 1 0.01
79 1 1.83
80 1 0.01
81 1 0.01
82 1 0.01
83 1 0.01
84 1 0.01
85 1 0.01
86 1 0.01
87 1 0.01
88 25 6.78
89 25 2.69
90 1 1.84
91 1 0.01
92 1 0.01
93 1 0.01
94 1 0.01
95 1 0.01
96 1 0.01
97 1 0.01
98 1 0.01
99 1 1.84
100 1 0.01
101 17 13.97
102 15 5.67
103 1 1.84
104 1 0.01
105 1 0.01
106 1 0.01
107 1 0.01
108 1 0.01
109 1 0.01
110 1 0.01
111 1 0.01
112 1 0.01
113 25 1.52
114 1 1.84
115 1 0.01
116 1 0.01
117 1 0.01
118 1 0.01
119 1 0.01
120 1 0.01
121 1 0.01
122 1 0.01
123 1 0.01
124 1 0.01
125 1 0.01
126 1 0.01
127 1 0.01
128 1 0.01
129 20 21.48
130 20 26.10
131 2 9.00
132 21 18.27
133 18 30.06
134 10 24.69
135 13 27.74
136 9 29.02
137 14 15.23
138 16 23.93
139 17 8.68
140 7 14.97
141 25 2.25
142 25 1.24
143 1 0.01
144 1 0.01
145 1 0.01
146 25 7.36
147 1 1.83
148 1 0.01
149 1 0.01
150 1 0.01
151 1 0.01
152 1 0.01
153 1 0.01
154 1 0.01
155 1 0.01
156 1 0.01
157 1 0.01
158 1 0.01
159 1 0.01
160 1 0.01
161 1 0.01
162 1 0.01
163 25 4.68
164 1 0.01
165 1 0.01
166 1 0.01
167 1 0.01
168 1 0.01
169 25 4.68
170 1 0.01
171 1 0.01
172 1 0.01
173 1 0.01
