324 1 0.01
325 1 0.01
326 1 0.01
327 14 4.42
328 1 0.01
329 14 2.75
330 1 0.01
331 1 0.01
332 1 0.01
333 1 1.79
334 9 2.33
335 1 1.80
336 1 0.01
337 1 0.01
338 9 12.13
339 1 0.01
340 1 1.76
341 1 0.01
342 1 0.01
343 1 0.01
344 1 0.01
345 1 0.01
346 25 8.70
347 1 0.01
348 1 0.01
349 1 1.76
350 1 0.01
351 1 0.01
352 1 1.80
353 1 0.01
354 1 0.01
355 1 0.01
356 14 0.99
357 1 0.01
358 1 0.01
359 1 0.01
360 1 0.01
361 1 0.01
362 14 2.94
363 9 2.46
364 1 1.79
365 1 0.01
366 1 0.01
367 1 0.01
368 14 1.29
369 1 0.01
370 9 6.01
371 1 1.80
372 1 0.01
373 1 0.01
374 14 1.25
375 14 0.99
376 1 0.01
377 1 0.01
378 14 1.25
379 1 1.80
380 1 1.78
381 1 0.01
382 1 0.01
383 9 3.31
384 1 0.01
385 1 0.01
386 1 0.01
387 1 0.01
388 1 0.01
389 9 5.92
390 1 1.76
391 1 0.01
392 1 0.01
393 1 0.01
394 1 0.01
395 1 0.01
396 9 15.16
397 6 9.91
398 14 4.31
399 1 0.01
400 1 1.78
401 1 0.01
402 1 0.01
403 1 0.01
404 1 0.01
405 1 0.01
406 1 0.01
407 14 0.99
408 1 0.01
409 1 0.01
410 1 0.01
411 1 0.01
412 1 0.01
413 1 1.76
414 1 0.01
415 1 0.01
416 1 0.01
417 1 0.01
418 1 0.01
419 1 0.01
420 1 0.01
421 14 1.28
422 1 0.01
423 1 0.01
424 14 4.03
425 14 1.25
426 14 0.99
427 1 0.01
428 1 0.01
429 9 3.65
430 1 1.80
431 1 0.01
432 9 8.39
433 9 2.33
434 1 1.76
435 1 0.01
436 1 0.01
437 1 0.01
438 1 0.01
439 1 0.01
440 1 0.01
441 1 0.01
442 1 0.01
443 9 15.16
444 25 15.00
445 14 1.21
446 1 0.01
447 1 0.01
448 1 0.01
449 1 0.01
450 1 0.01
451 1 0.01
452 1 0.01
453 1 0.01
454 14 0.99
455 1 0.01
456 1 0.01
457 1 1.80
458 1 1.78
459 1 0.01
460 1 1.76
461 1 0.01
462 1 0.01
463 1 0.01
464 1 0.01
465 1 0.01
466 1 0.01
467 1 0.01
468 14 0.99
469 1 0.01
470 1 0.01
471 1 0.01
472 14 4.52
473 14 0.99
474 1 0.01
475 1 0.01
476 1 0.01
477 1 1.79
478 9 2.33
479 9 3.31
480 1 0.01
481 1 0.01
482 1 0.01
483 14 1.05
484 14 1.28
485 1 0.01
486 1 0.01
487 1 0.01
488 1 0.01
489 9 6.44
490 9 14.55
491 25 23.79
492 14 1.21
493 1 0.01
494 1 0.01
495 1 0.01
496 1 0.01
497 1 0.01
498 1 0.01
499 1 0.01
500 1 0.01
501 14 1.05
502 1 0.01
503 14 1.28
504 10 9.21
505 14 1.29
506 1 0.01
507 9 8.84
508 1 0.01
509 1 0.01
510 1 0.01
511 1 0.01
512 1 0.01
513 1 0.01
514 1 0.01
515 14 1.22
516 1 0.01
517 1 0.01
518 1 0.01
519 14 1.25
520 14 0.99
521 1 0.01
522 1 0.01
523 1 0.01
524 1 1.79
525 9 2.33
526 9 3.31
527 1 0.01
528 1 0.01
529 1 0.01
530 1 0.01
531 1 0.01
532 1 0.01
533 14 1.29
534 1 0.01
535 1 0.01
536 1 0.01
537 1 0.01
538 25 13.16
539 1 0.01
540 1 0.01
541 1 1.78
542 1 0.01
543 1 0.01
544 1 0.01
545 1 0.01
546 1 0.01
547 1 0.01
548 14 0.99
549 1 0.01
550 1 0.01
551 1 3.76
552 14 2.84
553 1 0.01
554 1 1.76
555 1 0.01
556 1 0.01
557 1 0.01
558 1 0.01
559 1 0.01
560 1 0.01
561 1 0.01
562 14 1.19
563 1 0.01
564 1 0.01
565 1 0.01
566 14 1.25
567 14 0.99
568 1 0.01
569 1 0.01
570 1 0.01
571 1 1.79
572 9 2.33
573 9 3.31
574 1 0.01
575 1 0.01
576 1 0.01
577 14 0.99
578 1 0.01
579 1 0.01
580 14 1.02
581 1 1.79
582 1 0.01
583 1 0.01
584 9 15.16
585 6 26.91
586 14 4.49
587 1 0.01
588 1 1.78
589 1 0.01
590 1 0.01
591 1 0.01
592 1 0.01
593 1 0.01
594 1 0.01
595 1 0.01
596 1 0.01
597 1 0.01
598 9 2.54
599 1 1.76
600 1 0.01
601 1 0.01
602 1 0.01
603 1 0.01
604 1 0.01
605 1 0.01
606 1 0.01
607 1 0.01
608 1 0.01
609 1 0.01
610 1 0.01
611 1 0.01
612 1 0.01
613 1 0.01
