1 1 0.01
2 1 0.01
3 1 0.01
4 1 0.01
5 1 0.01
6 2 12.76
7 17 30.09
8 1 0.01
9 1 0.01
10 25 6.29
11 2 34.22
12 16 22.70
13 2 24.39
14 25 5.73
15 7 5.66
16 25 7.91
17 25 2.69
18 25 2.63
19 1 1.84
20 1 0.01
21 1 1.87
22 1 0.01
23 1 0.01
24 1 0.01
25 1 0.01
26 1 0.01
27 7 4.26
28 25 5.06
29 6 2.59
30 1 0.01
31 1 0.01
32 1 1.83
33 1 0.01
34 1 0.01
35 1 0.01
36 1 0.01
37 1 0.01
38 25 2.82
39 25 1.24
40 1 0.01
41 1 0.01
42 1 1.83
43 1 1.83
44 1 0.01
45 1 0.01
46 1 0.01
47 25 14.02
48 25 4.94
49 1 1.86
50 1 0.01
51 1 0.01
52 1 0.01
53 1 0.01
54 1 0.01
55 1 0.01
56 1 0.01
57 1 0.01
58 1 0.01
59 1 0.01
60 1 0.01
61 1 0.01
62 1 0.01
63 1 0.01
64 1 0.01
65 1 0.01
66 1 0.01
67 1 0.01
68 1 0.01
69 1 0.01
70 1 0.01
71 2 9.01
72 18 24.28
73 10 19.56
74 14 11.73
75 17 14.20
76 17 20.21
77 25 2.62
78 6 2.79
79 1 1.83
80 1 0.01
81 1 0.01
82 1 0.01
83 1 1.83
84 1 0.01
85 1 0.01
86 1 0.01
87 1 0.01
88 1 0.01
89 1 1.83
90 1 0.01
91 25 2.63
92 1 0.01
93 25 3.17
94 1 0.01
95 1 0.01
96 1 0.01
97 1 0.01
98 1 0.01
99 1 0.01
100 1 0.01
101 1 1.83
102 1 0.01
103 1 0.01
104 1 0.01
105 1 0.01
106 1 0.01
107 1 0.01
108 1 0.01
109 1 0.01
110 1 0.01
111 1 0.01
112 25 5.81
113 6 3.97
114 1 0.01
115 1 0.01
116 1 1.86
117 1 0.01
118 1 0.01
119 1 0.01
120 1 0.01
121 1 0.01
122 1 0.01
123 1 0.01
124 1 1.84
125 1 1.86
126 1 1.83
127 1 1.83
128 1 0.01
129 1 0.01
130 1 0.01
131 14 21.52
132 14 40.68
133 13 40.79
134 14 23.67
135 25 2.67
136 7 13.44
137 7 5.93
138 2 10.76
139 25 7.68
140 1 0.01
141 1 0.01
142 25 6.63
143 25 4.67
144 1 0.01
145 1 0.01
146 1 0.01
147 7 3.58
148 1 0.01
149 1 0.01
150 17 29.37
151 2 11.63
152 25 15.92
153 6 2.95
154 1 0.01
155 1 1.84
156 1 0.01
157 1 0.01
158 1 0.01
159 1 0.01
160 1 0.01
161 1 0.01
162 1 1.84
163 25 1.50
164 1 1.86
165 25 2.63
166 1 0.01
167 1 0.01
168 1 0.01
169 1 0.01
170 1 0.01
171 1 0.01
172 25 7.20
173 25 3.17
174 1 0.01
175 1 0.01
176 1 0.01
177 1 0.01
178 1 0.01
179 1 0.01
180 1 0.01
181 1 0.01
182 1 0.01
183 1 0.01
184 1 1.84
185 1 0.01
186 1 0.01
187 1 0.01
188 1 0.01
189 1 0.01
190 1 0.01
191 1 0.01
192 1 0.01
193 1 0.01
194 1 0.01
195 1 0.01
196 14 11.98
197 5 27.53
198 14 17.67
199 11 25.11
200 17 13.65
201 7 11.58
202 25 5.55
203 7 2.72
204 1 1.83
205 1 0.01
206 1 0.01
207 1 0.01
208 1 1.86
209 1 0.01
210 1 0.01
211 1 0.01
212 1 0.01
213 1 0.01
214 1 0.01
215 1 1.83
216 1 0.01
217 1 1.84
218 1 0.01
219 1 1.84
220 1 0.01
221 1 0.01
222 1 0.01
223 1 1.84
224 1 1.83
225 1 0.01
226 1 0.01
227 25 2.91
228 1 1.84
229 1 0.01
230 1 0.01
231 1 0.01
232 1 0.01
233 1 0.01
234 1 0.01
235 1 0.01
236 1 0.01
237 1 0.01
238 1 0.01
239 1 0.01
240 1 0.01
241 1 0.01
242 1 0.01
243 15 7.36
244 7 3.59
245 1 0.01
246 1 0.01
247 1 0.01
248 1 0.01
249 1 0.01
250 1 0.01
251 25 3.34
252 1 1.84
253 1 0.01
254 25 1.24
255 1 0.01
256 1 0.01
257 1 0.01
258 1 1.84
259 18 23.67
260 20 20.26
261 14 21.14
262 25 6.48
263 23 9.00
264 2 31.37
265 17 16.11
266 17 21.61
267 25 5.80
268 7 4.26
269 7 4.88
270 7 2.72
271 1 1.83
272 1 0.01
273 1 0.01
274 1 0.01
275 15 6.21
276 7 4.65
277 1 0.01
278 1 1.84
279 2 15.46
280 1 0.01
281 1 0.01
282 1 1.83
283 1 1.84
284 7 2.55
285 1 0.01
286 25 2.22
287 1 1.85
288 1 1.84
289 1 0.01
290 1 0.01
291 1 0.01
292 1 0.01
293 1 0.01
294 1 0.01
295 1 0.01
296 25 6.25
297 1 1.85
298 1 0.01
299 1 0.01
300 1 0.01
301 1 0.01
302 1 0.01
303 1 0.01
304 1 0.01
305 1 0.01
306 1 0.01
307 1 0.01
308 1 0.01
309 1 0.01
310 6 2.59
311 1 0.01
312 1 0.01
313 1 0.01
314 1 0.01
315 1 0.01
316 1 0.01
317 1 0.01
318 1 0.01
319 1 0.01
320 22 46.96
321 18 17.10
322 14 18.25
323 25 6.48
324 23 17.73
325 2 11.51
326 25 8.96
327 7 6.31
328 1 0.01
329 1 0.01
330 1 0.01
331 1 0.01
332 1 0.01
333 1 1.85
334 1 0.01
335 1 1.84
336 1 0.01
337 7 6.77
338 1 0.01
339 1 0.01
340 1 0.01
341 1 0.01
342 25 4.68
343 1 0.01
344 1 0.01
345 1 0.01
346 1 1.84
347 1 0.01
348 25 1.24
349 1 0.01
350 1 0.01
351 25 3.56
352 1 0.01
353 1 0.01
354 1 1.85
355 1 0.01
356 1 0.01
357 1 0.01
358 1 0.01
359 1 0.01
360 1 0.01
361 1 0.01
362 1 0.01
363 1 0.01
364 1 0.01
365 1 0.01
366 1 0.01
