1 1 0.01
2 1 3.85
3 1 0.01
4 1 0.01
5 15 4.13
6 1 0.01
7 1 0.01
8 25 3.33
9 1 0.01
10 1 0.01
11 1 0.01
12 1 0.01
13 1 0.01
14 1 0.01
15 1 0.01
16 1 0.01
17 25 2.25
18 25 1.24
19 1 0.01
20 1 0.01
21 1 0.01
22 1 0.01
23 1 0.01
24 7 7.02
25 1 0.01
26 1 0.01
27 1 0.01
28 1 0.01
29 1 0.01
30 25 9.52
31 25 5.63
32 7 4.33
33 1 0.01
34 1 0.01
35 1 0.01
36 1 0.01
37 1 0.01
38 1 0.01
39 1 0.01
40 1 0.01
41 1 0.01
42 1 0.01
43 1 0.01
44 1 0.01
45 1 0.01
46 1 0.01
47 1 0.01
48 1 0.01
49 1 0.01
50 1 0.01
51 25 2.22
52 25 2.25
53 25 1.24
54 1 0.01
55 1 0.01
56 1 0.01
57 1 0.01
58 1 0.01
59 1 0.01
60 1 0.01
61 1 0.01
62 1 1.84
63 1 0.01
64 1 0.01
65 1 0.01
66 1 0.01
67 1 0.01
68 25 11.18
69 1 1.85
70 1 0.01
71 1 0.01
72 1 0.01
73 1 0.01
74 1 0.01
