1 1 1.76
2 1 0.01
3 1 0.01
4 1 0.01
5 1 0.01
6 14 2.91
7 1 0.01
8 1 0.01
9 14 1.28
10 14 5.68
11 1 0.01
12 14 1.28
13 9 2.41
14 1 1.80
15 1 0.01
16 1 0.01
17 1 0.01
18 1 0.01
19 1 0.01
20 1 0.01
21 1 0.01
22 1 0.01
23 1 0.01
24 1 0.01
25 1 0.01
26 1 0.01
27 9 5.74
28 9 4.56
29 9 10.65
30 1 0.01
31 1 0.01
32 1 0.01
33 1 0.01
34 14 0.99
35 14 1.02
36 1 1.80
37 14 1.14
38 14 1.02
39 9 14.71
40 25 23.01
41 9 2.46
42 1 1.78
43 1 0.01
44 1 0.01
45 1 0.01
46 1 0.01
47 9 3.67
48 1 0.01
49 1 0.01
50 1 0.01
51 1 0.01
52 9 6.35
53 1 0.01
54 1 0.01
55 1 0.01
56 1 0.01
57 1 0.01
58 1 0.01
59 1 0.01
60 10 6.93
61 14 2.39
62 9 4.56
63 9 3.83
64 1 1.76
65 1 0.01
66 1 0.01
67 1 0.01
68 1 0.01
69 1 0.01
70 1 0.01
71 9 4.67
72 6 9.91
73 14 4.31
74 1 0.01
75 1 1.78
76 1 0.01
77 1 0.01
78 1 0.01
79 1 0.01
80 1 0.01
81 1 0.01
82 1 0.01
83 9 6.58
84 9 5.47
85 1 0.01
86 1 0.01
87 1 0.01
88 1 0.01
89 1 0.01
90 1 0.01
91 1 0.01
92 1 0.01
93 1 0.01
94 1 1.80
95 1 0.01
96 1 0.01
97 14 1.05
98 1 0.01
99 1 0.01
100 1 0.01
101 1 0.01
102 1 0.01
103 1 0.01
104 1 0.01
105 1 0.01
106 1 0.01
107 1 0.01
108 1 0.01
109 1 0.01
110 1 0.01
111 1 0.01
112 1 1.80
113 1 0.01
114 1 0.01
115 1 1.78
116 1 0.01
117 1 1.76
118 1 0.01
119 1 0.01
120 1 0.01
121 1 0.01
122 1 0.01
123 1 0.01
124 1 0.01
125 1 0.01
126 1 0.01
127 1 0.01
128 1 0.01
129 1 0.01
130 14 0.99
131 14 1.02
132 1 0.01
133 1 0.01
134 1 0.01
135 1 0.01
136 1 0.01
137 1 0.01
138 9 2.92
139 14 2.60
140 1 0.01
141 1 0.01
142 1 0.01
143 1 0.01
144 1 0.01
145 1 0.01
146 1 0.01
147 1 0.01
148 14 14.55
149 10 8.45
150 9 2.41
151 1 1.79
152 1 0.01
153 1 0.01
154 14 1.02
155 1 0.01
156 1 0.01
157 1 0.01
158 9 5.47
159 14 1.05
160 1 0.01
161 1 0.01
162 1 0.01
163 14 0.99
164 1 0.01
165 14 2.05
166 1 0.01
167 1 0.01
168 1 0.01
169 1 0.01
170 1 0.01
171 1 0.01
172 1 0.01
173 1 0.01
174 1 0.01
175 1 0.01
176 1 0.01
177 1 0.01
178 25 3.69
179 1 0.01
180 1 0.01
181 14 2.68
182 1 0.01
183 1 0.01
184 1 0.01
185 1 0.01
186 1 0.01
187 1 0.01
188 1 0.01
189 14 1.21
190 14 1.02
191 1 0.01
192 1 0.01
193 25 15.80
194 14 4.31
195 1 0.01
196 1 1.78
197 1 0.01
198 1 0.01
199 1 0.01
200 1 0.01
201 1 0.01
202 1 0.01
203 1 1.76
204 1 0.01
205 1 0.01
206 1 0.01
207 1 0.01
