1 2 9.97
2 7 5.14
3 1 0.01
4 10 33.62
5 18 22.43
6 9 13.95
7 20 23.76
8 14 17.83
9 23 19.39
10 17 8.26
11 2 12.39
12 6 3.35
13 7 3.53
14 1 0.01
15 1 0.01
16 1 0.01
17 1 0.01
18 7 4.34
19 1 0.01
20 8 49.94
21 17 12.95
22 17 14.54
23 17 13.75
24 6 6.22
25 25 6.14
26 1 1.83
27 1 0.01
28 1 0.01
29 25 1.24
30 1 0.01
31 1 0.01
32 1 0.01
33 1 1.85
34 1 0.01
35 1 0.01
36 1 0.01
37 1 0.01
38 7 3.27
39 1 0.01
40 1 1.83
41 2 15.17
42 8 33.29
43 9 17.99
44 14 12.99
45 17 28.53
46 23 10.56
47 2 10.89
48 6 6.71
49 7 3.98
50 1 0.01
51 1 0.01
52 1 0.01
53 1 0.01
54 6 7.53
55 7 4.26
56 1 1.84
57 1 0.01
58 1 0.01
59 17 17.68
60 25 10.44
61 6 5.21
62 6 6.20
63 1 0.01
64 1 0.01
65 17 16.06
66 20 20.78
67 9 25.10
68 7 5.74
69 2 9.28
70 20 41.26
71 18 41.26
72 13 24.08
73 16 51.69
74 16 35.64
75 16 19.24
76 20 31.59
77 10 27.20
78 16 19.81
79 20 30.81
80 18 21.19
81 16 14.65
82 10 47.57
83 18 56.11
84 16 25.63
85 14 20.54
86 23 24.82
87 25 2.25
88 17 16.53
89 6 11.66
90 6 2.59
91 1 0.01
92 1 0.01
93 17 12.16
94 25 8.64
95 17 13.13
96 6 4.46
97 1 1.84
98 1 0.01
99 13 23.38
100 8 37.06
101 23 19.28
102 10 28.58
103 14 54.93
104 2 25.04
105 17 11.21
106 2 12.44
107 2 9.10
108 2 10.80
109 25 8.11
110 1 0.01
111 11 17.70
112 12 30.12
113 23 24.94
114 25 6.19
115 21 21.16
116 21 25.83
117 23 21.68
118 7 4.56
119 7 2.28
120 6 3.08
121 25 2.63
122 1 0.01
123 1 0.01
124 1 0.01
125 25 5.19
126 1 1.85
127 1 0.01
128 1 0.01
129 1 0.01
130 1 0.01
131 6 17.70
132 1 1.83
133 1 0.01
134 1 0.01
135 1 0.01
136 1 0.01
137 1 0.01
138 1 0.01
139 17 12.43
140 17 9.71
141 25 8.19
142 6 2.79
143 1 1.83
144 1 0.01
145 1 0.01
146 2 10.84
147 17 8.92
148 1 0.01
149 25 3.79
150 6 2.64
151 1 0.01
152 1 0.01
153 2 8.42
154 9 15.94
155 10 19.19
156 2 8.13
157 5 22.48
158 23 12.94
159 2 32.73
160 17 13.84
161 17 15.53
162 25 5.65
163 7 2.89
164 7 2.28
165 1 1.83
166 1 0.01
167 1 0.01
168 1 0.01
169 1 0.01
170 22 64.64
171 2 8.78
172 10 44.89
173 5 42.01
174 23 28.18
175 25 2.62
176 17 17.99
177 2 14.35
178 6 10.23
179 7 9.18
180 1 0.01
181 1 1.83
182 1 1.86
183 1 0.01
184 25 3.17
185 1 0.01
186 1 0.01
187 1 1.83
188 1 0.01
189 1 0.01
190 1 0.01
191 2 20.07
192 20 32.10
193 18 29.30
194 13 19.74
195 14 25.84
196 9 15.19
197 16 16.73
198 10 27.41
199 9 23.40
200 5 34.02
201 2 8.13
202 18 20.75
203 21 19.20
204 9 15.44
205 14 12.10
206 23 10.90
207 23 12.06
208 2 13.09
209 6 10.78
210 7 5.92
211 1 0.01
212 1 0.01
213 1 0.01
214 1 0.01
215 1 1.84
216 1 0.01
217 1 0.01
218 2 13.14
219 1 0.01
220 2 8.16
221 18 28.72
222 9 19.54
223 10 23.30
224 10 37.58
225 9 17.14
226 18 26.98
227 10 19.01
228 20 16.28
229 18 22.01
230 13 26.80
231 10 25.00
232 21 23.79
233 20 27.87
234 10 31.64
235 2 8.53
236 18 22.81
237 10 29.68
238 20 44.15
239 5 22.15
240 11 22.68
241 14 11.30
242 23 29.21
243 17 10.11
244 2 10.98
245 6 3.12
246 1 3.69
247 1 0.01
248 1 0.01
249 1 0.01
250 1 1.83
251 1 0.01
252 1 0.01
253 1 0.01
254 1 0.01
255 1 0.01
256 14 46.05
257 17 11.61
258 23 17.45
259 17 9.41
260 25 4.83
261 7 6.76
262 1 0.01
263 6 2.64
264 1 0.01
265 1 0.01
266 1 0.01
267 1 0.01
