702 1 0.01
703 9 5.70
704 14 4.03
705 14 4.07
706 14 4.40
707 1 0.01
708 9 7.70
709 9 4.16
710 1 0.01
711 9 5.59
712 1 1.78
713 1 0.01
714 1 0.01
715 1 0.01
716 1 1.80
717 14 0.99
718 14 1.19
719 25 8.04
720 1 0.01
721 1 0.01
722 1 0.01
723 1 0.01
724 1 0.01
725 1 0.01
726 1 0.01
727 1 0.01
728 1 0.01
729 1 0.01
730 1 0.01
731 9 2.40
732 1 3.75
733 1 0.01
734 1 0.01
735 14 0.99
736 14 1.02
737 1 0.01
738 1 0.01
739 14 1.14
740 1 0.01
741 14 0.99
742 1 0.01
743 6 40.34
744 1 0.01
745 1 1.78
746 1 0.01
747 1 0.01
748 14 1.02
749 1 0.01
750 1 1.80
751 1 1.76
752 1 0.01
753 1 0.01
754 1 0.01
755 1 0.01
756 1 0.01
757 1 0.01
758 10 16.17
759 10 12.91
760 10 17.22
761 14 4.08
762 9 6.62
763 14 1.05
764 1 0.01
765 9 10.02
766 1 0.01
767 1 1.76
768 1 0.01
769 1 0.01
770 1 1.76
771 1 0.01
772 1 0.01
773 1 0.01
774 1 0.01
775 1 0.01
776 1 0.01
777 1 0.01
778 14 1.29
779 1 0.01
780 1 0.01
781 1 0.01
782 1 0.01
783 1 0.01
784 1 0.01
785 1 0.01
786 1 0.01
787 1 0.01
788 1 0.01
789 1 0.01
790 1 0.01
791 14 2.67
792 1 0.01
793 1 0.01
794 1 2.00
795 1 0.01
796 1 0.01
797 1 0.01
798 1 0.01
799 1 0.01
800 1 0.01
801 14 0.99
802 14 8.83
803 1 0.01
804 1 0.01
805 1 0.01
806 1 0.01
807 14 1.14
808 1 0.01
809 1 0.01
810 1 1.76
811 1 0.01
812 1 0.01
813 1 0.01
814 1 0.01
815 1 0.01
816 1 0.01
817 1 0.01
818 1 1.79
819 1 0.01
820 1 0.01
821 10 7.55
822 14 2.11
823 9 2.41
824 1 1.80
825 1 0.01
826 1 0.01
827 1 0.01
828 1 0.01
829 1 0.01
830 1 0.01
831 14 5.39
832 8 27.87
833 11 30.74
834 9 5.98
835 11 13.85
836 17 10.52
837 1 5.78
838 14 2.39
839 9 4.56
840 9 3.57
841 1 0.01
842 1 0.01
843 1 0.01
844 1 0.01
845 9 10.85
846 9 8.99
847 1 0.01
848 9 4.16
849 1 0.01
850 14 2.54
851 14 11.55
852 1 0.01
853 1 0.01
854 1 0.01
855 1 0.01
856 1 0.01
857 14 5.83
858 9 3.31
859 2 8.49
860 2 21.76
861 23 18.47
862 13 27.08
863 2 8.81
864 7 22.39
865 11 29.70
866 10 17.64
867 17 11.58
868 10 10.46
869 9 7.57
870 14 1.30
871 1 0.01
872 1 0.01
873 1 0.01
874 1 0.01
875 1 0.01
876 1 0.01
877 1 0.01
878 1 0.01
879 1 0.01
880 1 0.01
881 9 5.68
882 1 0.01
883 9 5.37
884 1 0.01
885 1 0.01
886 1 0.01
887 1 0.01
888 1 0.01
889 1 0.01
890 1 0.01
891 1 0.01
892 1 0.01
893 1 0.01
894 1 0.01
895 25 10.84
896 1 0.01
897 1 0.01
898 1 0.01
899 1 0.01
900 1 1.79
901 1 0.01
902 1 0.01
903 1 0.01
904 1 0.01
905 1 0.01
906 1 0.01
907 1 0.01
908 1 0.01
909 25 45.28
910 14 1.28
911 1 0.01
912 1 0.01
913 1 0.01
914 1 0.01
915 1 0.01
916 1 0.01
917 1 0.01
918 1 0.01
919 1 0.01
920 1 0.01
921 2 15.77
922 1 0.01
923 12 23.68
924 13 24.31
925 9 5.93
926 8 27.26
927 2 8.85
928 2 20.12
929 11 15.78
930 14 2.64
931 9 2.46
932 10 5.59
933 10 10.94
934 14 2.48
935 14 1.05
936 1 0.01
937 1 0.01
938 1 0.01
