0.186047 0.813953
0.204545 0.795455
0.548387 0.451613
0.289157 0.710843
0.14 0.86
0.181818 0.818182
0.0823529 0.917647
0.485714 0.514286
0.3 0.7
0 1
0.0748299 0.92517
0.104348 0.895652
0.0775194 0.922481
0.0638298 0.93617
0.157895 0.842105
0.222973 0.777027
0.474576 0.525424
0.105263 0.894737
0.311475 0.688525
0.121429 0.878571
0.1875 0.8125
0.0769231 0.923077
0.144928 0.855072
0.152941 0.847059
0.361111 0.638889
0.402174 0.597826
0.23913 0.76087
0.142857 0.857143
0.0666667 0.933333
0.0882353 0.911765
0 1
0 1
0.212766 0.787234
0.269841 0.730159
0.0666667 0.933333
0.34375 0.65625
0.329412 0.670588
0.102564 0.897436
0.0916667 0.908333
0.03 0.97
0.184211 0.815789
1 0
0.212766 0.787234
0.56 0.44
0.508772 0.491228
0.0769231 0.923077
0.313433 0.686567
0.238806 0.761194
0 1
0.150685 0.849315
0.253968 0.746032
0.508475 0.491525
0.213333 0.786667
0.215385 0.784615
0.310345 0.689655
0.156627 0.843373
0.220339 0.779661
0.273973 0.726027
0.230769 0.769231
0.538462 0.461538
0.211538 0.788462
0.0410959 0.958904
0.141791 0.858209
0 1
0.0192308 0.980769
0.184615 0.815385
1 0
0.5 0.5
0.195652 0.804348
0.0483871 0.951613
0.159091 0.840909
0.176471 0.823529
0.0877193 0.912281
0.2 0.8
0.2 0.8
0.105263 0.894737
0.277778 0.722222
0.3125 0.6875
0.00909091 0.990909
0.0496894 0.950311
0.285714 0.714286
0.304348 0.695652
0.0375 0.9625
0.375 0.625
0.434783 0.565217
0.202532 0.797468
0.262626 0.737374
0.482759 0.517241
0.0875 0.9125
0.348485 0.651515
0.315789 0.684211
0.0686695 0.93133
0.408451 0.591549
0.317308 0.682692
0.0125 0.9875
0.123711 0.876289
0.0720721 0.927928
0.134021 0.865979
0.0544554 0.945545
0.280899 0.719101
0.108108 0.891892
0 1
0.0204082 0.979592
