175 2 11.00
176 2 11.12
177 1 0.01
178 8 23.49
179 3 13.42
180 11 30.00
181 9 6.51
182 15 20.09
183 2 17.56
184 2 12.74
185 8 30.38
186 1 9.97
187 1 0.01
188 10 12.32
189 9 10.99
190 9 4.59
191 14 1.22
192 1 0.01
193 1 0.01
194 1 0.01
195 1 0.01
196 9 10.99
197 1 0.01
198 14 2.11
199 9 16.85
200 9 6.02
201 1 0.01
202 1 0.01
203 14 2.90
204 1 0.01
205 1 0.01
206 1 0.01
207 18 59.83
208 23 20.12
209 24 13.94
210 15 27.54
211 24 24.49
212 14 6.18
213 2 9.14
214 15 22.42
215 15 28.65
216 23 34.45
217 8 21.53
218 17 29.77
219 2 12.53
220 10 11.47
221 14 7.35
222 9 3.57
223 14 1.19
224 1 0.01
225 1 0.01
226 1 0.01
227 1 0.01
228 3 34.55
229 3 35.73
230 4 50.12
231 24 21.96
232 2 8.46
233 23 18.13
234 17 20.12
235 15 23.09
236 17 18.66
237 2 27.61
238 17 11.63
239 10 12.62
240 2 8.65
241 14 2.05
242 14 2.60
243 1 0.01
244 1 0.01
245 1 0.01
246 1 0.01
247 1 0.01
248 1 0.01
249 2 18.31
250 14 6.23
251 14 1.14
252 24 26.90
253 15 28.38
254 2 7.94
255 7 30.43
256 15 34.10
257 2 8.14
258 24 13.30
259 17 26.62
260 17 20.68
261 9 2.33
262 2 11.41
263 9 8.69
264 14 3.81
265 1 0.01
266 1 0.01
267 1 0.01
268 1 0.01
269 1 0.01
270 1 0.01
271 1 0.01
272 1 0.01
273 1 0.01
274 11 23.18
275 15 29.29
276 17 9.40
277 10 19.78
278 10 10.81
279 14 21.49
280 9 5.86
281 1 1.80
282 14 2.83
283 1 0.01
284 1 0.01
285 1 0.01
286 1 0.01
287 23 61.69
288 12 32.31
289 2 8.41
290 3 24.51
291 8 21.71
292 7 29.63
293 2 9.19
294 15 18.42
295 11 18.98
296 10 13.58
297 17 23.80
298 17 25.69
299 17 24.01
300 14 4.21
301 1 0.01
302 9 8.24
303 9 2.41
304 1 1.79
305 1 0.01
306 1 1.80
307 1 0.01
308 14 4.47
309 1 0.01
310 3 20.48
311 8 27.65
312 3 40.74
313 9 5.85
314 8 20.73
315 17 19.59
316 10 10.32
317 10 21.17
318 9 4.51
319 9 3.57
320 1 0.01
321 1 0.01
322 2 16.14
323 1 0.01
324 1 0.01
325 1 0.01
326 20 55.66
327 14 6.27
328 2 9.19
329 15 40.59
330 23 14.49
331 24 41.32
332 17 34.09
333 15 34.13
334 17 12.44
335 17 9.34
336 17 20.19
337 14 4.53
338 14 2.56
339 14 2.11
340 14 1.02
341 1 0.01
342 1 0.01
343 14 2.85
344 1 2.00
345 1 0.01
346 9 6.56
347 17 39.89
348 1 0.01
349 1 0.01
350 2 9.02
351 7 31.02
352 11 34.81
353 9 6.51
354 15 39.75
355 15 45.02
356 2 8.98
357 7 35.74
358 14 6.35
359 2 9.25
360 17 7.65
361 10 12.48
362 9 2.40
363 9 5.22
364 9 12.18
365 1 0.01
366 1 0.01
367 1 0.01
368 1 1.76
369 1 0.01
370 1 0.01
371 1 0.01
372 1 0.01
373 2 13.61
374 14 7.44
375 14 1.05
376 14 2.68
377 1 0.01
378 1 0.01
379 1 0.01
380 1 1.80
381 1 0.01
382 9 5.04
383 25 19.18
384 2 13.80
385 14 2.83
386 1 0.01
387 8 17.27
388 2 8.49
389 18 23.83
390 12 20.36
391 8 25.41
392 2 9.08
393 11 18.60
394 17 13.11
395 11 16.02
396 2 13.65
397 10 6.89
398 14 6.20
399 1 0.01
400 10 6.92
401 9 7.53
402 14 1.21
403 1 0.01
404 9 3.31
405 1 0.01
406 1 0.01
407 13 38.26
408 10 8.12
409 9 25.98
410 10 18.44
411 9 4.67
412 9 5.02
413 1 0.01
414 1 0.01
415 10 24.35
416 14 4.48
417 1 0.01
418 2 9.82
419 9 6.44
420 9 6.65
421 14 1.14
422 1 0.01
423 1 0.01
424 1 0.01
425 1 0.01
426 1 0.01
427 1 0.01
428 1 0.01
429 1 1.76
430 1 0.01
431 1 0.01
432 1 0.01
