1 1 0.01
2 14 13.51
3 1 0.01
4 2 30.79
5 1 2.00
6 1 0.01
7 14 7.72
8 9 8.31
9 1 0.01
10 1 0.01
11 1 1.79
12 14 1.05
13 14 1.02
14 1 1.80
15 1 0.01
16 1 0.01
17 1 1.76
18 1 0.01
19 1 0.01
20 1 0.01
21 1 0.01
22 1 0.01
23 25 8.43
24 1 0.01
25 1 0.01
26 1 1.78
27 1 0.01
28 1 0.01
29 1 0.01
30 1 0.01
31 1 0.01
32 1 0.01
33 1 0.01
34 1 0.01
35 9 2.33
36 1 1.76
37 1 0.01
38 1 0.01
39 3 18.26
40 17 49.76
41 11 10.84
42 11 23.04
43 9 2.40
44 10 13.07
45 10 8.02
46 14 2.11
47 14 1.02
48 1 0.01
49 1 0.01
50 1 0.01
51 9 3.31
52 10 7.06
53 14 4.37
54 14 2.56
55 1 0.01
56 1 0.01
57 1 0.01
58 14 1.14
59 1 1.80
60 1 0.01
61 1 0.01
62 1 0.01
63 1 0.01
64 14 1.29
65 1 0.01
66 1 0.01
67 1 0.01
68 1 0.01
69 1 0.01
70 1 0.01
71 1 0.01
72 1 0.01
73 1 0.01
74 1 0.01
75 9 4.07
76 1 0.01
77 1 1.80
78 1 0.01
79 14 2.05
80 9 9.84
81 14 0.99
82 1 0.01
83 1 0.01
84 1 0.01
85 9 3.97
86 1 1.76
87 1 0.01
88 1 0.01
89 1 0.01
90 1 0.01
91 3 19.42
92 3 36.11
93 13 14.60
94 23 28.70
95 8 23.62
96 23 15.06
97 18 48.13
98 7 29.94
99 15 26.44
100 23 43.95
101 24 38.44
102 15 56.49
103 15 51.01
104 2 9.14
105 15 24.10
106 17 17.29
107 9 2.94
108 17 13.88
109 2 22.19
110 25 10.02
111 14 1.14
112 1 0.01
113 1 1.79
114 1 0.01
115 9 2.46
116 9 7.18
117 1 0.01
118 14 7.27
119 1 0.01
120 14 2.39
121 14 1.05
122 1 0.01
123 1 0.01
124 1 0.01
125 1 0.01
126 1 0.01
127 25 14.92
128 1 0.01
129 1 1.78
130 1 0.01
131 1 0.01
132 1 0.01
133 1 0.01
134 1 0.01
135 1 0.01
136 1 1.80
137 14 1.30
138 1 0.01
139 1 0.01
140 1 0.01
141 9 2.41
142 1 1.79
143 1 0.01
144 1 0.01
145 9 2.77
146 1 1.78
147 1 0.01
148 1 0.01
149 1 0.01
150 1 0.01
151 1 0.01
152 1 0.01
153 1 0.01
154 1 1.76
155 1 0.01
156 1 0.01
157 1 0.01
158 9 7.71
159 14 1.14
160 1 0.01
161 1 0.01
162 1 0.01
163 14 2.11
164 9 4.72
165 14 2.66
166 1 0.01
167 1 0.01
168 1 0.01
169 1 0.01
170 1 0.01
171 1 0.01
172 1 0.01
173 1 0.01
174 8 21.23
175 23 20.52
176 24 23.23
177 7 23.31
178 18 23.40
179 8 25.58
180 15 33.42
181 23 22.32
182 24 18.95
183 17 35.87
184 17 23.05
185 17 14.23
186 2 11.51
187 9 7.95
188 14 2.95
189 1 0.01
190 1 0.01
191 1 0.01
192 1 0.01
193 1 0.01
194 1 0.01
195 1 0.01
196 1 0.01
197 9 2.46
198 2 16.55
199 1 0.01
200 9 10.11
201 10 38.94
202 1 0.01
203 3 19.15
204 11 28.39
205 10 16.15
206 17 17.36
207 10 9.77
208 25 9.10
209 14 1.22
210 1 0.01
211 1 0.01
212 9 2.54
213 9 3.82
214 1 0.01
215 1 0.01
216 10 8.78
217 1 0.01
218 14 2.05
219 14 0.99
220 1 0.01
221 1 0.01
222 1 0.01
223 18 37.36
224 2 8.78
225 17 17.74
226 24 19.87
227 17 9.74
228 2 11.46
229 9 8.64
230 9 4.17
231 1 0.01
232 1 0.01
233 1 1.80
234 1 0.01
235 9 2.77
236 9 4.67
237 25 5.63
238 14 1.19
239 1 0.01
240 1 0.01
241 1 0.01
242 1 0.01
243 12 34.36
244 17 18.49
245 10 17.22
246 10 11.57
247 9 12.78
248 14 1.21
249 1 0.01
250 25 11.72
251 9 4.60
252 14 0.99
253 1 0.01
254 1 0.01
255 1 0.01
256 1 0.01
257 1 0.01
258 1 0.01
259 1 0.01
260 1 0.01
261 1 0.01
262 1 0.01
263 1 0.01
264 1 0.01
265 1 0.01
266 1 0.01
267 1 0.01
268 1 0.01
