1310 1 0.01
1311 1 0.01
1312 9 6.96
1313 1 1.79
1314 1 0.01
1315 1 0.01
1316 1 0.01
1317 1 0.01
1318 1 0.01
1319 1 0.01
1320 1 0.01
1321 1 0.01
1322 1 0.01
1323 1 0.01
1324 1 0.01
1325 1 0.01
1326 14 0.99
1327 14 1.21
1328 14 2.69
1329 1 1.78
1330 1 0.01
1331 1 0.01
1332 1 0.01
1333 1 0.01
1334 1 0.01
1335 1 1.78
1336 1 0.01
1337 14 1.29
1338 14 1.14
1339 14 2.91
1340 1 0.01
1341 1 0.01
1342 1 0.01
1343 1 0.01
1344 1 0.01
1345 25 3.65
1346 1 0.01
1347 1 0.01
1348 14 1.21
1349 1 0.01
1350 1 0.01
1351 1 1.76
1352 1 0.01
1353 1 0.01
1354 1 0.01
1355 1 0.01
1356 1 1.79
1357 1 0.01
1358 1 1.76
1359 1 0.01
1360 9 12.69
1361 1 0.01
1362 9 5.92
1363 9 5.30
1364 1 0.01
1365 14 2.64
1366 1 0.01
1367 1 0.01
1368 1 0.01
1369 1 0.01
1370 14 1.19
1371 1 0.01
1372 1 0.01
1373 1 0.01
1374 1 0.01
1375 1 0.01
1376 1 1.79
1377 1 0.01
1378 9 2.40
1379 14 2.84
1380 1 0.01
1381 1 0.01
1382 1 1.80
1383 1 0.01
1384 1 0.01
1385 1 0.01
1386 1 0.01
1387 18 18.46
1388 24 19.06
1389 2 22.02
1390 9 6.44
1391 10 20.88
1392 9 2.77
1393 10 6.66
1394 9 4.90
1395 14 0.99
1396 1 0.01
1397 1 0.01
1398 1 0.01
1399 1 0.01
1400 1 0.01
1401 1 0.01
1402 1 0.01
1403 1 0.01
1404 1 0.01
1405 1 0.01
1406 1 0.01
1407 1 0.01
1408 1 0.01
1409 1 0.01
1410 1 0.01
1411 1 0.01
1412 1 0.01
