1 1 0.01
2 1 0.01
3 1 0.01
4 1 1.78
5 1 0.01
6 1 0.01
7 1 0.01
8 20 69.66
9 13 37.16
10 23 42.47
11 18 31.57
12 23 17.65
13 24 44.68
14 15 46.43
15 15 22.75
16 8 18.46
17 17 18.10
18 17 12.99
19 10 15.13
20 2 11.23
21 9 7.60
22 14 2.83
23 1 0.01
24 1 0.01
25 1 0.01
26 9 9.87
27 25 3.93
28 1 0.01
29 9 2.40
30 9 7.09
31 1 0.01
32 9 4.56
33 9 11.95
34 1 0.01
35 1 0.01
36 1 0.01
37 9 7.09
38 1 0.01
39 1 0.01
40 14 7.37
41 14 6.10
42 14 1.28
43 1 0.01
44 25 9.19
45 1 0.01
46 1 0.01
47 1 0.01
48 11 14.02
49 17 10.86
50 2 13.14
51 9 7.62
52 14 2.67
53 1 0.01
54 1 0.01
55 1 0.01
56 14 4.42
57 1 0.01
58 2 9.25
59 15 21.89
60 18 16.11
61 23 22.53
62 15 23.04
63 8 16.61
64 23 22.17
65 2 8.22
66 8 22.08
67 23 19.37
68 7 85.02
69 18 57.17
70 8 60.41
71 23 40.00
72 11 66.39
73 17 31.49
74 10 21.89
75 10 18.00
76 2 20.38
77 9 5.38
78 1 0.01
79 1 0.01
80 14 4.40
81 1 0.01
82 9 4.51
83 9 3.57
84 1 0.01
85 1 0.01
86 10 26.66
87 13 31.59
88 3 20.52
89 3 14.60
90 23 34.48
91 10 24.54
92 17 11.42
93 9 2.33
94 2 10.95
95 2 18.47
96 1 0.01
97 14 1.21
98 18 18.29
99 15 33.19
100 15 24.27
101 24 82.29
102 8 75.94
103 2 10.62
104 17 40.42
105 10 17.60
106 10 24.01
107 6 41.62
108 10 14.73
109 1 0.01
110 1 1.76
111 1 0.01
112 25 7.55
113 1 0.01
114 1 0.01
115 1 1.76
116 1 0.01
117 10 7.06
118 14 3.96
119 14 4.37
120 9 4.34
121 1 0.01
122 9 6.29
123 14 4.48
124 1 0.01
125 1 1.79
126 1 0.01
127 1 0.01
128 12 20.73
129 17 25.99
130 10 18.98
131 10 12.38
132 9 9.15
133 9 3.82
134 1 0.01
135 1 0.01
136 1 0.01
137 14 6.26
138 2 30.74
139 2 21.89
140 1 0.01
141 2 8.93
142 8 24.68
143 23 22.62
144 2 8.99
145 8 29.20
146 8 59.15
147 24 31.32
148 8 20.83
149 11 24.60
150 9 14.30
151 17 13.29
152 9 6.44
153 9 5.37
154 1 0.01
155 1 0.01
156 1 0.01
157 1 0.01
158 13 72.24
159 23 33.26
160 2 8.14
161 23 14.49
162 24 23.83
163 15 24.63
164 15 27.11
165 17 15.15
166 17 11.96
167 10 15.37
168 1 0.01
169 9 3.74
170 1 1.79
171 1 0.01
172 14 1.21
173 1 1.78
174 1 0.01
175 14 4.21
176 1 0.01
177 1 1.79
178 1 0.01
179 2 16.11
180 24 20.92
181 8 20.13
182 8 18.09
183 15 38.03
184 8 26.79
185 3 28.78
186 8 22.77
187 8 19.33
188 12 29.41
189 13 25.14
190 2 7.94
191 8 32.77
192 3 18.81
193 2 8.19
194 11 14.27
195 17 20.47
196 9 2.46
197 9 8.27
198 14 5.61
199 1 0.01
200 1 0.01
201 1 0.01
202 1 0.01
203 1 1.78
204 14 4.49
205 1 0.01
206 2 9.65
207 1 0.01
208 2 11.65
209 23 38.06
210 8 22.17
211 8 35.58
212 15 25.11
213 8 23.06
214 18 19.99
215 8 23.49
216 15 30.27
217 3 20.92
218 12 26.58
219 8 42.52
220 7 38.63
221 12 34.22
222 8 42.26
223 13 69.52
224 12 38.95
225 7 37.62
226 13 52.67
227 13 29.60
228 13 20.23
229 11 22.47
230 23 29.27
231 13 30.80
232 11 10.81
233 10 9.65
234 14 4.37
235 9 7.24
236 9 5.30
237 1 0.01
238 1 0.01
239 14 6.13
240 1 0.01
241 10 6.28
242 9 6.70
243 14 1.29
244 1 0.01
245 1 0.01
246 1 0.01
247 21 27.80
248 9 14.56
249 14 12.86
250 14 1.30
251 1 1.79
252 14 1.29
253 1 0.01
254 1 0.01
255 1 0.01
