2 1 0.01
3 14 4.51
4 1 0.01
5 1 1.78
6 1 0.01
7 1 0.01
8 1 0.01
9 1 0.01
10 1 0.01
11 1 0.01
12 1 0.01
13 1 0.01
14 1 0.01
15 13 56.52
16 20 81.66
17 11 25.85
18 12 61.17
19 14 15.77
20 1 0.01
21 17 109.78
22 8 33.02
23 25 29.87
24 2 48.45
25 9 8.16
26 10 6.82
27 1 0.01
28 1 0.01
29 14 1.29
30 1 0.01
31 1 0.01
32 3 22.11
33 1 0.01
34 11 35.94
35 7 95.12
36 10 24.22
37 25 36.35
38 10 19.02
39 25 5.33
40 9 2.33
41 14 2.83
42 1 0.01
43 1 0.01
44 1 0.01
45 1 0.01
46 2 15.38
47 14 13.20
48 9 8.19
49 18 21.14
50 21 22.63
51 10 11.19
52 14 1.02
53 9 2.92
54 9 4.80
55 14 2.84
56 1 0.01
57 14 2.89
58 1 0.01
59 1 0.01
60 1 0.01
61 1 0.01
62 1 0.01
63 1 0.01
64 9 6.56
65 9 17.98
66 1 0.01
67 1 0.01
68 1 0.01
69 1 0.01
70 1 0.01
