1 1 1.83
2 1 1.83
3 1 0.01
4 1 0.01
5 25 4.68
6 1 0.01
7 1 0.01
8 1 1.83
9 15 4.84
10 1 1.83
11 1 0.01
12 1 0.01
13 1 0.01
14 1 0.01
15 1 0.01
16 1 0.01
17 7 3.24
18 1 0.01
19 1 1.83
20 1 1.83
21 1 0.01
22 1 0.01
23 25 13.92
24 1 0.01
25 1 0.01
26 1 0.01
27 1 0.01
28 1 5.83
29 1 2.00
30 1 0.01
31 7 3.72
32 7 2.84
33 14 32.44
34 7 32.15
35 1 0.01
36 25 3.58
37 7 8.50
38 1 0.01
39 7 2.87
40 1 0.01
41 7 5.74
42 1 1.83
43 15 16.17
44 1 0.01
45 1 1.84
46 1 1.83
47 25 4.97
48 1 1.83
49 1 0.01
50 1 1.83
51 1 0.01
52 25 1.24
53 1 0.01
54 25 6.28
55 1 0.01
56 1 0.01
57 1 0.01
58 25 7.37
59 1 1.84
60 1 0.01
61 1 0.01
62 15 5.26
63 1 0.01
64 1 0.01
65 1 0.01
66 1 0.01
67 1 0.01
68 25 2.69
69 1 1.86
70 1 0.01
71 1 0.01
72 1 0.01
73 6 10.84
74 1 0.01
75 1 0.01
76 25 3.79
77 6 9.64
78 1 0.01
79 25 1.24
80 1 0.01
81 1 0.01
82 1 0.01
83 1 0.01
84 1 1.85
85 1 0.01
86 1 0.01
87 1 0.01
88 1 0.01
89 1 0.01
90 25 1.24
91 1 0.01
92 1 1.83
93 1 1.83
94 6 6.14
95 1 0.01
96 1 0.01
97 1 0.01
98 1 0.01
99 1 0.01
100 1 0.01
101 1 0.01
102 1 1.84
103 1 0.01
104 1 0.01
105 1 0.01
106 1 0.01
107 1 0.01
108 1 0.01
109 1 0.01
110 1 0.01
111 15 47.14
112 25 15.55
113 25 7.20
114 25 2.80
115 1 1.85
116 1 0.01
117 25 3.17
118 1 0.01
119 1 0.01
120 1 0.01
121 1 0.01
122 1 0.01
123 1 0.01
124 1 0.01
125 1 0.01
126 1 0.01
127 1 0.01
128 2 14.32
129 17 11.52
130 7 4.41
131 1 0.01
132 25 1.89
133 1 0.01
134 1 0.01
135 1 0.01
136 1 0.01
137 1 1.85
138 1 0.01
139 1 0.01
140 1 0.01
141 2 31.37
142 25 6.28
143 6 3.19
144 7 5.50
145 1 0.01
146 6 4.54
147 1 1.84
148 1 0.01
149 1 0.01
150 1 0.01
151 1 0.01
152 25 3.56
153 1 0.01
154 1 0.01
155 1 0.01
156 1 1.84
157 1 0.01
158 1 0.01
159 1 0.01
160 1 0.01
161 1 0.01
162 1 0.01
163 1 0.01
164 1 0.01
165 1 0.01
166 1 0.01
167 1 0.01
168 1 0.01
169 1 0.01
170 1 0.01
171 1 0.01
172 1 0.01
173 25 3.17
174 1 0.01
175 1 0.01
176 1 0.01
177 1 0.01
178 1 0.01
179 1 0.01
180 1 0.01
181 1 0.01
182 1 0.01
183 1 1.84
184 1 0.01
185 1 0.01
186 1 0.01
187 1 1.85
188 1 1.83
189 1 0.01
190 1 0.01
191 1 0.01
192 1 1.84
193 1 2.00
194 1 0.01
195 1 1.84
196 1 0.01
197 25 6.24
198 7 4.73
199 1 0.01
200 1 0.01
201 1 0.01
202 1 1.84
203 1 0.01
204 1 0.01
205 1 0.01
206 1 0.01
207 1 0.01
208 1 0.01
209 1 0.01
210 1 0.01
211 1 0.01
212 1 0.01
213 7 2.97
214 1 0.01
215 7 4.82
216 1 0.01
217 25 6.43
218 1 0.01
219 1 0.01
220 25 2.25
221 17 14.27
222 1 3.70
223 7 5.06
224 1 0.01
225 7 4.65
226 14 20.53
227 1 1.84
228 25 2.62
229 2 20.20
230 17 7.87
231 17 11.15
232 1 0.01
233 7 4.26
234 1 1.84
235 1 0.01
236 1 0.01
237 25 2.69
238 1 1.86
239 1 0.01
240 1 0.01
241 1 0.01
242 1 0.01
243 15 23.19
244 1 1.83
245 1 0.01
246 1 0.01
247 1 0.01
248 1 0.01
249 1 1.84
250 1 0.01
251 1 0.01
252 25 3.17
253 1 0.01
254 1 0.01
255 1 0.01
256 1 0.01
257 1 0.01
258 1 0.01
259 1 0.01
260 1 0.01
261 1 0.01
262 1 0.01
263 1 0.01
264 7 4.82
265 1 1.84
266 1 0.01
267 1 0.01
268 1 0.01
269 1 0.01
270 1 0.01
271 1 0.01
272 7 2.89
273 6 3.35
274 7 4.41
275 1 0.01
276 1 3.83
277 1 0.01
278 1 1.87
279 1 0.01
280 1 0.01
281 1 1.84
282 1 1.84
283 1 0.01
284 1 0.01
285 1 1.85
286 1 0.01
287 1 0.01
288 1 0.01
289 1 1.84
290 1 1.83
291 1 0.01
292 1 0.01
293 1 0.01
294 25 1.24
295 7 4.17
296 1 0.01
297 1 0.01
298 1 0.01
299 1 0.01
300 1 0.01
301 1 0.01
302 1 1.87
303 1 0.01
304 2 11.00
305 17 12.05
306 1 0.01
307 7 2.72
308 7 2.28
309 1 1.83
310 1 0.01
311 1 0.01
312 1 0.01
313 1 0.01
314 1 0.01
315 25 2.69
316 1 1.86
317 1 0.01
318 1 0.01
319 1 0.01
320 1 0.01
321 1 0.01
322 1 0.01
323 1 0.01
324 1 0.01
325 1 0.01
326 1 0.01
327 1 0.01
328 1 0.01
