#pdb lig overlap PP-crit PP-dst crit4 crit5 crit6 crit6_continue lig_vol pock_vol nb_AS nb_AS_norm mean_as_ray mean_as_solv_acc apol_as_prop apol_as_prop_norm mean_loc_hyd_dens mean_loc_hyd_dens_norm hydrophobicity_score volume_score polarity_score polarity_score_norm charge_score flex prop_polar_atm as_density as_density_norm as_max_dst as_max_dst_norm drug_score pock_asa pock_pol_asa pock_apol_asa ALA ARG ASN ASP CYS GLN GLU GLY HIS ILE LEU LYS MET PHE PRO SER THR TRP TYR VAL
1gy7_unbound.pdb PEP  49.52  1   1.36 1.00 1.00  1  2.00   681.97     385.81    39 0.42   3.94   0.54  0.41 0.41   15.00 0.36     77.20    4.60     1  0.12     0   0.22   40.74  3.18  0.52  7.13  0.45  0.32 211.33 97.99 113.34   1   0   0   0   1   0   0   0   0   2   1   0   1   3   0   0   1   0   0   0
1gy7_unbound.pdb PEP  54.29  1   2.68 0.73 0.37  1  0.67   681.97     907.83    91 1.00   3.63   0.48  0.26 0.26   16.83 0.40     44.61    4.28     6  0.75     0   0.31   47.06  6.07  1.00 17.06  1.00  0.16 425.08 264.96 160.12   1   0   2   1   1   0   0   0   0   4   1   1   1   3   1   0   2   0   0   0
1gy7_unbound.pdb PEP  11.43  0   8.48 0.00 0.00  0 -1.25   681.97    1096.50    83 0.91   4.42   0.60  0.65 0.65   42.07 1.00     24.64    3.27     4  0.50    -2   0.11   31.25  6.05  1.00 14.29  0.85  0.43 471.63 138.33 333.31   1   0   1   1   1   0   1   1   0   0   0   0   2   0   0   1   0   0   0   2
1gy7_unbound.pdb PEP   0.00  0  14.94 0.00 0.00  0 -1.25   681.97     169.68    45 0.49   3.31   0.39  0.78 0.78   32.00 0.76     63.00    4.36     3  0.38    -1   0.18   20.00  3.65  0.60  8.23  0.51  0.67 89.30 10.80 78.50   0   0   1   0   4   0   1   0   0   4   0   0   0   1   0   0   0   1   0   2
1gy7_unbound.pdb PEP   0.00  0  15.78 0.00 0.00  0 -1.25   681.97     379.38    66 0.72   3.46   0.42  0.79 0.79   40.69 0.97     56.63    4.16     4  0.50    -2   0.11   18.60  5.08  0.84 12.10  0.73  0.87 186.30 26.90 159.41   0   0   1   1   4   0   1   1   0   5   0   0   1   1   0   0   0   1   0   3
1gy7_unbound.pdb PEP   0.00  0  18.24 0.00 0.00  0 -1.25   681.97     478.99    37 0.40   3.94   0.53  0.46 0.46   16.00 0.38     40.12    4.25     3  0.38     2   0.18   20.83  3.21  0.53  7.48  0.47  0.05 192.98 58.93 134.05   0   0   0   0   2   0   0   0   0   2   0   2   0   0   0   1   0   0   0   1
1gy7_unbound.pdb PEP   0.00  0  18.72 0.00 0.00  0 -1.25   681.97     655.93    54 0.59   3.80   0.54  0.35 0.35   13.58 0.32     22.33    3.92     5  0.62     0   0.24   50.00  5.32  0.88 13.29  0.79  0.03 312.56 246.14 66.42   0   0   0   0   0   0   1   1   0   1   0   1   0   2   2   0   3   0   0   1
1gy7_unbound.pdb PEP   0.00  0  19.21 0.00 0.00  0 -1.25   681.97     242.40    49 0.53   3.36   0.36  0.27 0.27   11.23 0.27      7.69    3.38     8  1.00     1   0.31   56.67  4.06  0.67  9.53  0.58  0.04 201.84 113.69 88.16   0   0   1   0   1   1   0   0   0   1   0   1   0   0   2   2   3   0   0   1
1gy7_unbound.pdb PEP   0.00  0  21.36 0.00 0.00  0 -1.25   681.97     420.54    44 0.48   3.88   0.48  0.68 0.68   28.40 0.68     60.82    4.27     1  0.12     1   0.45   30.00  4.75  0.78 10.32  0.63  0.40 299.93 109.12 190.81   0   0   0   0   3   0   0   1   0   3   0   1   2   1   0   0   0   0   0   0
1gy7_unbound.pdb PEP   0.00  0  29.14 0.00 0.00  0 -1.25   681.97     849.63    48 0.52   4.02   0.54  0.35 0.35   14.82 0.35     31.00    4.56     6  0.75    -1   0.56   50.00  4.37  0.72 12.10  0.73  0.06 303.61 199.76 103.86   0   0   1   2   0   0   0   0   1   1   0   0   0   2   0   0   1   1   0   0
