pdb lig overlap PP-crit PP-dst crit4 crit5 crit6 crit6_continue lig_vol pock_vol nb_AS nb_AS_norm mean_as_ray mean_as_solv_acc apol_as_prop apol_as_prop_norm mean_loc_hyd_dens mean_loc_hyd_dens_norm hydrophobicity_score volume_score polarity_score polarity_score_norm charge_score flex prop_polar_atm as_density as_density_norm as_max_dst as_max_dst_norm drug_score pock_asa pock_pol_asa pock_apol_asa ALA ARG ASN ASP CYS GLN GLU GLY HIS ILE LEU LYS MET PHE PRO SER THR TRP TYR VAL
dpoc.receptor.peptide.pdb PEP   0.00  0  38.79 0.00 0.00  0 -1.25   330.40    1074.85   124 1.00   3.86   0.51  0.49 0.49   38.82 1.00      8.00    3.78    10  0.91    -5   0.04   38.71  6.82  1.00 16.33  1.00  0.52 465.62 172.16 293.45   0   0   0   3   1   1   2   2   0   0   0   0   3   0   2   1   1   2   0   0
dpoc.receptor.peptide.pdb PEP   0.00  0  31.86 0.00 0.00  0 -1.25   330.40     299.72    75 0.60   3.35   0.42  0.43 0.43   27.31 0.70     27.89    3.89    10  0.91     2   0.05   42.86  4.56  0.67 10.52  0.66  0.26 103.90 38.68 65.21   2   1   2   0   1   1   0   1   1   2   0   0   0   0   1   1   2   2   0   1
dpoc.receptor.peptide.pdb PEP   0.00  0  15.41 0.00 0.00  0 -1.25   330.40     602.97    75 0.60   3.75   0.47  0.37 0.37   19.71 0.51     25.53    4.41    11  1.00     0   0.22   34.88  5.45  0.80 11.18  0.70  0.12 314.43 132.08 182.35   1   0   1   3   1   1   0   0   1   4   0   2   0   0   0   1   0   2   0   0
dpoc.receptor.peptide.pdb PEP   0.00  0  46.28 0.00 0.00  0 -1.25   330.40     281.84    47 0.37   3.48   0.44  0.53 0.53   22.80 0.59     30.38    4.85     9  0.82     0   0.16   36.36  3.81  0.56 11.42  0.72  0.13 144.74 69.87 74.87   0   0   1   2   0   0   0   0   1   2   0   1   2   0   0   0   1   0   3   0
dpoc.receptor.peptide.pdb PEP   0.00  0  32.94 0.00 0.00  0 -1.25   330.40     590.67    44 0.35   4.21   0.62  0.61 0.61   26.00 0.67     60.00    5.25     4  0.36     1   0.13   29.17  2.80  0.41  7.39  0.48  0.45 198.88 47.21 151.67   0   1   0   0   0   1   0   0   0   3   1   0   0   0   0   0   1   1   0   0
dpoc.receptor.peptide.pdb PEP   0.00  0  31.73 0.00 0.00  0 -1.25   330.40     309.33    43 0.34   3.85   0.55  0.74 0.74   31.00 0.80     38.67    3.56     2  0.18    -1   0.12   28.57  2.83  0.41  6.82  0.45  0.24 190.11 34.33 155.78   1   0   0   1   1   1   0   1   0   1   0   0   2   0   0   0   0   0   0   1
dpoc.receptor.peptide.pdb PEP   0.00  0  48.72 0.00 0.00  0 -1.25   330.40     504.00    44 0.35   4.27   0.55  0.23 0.23    9.00 0.23     33.12    4.88     6  0.55     0   0.18   34.78  3.15  0.46  8.05  0.52  0.04 187.09 83.23 103.86   0   0   0   1   0   0   1   0   2   1   0   0   0   0   0   0   0   1   1   1
dpoc.receptor.peptide.pdb PEP   0.00  0  24.21 0.00 0.00  0 -1.25   330.40     263.22    38 0.30   3.65   0.49  0.11 0.11    3.00 0.08      5.70    4.10     6  0.55     3   0.40   52.17  3.05  0.45  6.85  0.45  0.01 158.98 81.69 77.29   1   1   0   1   1   1   0   0   2   1   0   1   0   0   1   0   0   0   0   0
dpoc.receptor.peptide.pdb PEP   0.00  0  32.73 0.00 0.00  0 -1.25   330.40     674.09    40 0.32   4.22   0.55  0.12 0.12    4.00 0.10    -10.33    3.33     6  0.55     3   0.48   53.85  3.87  0.57  8.98  0.58  0.01 307.26 169.59 137.67   1   0   2   0   0   1   0   0   3   0   0   0   0   0   2   0   0   0   0   0
