#pdb lig overlap PP-crit PP-dst crit4 crit5 crit6 crit6_continue lig_vol pock_vol nb_AS nb_AS_norm mean_as_ray mean_as_solv_acc apol_as_prop apol_as_prop_norm mean_loc_hyd_dens mean_loc_hyd_dens_norm hydrophobicity_score volume_score polarity_score polarity_score_norm charge_score flex prop_polar_atm as_density as_density_norm as_max_dst as_max_dst_norm drug_score pock_asa pock_pol_asa pock_apol_asa ALA ARG ASN ASP CYS GLN GLU GLY HIS ILE LEU LYS MET PHE PRO SER THR TRP TYR VAL
2znn_unbound.pdb PEP  38.67  1   2.73 1.00 0.64  1  1.56  1063.61     593.06    76 0.36   3.84   0.51  0.86 0.86   39.75 0.58     48.86    4.43     7  0.58     0   0.32   29.55  5.75  0.66 12.77  0.71  0.24 275.81 35.49 240.32   1   0   0   1   0   1   0   2   1   4   0   0   0   0   0   0   1   3   0   0
2znn_unbound.pdb PEP   1.33  0   9.16 0.00 0.00  0 -1.25  1063.61     706.61    51 0.24   3.69   0.54  0.65 0.65   29.70 0.43     31.11    4.89     5  0.42    -2   0.41   44.83  4.51  0.52 10.41  0.59  0.03 280.63 95.33 185.30   1   1   0   1   0   0   2   0   0   1   0   0   1   1   0   0   0   1   0   0
2znn_unbound.pdb PEP   1.33  0  12.03 0.00 0.00  0 -1.25  1063.61     587.95    39 0.18   4.22   0.57  0.21 0.21    7.00 0.10     -3.56    3.33     5  0.42     1   0.40   53.85  3.87  0.44  8.73  0.50  0.01 274.78 161.26 113.52   2   0   0   2   1   0   0   0   2   0   0   1   0   0   1   0   0   0   0   0
2znn_unbound.pdb PEP   0.00  0  14.90 0.00 0.00  0 -1.25  1063.61     661.91    39 0.18   4.27   0.61  0.87 0.87   32.00 0.47     27.80    5.00     7  0.58     1   0.36   28.00  4.38  0.50  9.17  0.53  0.04 289.72 86.07 203.65   0   2   0   1   0   0   1   0   1   2   0   0   0   0   0   0   1   1   0   1
2znn_unbound.pdb PEP   0.00  0  15.54 0.00 0.00  0 -1.25  1063.61     720.89   151 0.72   3.70   0.53  0.43 0.43   45.63 0.66     35.59    4.14    12  1.00     1   0.18   36.84  5.81  0.67 12.94  0.72  0.36 385.23 150.71 234.52   1   0   0   2   1   1   0   1   1   2   3   2   0   0   0   2   2   2   0   2
2znn_unbound.pdb PEP   0.00  0  16.98 0.00 0.00  0 -1.25  1063.61     403.73    55 0.26   3.70   0.47  0.36 0.36   19.00 0.28     23.67    4.33     6  0.50     2   0.51   43.75  4.16  0.48  9.51  0.55  0.02 239.64 116.46 123.18   2   0   1   0   1   0   1   0   1   1   0   2   0   1   1   0   0   1   0   0
2znn_unbound.pdb PEP   0.00  0  18.23 0.00 0.00  0 -1.25  1063.61    1246.79   209 1.00   3.83   0.48  0.83 0.83   68.74 1.00     43.89    4.11    12  1.00     1   0.22   22.64  8.67  1.00 18.27  1.00  0.91 713.54 93.57 619.97   2   3   0   2   4   0   1   5   1   7   3   0   0   1   1   1   1   3   0   3
2znn_unbound.pdb PEP   0.00  0  24.66 0.00 0.00  0 -1.25  1063.61     522.23    44 0.21   4.69   0.71  0.50 0.50   21.00 0.31     27.38    4.00     4  0.33     0   0.14   38.46  2.74  0.31  6.54  0.39  0.02 216.03 96.48 119.56   0   0   2   1   1   0   0   0   1   1   0   0   1   1   0   0   0   0   0   0
2znn_unbound.pdb PEP   0.00  0  27.46 0.00 0.00  0 -1.25  1063.61    1032.21    86 0.41   4.17   0.58  0.52 0.52   38.04 0.55     33.54    4.23     8  0.67     2   0.46   40.43  5.49  0.63 14.47  0.80  0.10 416.63 150.96 265.68   1   0   1   0   0   0   1   0   2   2   0   1   0   1   0   2   0   1   0   1
2znn_unbound.pdb PEP   0.00  0  28.67 0.00 0.00  0 -1.25  1063.61     152.59    40 0.19   3.38   0.44  0.82 0.82   31.58 0.46     33.25    3.62     3  0.25     1   0.20   20.83  2.61  0.30  6.85  0.41  0.03 105.83 22.50 83.33   1   0   0   0   1   1   0   1   0   1   1   1   0   0   0   0   1   0   0   0
2znn_unbound.pdb PEP   0.00  0  29.89 0.00 0.00  0 -1.25  1063.61     902.04    55 0.26   4.32   0.55  0.25 0.25   12.43 0.18     16.08    3.92     7  0.58     3   0.20   48.48  4.60  0.53 10.23  0.58  0.02 324.86 174.16 150.70   1   0   0   1   0   0   0   0   2   1   2   2   0   0   1   2   0   0   0   0
2znn_unbound.pdb PEP   0.00  0  31.90 0.00 0.00  0 -1.25  1063.61     645.48    55 0.26   4.13   0.53  0.33 0.33   17.00 0.25     39.00    4.00     2  0.17    -1   0.21   45.16  3.70  0.42  8.64  0.50  0.03 257.19 109.86 147.33   0   0   1   0   1   0   1   1   0   2   0   0   2   1   1   0   0   0   0   0
