1 14 12.75
2 9 6.93
3 9 4.59
4 14 1.19
5 1 0.01
6 1 1.80
7 1 0.01
8 1 0.01
9 10 21.50
10 9 4.47
11 9 2.54
12 14 5.52
13 14 8.09
14 1 0.01
15 9 8.46
16 1 0.01
17 14 6.21
18 1 0.01
19 14 7.74
20 1 1.80
21 1 0.01
22 1 0.01
23 1 0.01
24 1 0.01
25 1 0.01
26 1 0.01
27 1 0.01
28 1 0.01
29 9 7.94
30 1 2.00
31 14 12.80
32 1 1.79
33 1 0.01
34 1 0.01
35 1 0.01
36 14 4.51
37 1 0.01
38 1 1.78
39 1 0.01
40 1 0.01
41 1 0.01
42 1 0.01
43 14 1.25
44 2 12.13
45 9 3.31
46 1 0.01
47 1 0.01
48 14 0.99
49 1 0.01
50 14 1.19
51 1 0.01
52 1 0.01
53 1 0.01
54 25 10.85
55 1 1.76
56 1 0.01
57 1 1.76
58 1 0.01
59 1 0.01
60 14 2.93
61 1 1.79
62 14 4.40
63 1 0.01
64 1 0.01
65 1 0.01
66 1 0.01
67 1 0.01
68 1 0.01
69 1 0.01
70 1 0.01
71 1 0.01
72 9 2.40
73 1 1.76
74 1 0.01
75 1 0.01
76 2 21.42
77 20 88.66
78 10 14.64
79 11 16.77
80 10 13.93
81 14 4.03
82 9 12.00
83 9 3.67
84 1 0.01
85 1 0.01
86 1 0.01
87 14 1.21
88 1 0.01
89 1 0.01
90 1 0.01
91 1 0.01
92 1 0.01
93 2 16.31
94 2 14.46
95 16 62.78
96 24 30.62
97 2 9.05
98 11 22.39
99 17 26.38
100 9 2.33
101 2 13.38
102 10 12.01
103 1 2.00
104 1 0.01
105 9 6.58
106 25 11.59
107 1 0.01
108 1 0.01
109 1 1.78
110 1 0.01
111 9 8.12
112 14 5.80
113 1 0.01
114 1 0.01
115 1 0.01
116 1 0.01
117 1 0.01
118 1 0.01
119 1 1.79
120 1 0.01
121 1 0.01
122 1 1.79
123 1 0.01
124 9 2.84
125 1 1.76
126 1 0.01
127 14 2.75
128 1 0.01
129 1 0.01
130 1 0.01
131 1 0.01
132 14 0.99
133 1 0.01
134 14 1.29
135 1 1.80
136 14 0.99
137 1 0.01
138 3 18.59
139 2 7.53
140 17 13.46
141 17 14.03
142 9 2.46
143 2 10.53
144 9 10.25
145 2 11.18
146 1 0.01
147 1 0.01
148 14 12.44
149 14 12.83
150 2 14.03
151 9 5.15
152 14 2.94
153 1 0.01
154 1 0.01
155 1 0.01
156 9 2.40
157 1 1.80
158 1 0.01
159 1 0.01
160 1 0.01
161 1 0.01
162 1 0.01
163 9 5.47
164 1 0.01
165 1 0.01
166 25 5.07
167 1 0.01
168 1 1.76
169 1 0.01
170 1 1.80
171 1 0.01
172 1 0.01
173 1 0.01
174 1 1.80
175 1 0.01
176 25 26.31
177 1 0.01
178 1 0.01
179 1 1.78
180 1 0.01
181 1 0.01
182 1 0.01
183 1 0.01
184 1 0.01
185 1 0.01
186 1 0.01
187 1 1.78
188 1 0.01
189 1 0.01
190 1 0.01
191 9 9.00
192 1 3.77
193 1 0.01
194 1 0.01
195 1 0.01
196 1 0.01
197 1 0.01
198 14 1.05
199 14 2.80
200 1 0.01
201 14 6.18
202 1 0.01
203 14 1.28
204 1 0.01
205 1 0.01
206 1 0.01
207 1 0.01
208 9 4.51
209 9 4.80
210 14 1.19
211 1 0.01
212 1 0.01
213 1 0.01
214 1 0.01
215 1 0.01
216 7 39.93
217 18 21.12
218 2 15.80
219 18 48.34
220 2 8.78
221 15 21.82
222 8 38.18
223 14 6.11
224 2 8.14
225 17 11.87
226 17 16.95
227 11 12.71
228 10 9.51
229 9 8.72
230 14 1.22
231 9 2.46
232 25 3.65
233 1 0.01
234 1 0.01
235 1 0.01
236 1 0.01
237 1 0.01
238 1 0.01
239 1 0.01
240 1 0.01
241 1 0.01
242 1 0.01
243 1 0.01
244 3 20.55
245 3 29.63
246 2 9.38
247 8 33.20
248 13 28.64
249 9 5.93
250 7 69.42
251 13 18.90
252 11 39.37
253 14 6.27
254 9 6.00
255 2 25.40
256 17 19.38
257 9 2.54
258 2 17.35
259 17 48.10
260 14 1.02
261 1 0.01
262 1 0.01
263 15 56.54
264 17 7.31
265 14 4.11
266 9 9.88
267 9 3.68
268 1 1.80
269 1 0.01
270 9 5.47
271 1 0.01
272 1 0.01
273 1 0.01
274 1 0.01
275 12 23.44
276 12 31.41
277 2 8.58
278 8 16.05
279 17 46.09
280 10 17.10
281 13 23.46
282 10 10.29
283 25 5.20
284 14 4.48
285 1 0.01
286 1 1.79
287 1 0.01
288 1 0.01
289 3 28.73
290 23 31.97
291 2 8.41
292 23 19.62
293 17 20.00
294 9 6.07
295 11 23.55
296 2 21.30
297 2 15.55
298 14 9.86
299 14 1.25
300 1 2.00
301 1 0.01
302 14 4.25
303 1 0.01
304 1 1.78
305 1 0.01
306 1 0.01
