0 0 0 0 0 0 0 0 0 0 0 0 0 0 0 0 0 
0 0 0 0 0 0 0 0 0 0 0 0 0 0 0 0 0 
0 0 0 0 0 0 0 0 0 0 0 0 0 0 0 0 0 
1 0 0 2 0 4 4 0 4 4 0 1 1 0 1 1 0 
2 1 1 1 0 5 0 0 5 0 0 1 0 0 1 0 0 
2 1 1 0 0 22 1 0 6 0 0 0 0 0 0 0 0 
0 1 0 0 0 2 2 0 0 0 0 0 0 0 0 0 0 
0 0 0 0 0 0 0 0 0 0 0 0 0 0 0 0 0 
0 0 0 0 0 2 0 0 0 0 0 0 0 0 0 0 0 
1 0 0 2 0 8 8 0 8 8 0 2 2 0 2 2 0 
2 1 1 2 0 19 2 0 15 0 0 4 1 0 2 0 0 
1 2 0 1 0 18 3 0 8 0 0 5 1 0 2 0 0 
1 0 0 1 0 4 0 0 4 0 0 1 0 0 1 0 0 
2 1 1 2 0 18 2 0 12 0 0 5 1 0 3 0 0 
2 1 1 2 0 22 2 0 10 0 0 5 1 0 3 0 0 
2 1 1 2 0 14 2 0 10 0 0 5 1 0 3 0 0 
2 1 1 2 0 14 2 0 10 0 0 5 1 0 3 0 0 
2 1 1 2 0 14 2 0 10 0 0 4 1 0 2 0 0 
2 1 1 1 0 17 2 0 13 0 0 5 1 0 3 0 0 
2 1 1 1 0 7 2 0 3 0 0 1 0 0 1 0 0 
2 1 1 1 0 1 0 0 1 0 0 0 0 0 0 0 0 
1 3 0 0 0 6 0 0 3 0 0 1 0 0 0 0 0 
0 1 0 0 0 4 1 0 0 0 0 0 0 0 0 0 0 
0 0 0 0 0 0 0 0 0 0 0 0 0 0 0 0 0 
0 0 0 0 0 0 0 0 0 0 0 0 0 0 0 0 0 
2 0 1 0 0 1 0 0 1 0 0 0 0 0 0 0 0 
0 0 0 0 0 0 0 0 0 0 0 0 0 0 0 0 0 
0 0 0 0 0 2 0 0 0 0 0 0 0 0 0 0 0 
0 0 0 0 0 0 0 0 0 0 0 0 0 0 0 0 0 
0 0 0 0 0 2 0 0 0 0 0 0 0 0 0 0 0 
0 1 0 0 0 2 1 0 0 0 0 0 0 0 0 0 0 
0 0 0 0 0 3 0 0 0 0 0 0 0 0 0 0 0 
0 2 0 0 0 8 4 0 0 0 0 0 0 0 0 0 0 
0 0 0 0 0 3 0 0 0 0 0 0 0 0 0 0 0 
0 2 0 0 0 8 4 0 0 0 0 0 0 0 0 0 0 
0 1 0 0 0 3 1 0 0 0 0 0 0 0 0 0 0 
1 0 0 1 0 12 5 0 5 5 0 0 0 0 0 0 0 
1 0 0 0 0 0 0 0 0 0 0 0 0 0 0 0 0 
0 0 0 0 0 0 0 0 0 0 0 0 0 0 0 0 0 
3 0 1 1 0 6 0 0 2 0 0 1 0 0 1 0 0 
0 0 0 0 0 0 0 0 0 0 0 0 0 0 0 0 0 
0 0 0 0 0 0 0 0 0 0 0 0 0 0 0 0 0 
0 0 0 0 0 0 0 0 0 0 0 0 0 0 0 0 0 
0 1 0 0 0 1 1 0 0 0 0 0 0 0 0 0 0 
0 0 0 0 0 0 0 0 0 0 0 0 0 0 0 0 0 
0 0 0 0 0 1 0 0 0 0 0 0 0 0 0 0 0 
0 0 0 0 0 0 0 0 0 0 0 0 0 0 0 0 0 
0 0 0 0 0 0 0 0 0 0 0 0 0 0 0 0 0 
0 0 0 0 0 0 0 0 0 0 0 0 0 0 0 0 0 
0 0 0 0 0 0 0 0 0 0 0 0 0 0 0 0 0 
0 0 0 0 0 0 0 0 0 0 0 0 0 0 0 0 0 
0 0 0 0 0 0 0 0 0 0 0 0 0 0 0 0 0 
0 0 0 0 0 0 0 0 0 0 0 0 0 0 0 0 0 
2 0 1 0 0 2 0 0 0 0 0 0 0 0 0 0 0 
0 0 0 0 0 2 0 0 0 0 0 0 0 0 0 0 0 
0 0 0 0 0 0 0 0 0 0 0 0 0 0 0 0 0 
0 0 0 0 0 12 0 0 0 0 0 0 0 0 0 0 0 
4 1 4 4 0 25 0 0 15 0 0 7 0 0 4 0 0 
2 1 1 2 0 27 2 0 12 0 0 4 1 0 2 0 0 
2 1 1 1 0 19 2 0 8 0 0 5 1 0 3 0 0 
2 1 1 2 0 10 1 0 8 0 0 3 0 0 3 0 0 
2 1 1 2 0 14 2 0 10 0 0 4 1 0 2 0 0 
1 2 0 1 0 34 2 0 18 0 0 5 1 0 2 0 0 
1 0 0 1 0 2 0 0 2 0 0 0 0 0 0 0 0 
2 1 1 1 0 4 1 0 2 0 0 3 1 0 1 0 0 
2 1 1 1 0 1 0 0 1 0 0 1 0 0 1 0 0 
5 2 5 0 0 12 1 0 1 0 0 0 0 0 0 0 0 
0 1 0 0 0 1 1 0 0 0 0 0 0 0 0 0 0 
0 0 0 0 0 0 0 0 0 0 0 0 0 0 0 0 0 
0 0 0 0 0 0 0 0 0 0 0 0 0 0 0 0 0 
0 0 0 0 0 0 0 0 0 0 0 0 0 0 0 0 0 
0 0 0 0 0 0 0 0 0 0 0 0 0 0 0 0 0 
0 1 0 0 0 1 1 0 0 0 0 0 0 0 0 0 0 
0 0 0 0 0 0 0 0 0 0 0 0 0 0 0 0 0 
0 0 0 0 0 0 0 0 0 0 0 0 0 0 0 0 0 
0 0 0 0 0 0 0 0 0 0 0 0 0 0 0 0 0 
0 0 0 0 0 2 0 0 0 0 0 0 0 0 0 0 0 
0 0 0 0 0 0 0 0 0 0 0 0 0 0 0 0 0 
0 0 0 0 0 1 0 0 0 0 0 0 0 0 0 0 0 
0 0 0 0 0 0 0 0 0 0 0 0 0 0 0 0 0 
0 0 0 0 0 3 0 0 0 0 0 0 0 0 0 0 0 
1 1 0 0 0 4 0 0 1 0 0 0 0 0 0 0 0 
0 0 0 0 0 3 0 0 0 0 0 0 0 0 0 0 0 
0 0 0 0 0 0 0 0 0 0 0 0 0 0 0 0 0 
0 0 0 0 0 0 0 0 0 0 0 0 0 0 0 0 0 
0 0 0 0 0 0 0 0 0 0 0 0 0 0 0 0 0 
0 0 0 0 0 0 0 0 0 0 0 0 0 0 0 0 0 
0 0 0 0 0 0 0 0 0 0 0 0 0 0 0 0 0 
2 0 1 0 0 0 0 0 0 0 0 0 0 0 0 0 0 
0 0 0 0 0 0 0 0 0 0 0 0 0 0 0 0 0 
0 0 0 0 0 0 0 0 0 0 0 0 0 0 0 0 0 
0 0 0 0 0 0 0 0 0 0 0 0 0 0 0 0 0 
2 1 1 2 0 14 2 0 10 0 0 4 1 0 2 0 0 
1 2 0 1 0 19 2 0 9 0 0 4 1 0 2 0 0 
1 0 0 1 0 0 0 0 0 0 0 0 0 0 0 0 0 
2 1 1 1 0 1 0 0 1 0 0 1 0 0 1 0 0 
2 1 1 1 0 1 0 0 1 0 0 0 0 0 0 0 0 
1 2 0 0 0 7 1 0 1 0 0 1 1 0 0 0 0 
0 0 0 0 0 0 0 0 0 0 0 0 0 0 0 0 0 
0 0 0 0 0 0 0 0 0 0 0 0 0 0 0 0 0 
0 0 0 0 0 0 0 0 0 0 0 0 0 0 0 0 0 
0 0 0 0 0 0 0 0 0 0 0 0 0 0 0 0 0 
4 0 2 0 3 1 0 0 1 0 0 0 0 0 0 0 0 
0 0 0 0 0 0 0 0 0 0 0 0 0 0 0 0 0 
1 1 0 0 0 1 1 0 0 0 0 0 0 0 0 0 0 
0 0 0 0 0 0 0 0 0 0 0 0 0 0 0 0 0 
0 0 0 0 0 0 0 0 0 0 0 0 0 0 0 0 0 
0 0 0 0 0 0 0 0 0 0 0 0 0 0 0 0 0 
0 0 0 0 0 0 0 0 0 0 0 0 0 0 0 0 0 
0 0 0 0 0 0 0 0 0 0 0 0 0 0 0 0 0 
0 0 0 0 0 0 0 0 0 0 0 0 0 0 0 0 0 
0 0 0 0 0 0 0 0 0 0 0 0 0 0 0 0 0 
0 0 0 0 0 0 0 0 0 0 0 0 0 0 0 0 0 
1 2 0 1 0 6 1 0 2 0 0 1 0 0 1 0 0 
1 0 0 1 0 0 0 0 0 0 0 0 0 0 0 0 0 
1 2 0 0 0 1 0 0 1 0 0 1 0 0 1 0 0 
1 0 0 0 0 0 0 0 0 0 0 0 0 0 0 0 0 
0 1 0 0 0 0 0 0 0 0 0 0 0 0 0 0 0 
0 0 0 0 0 0 0 0 0 0 0 0 0 0 0 0 0 
0 0 0 0 0 0 0 0 0 0 0 0 0 0 0 0 0 
0 0 0 0 0 0 0 0 0 0 0 0 0 0 0 0 0 
