315 10 21.07
316 8 37.19
317 8 92.93
318 12 53.95
319 16 173.14
320 14 6.36
321 2 16.31
322 13 74.09
323 3 32.18
324 8 36.59
325 12 44.87
326 22 60.50
327 23 24.76
328 7 48.48
329 2 8.93
330 15 29.48
331 3 27.85
332 2 9.40
333 8 21.30
334 8 25.06
335 8 20.28
336 7 44.15
337 18 21.73
338 8 26.68
339 3 14.20
340 11 13.92
341 10 10.67
342 17 9.04
343 9 10.17
344 9 6.74
345 14 1.28
346 1 0.01
347 1 0.01
348 1 1.76
349 14 1.29
350 1 0.01
351 1 1.80
352 1 0.01
353 1 0.01
354 1 0.01
355 1 0.01
356 1 0.01
357 1 0.01
358 1 0.01
359 9 7.94
360 2 11.23
361 7 28.28
362 13 24.59
363 10 27.42
364 9 8.02
365 18 45.89
366 10 20.14
367 14 2.64
368 9 8.33
369 9 2.92
370 1 1.79
371 1 0.01
372 1 0.01
373 1 0.01
374 1 0.01
375 1 0.01
376 1 0.01
377 1 0.01
378 1 0.01
379 1 0.01
380 1 0.01
381 1 0.01
382 1 0.01
383 14 1.02
384 9 3.82
385 1 0.01
386 1 2.00
387 1 0.01
388 1 0.01
389 14 1.29
390 1 0.01
391 14 1.29
392 1 0.01
393 1 0.01
394 1 0.01
395 9 6.54
396 1 0.01
397 1 0.01
398 1 0.01
399 14 4.56
400 14 2.93
401 1 0.01
402 14 2.92
403 1 0.01
404 1 0.01
405 1 0.01
406 1 0.01
407 14 2.60
408 14 1.05
409 14 1.14
410 14 1.25
411 1 0.01
412 1 0.01
413 1 0.01
414 1 0.01
415 14 1.05
416 9 10.54
417 1 0.01
418 9 7.12
419 9 7.71
420 1 0.01
421 1 0.01
422 1 0.01
423 1 0.01
424 1 0.01
425 1 0.01
426 1 1.80
427 1 0.01
428 10 10.82
429 1 1.76
430 1 0.01
431 1 0.01
432 1 0.01
433 1 0.01
434 1 0.01
435 1 0.01
436 6 27.19
437 14 10.45
438 1 1.78
439 1 0.01
440 1 0.01
441 1 0.01
442 1 1.80
443 1 0.01
444 1 0.01
445 1 0.01
446 1 0.01
447 1 0.01
448 1 0.01
449 10 8.09
450 25 27.61
451 14 1.22
452 1 0.01
453 25 8.95
454 9 6.70
455 14 2.67
456 1 0.01
457 1 0.01
458 1 0.01
459 1 0.01
460 1 0.01
461 1 0.01
462 1 0.01
463 1 0.01
464 1 0.01
465 1 0.01
466 1 0.01
467 1 0.01
468 1 0.01
469 1 0.01
470 1 1.80
471 1 0.01
472 1 0.01
473 1 0.01
474 14 2.67
475 1 0.01
476 1 0.01
477 1 0.01
478 9 6.76
479 1 1.76
480 1 0.01
481 1 0.01
482 1 0.01
483 14 1.02
484 1 0.01
485 1 0.01
486 14 1.05
487 1 0.01
488 1 0.01
489 1 0.01
490 1 0.01
491 1 0.01
492 1 0.01
493 1 0.01
494 1 0.01
495 1 0.01
496 1 0.01
497 9 2.41
498 9 2.40
499 1 1.80
500 1 0.01
501 1 0.01
