1 1 0.01
2 1 0.01
3 1 0.01
4 1 0.01
5 1 0.01
6 1 0.01
7 1 0.01
8 1 0.01
9 20 24.79
10 14 13.16
11 23 24.78
12 23 18.46
13 17 9.65
14 2 20.23
15 7 2.28
16 7 3.59
17 1 0.01
18 1 0.01
19 1 0.01
20 1 0.01
21 1 1.83
22 1 0.01
23 25 3.17
24 1 0.01
25 1 0.01
26 1 0.01
27 10 34.86
28 11 27.05
29 10 20.41
30 5 37.25
31 12 17.49
32 21 20.00
33 9 34.28
34 19 31.25
35 21 22.54
36 23 13.94
37 14 20.69
38 25 2.67
39 6 12.32
40 25 2.80
41 1 1.85
42 1 0.01
43 1 0.01
44 1 0.01
45 1 0.01
46 15 10.03
47 7 7.13
48 1 0.01
49 25 3.17
50 1 0.01
51 1 0.01
52 1 0.01
53 1 1.84
54 25 7.24
55 15 12.37
56 1 1.85
57 1 0.01
58 15 27.99
59 6 6.97
60 7 4.20
61 1 0.01
62 1 0.01
63 1 0.01
64 1 0.01
65 1 0.01
66 1 0.01
67 1 0.01
68 1 0.01
69 1 0.01
70 2 16.37
71 2 11.04
72 2 16.79
73 10 23.01
74 20 44.02
75 2 10.69
76 14 18.73
77 21 21.63
78 23 16.54
79 25 15.81
80 17 13.98
81 25 5.07
82 6 2.64
83 1 0.01
84 1 0.01
85 1 0.01
86 1 0.01
87 1 0.01
88 1 0.01
