1 17 11.33
2 17 9.95
3 7 4.82
4 1 1.84
5 1 0.01
6 1 0.01
7 10 25.35
8 9 17.27
9 10 24.92
10 25 5.99
11 2 30.40
12 23 16.65
13 25 1.52
14 17 9.95
15 7 4.82
16 1 1.84
17 1 0.01
18 1 0.01
19 1 0.01
20 1 0.01
21 1 0.01
22 1 0.01
23 1 0.01
24 1 0.01
25 25 1.24
26 1 0.01
27 1 0.01
28 25 5.90
29 1 0.01
30 1 0.01
31 1 0.01
32 1 0.01
33 1 0.01
34 14 42.17
35 7 3.22
36 25 6.26
37 5 17.87
38 21 19.67
39 9 19.49
40 7 5.25
41 2 9.06
42 18 20.74
43 20 19.07
44 10 28.15
45 11 27.63
46 11 21.80
47 10 24.28
48 10 26.40
49 10 26.47
50 21 14.74
51 11 27.69
52 14 16.30
53 17 19.61
54 17 11.17
55 1 0.01
56 6 5.21
57 6 2.64
58 1 0.01
59 1 0.01
60 7 2.90
61 1 0.01
62 7 4.26
63 25 4.19
64 1 0.01
65 1 0.01
66 2 12.71
67 20 22.25
68 23 17.85
69 17 9.59
70 17 12.62
71 25 2.63
72 6 3.00
73 25 9.82
74 1 0.01
75 1 0.01
76 1 0.01
77 11 31.09
78 12 24.58
79 11 21.31
80 5 55.40
81 2 9.10
82 12 20.46
83 21 28.08
84 2 23.65
85 23 17.67
86 17 10.97
87 2 20.95
88 7 4.34
89 25 3.56
90 25 1.50
91 1 1.86
92 1 0.01
93 25 2.25
94 25 1.24
95 1 0.01
96 1 0.01
97 1 1.87
98 1 0.01
99 1 1.87
100 1 1.83
101 1 0.01
102 1 0.01
103 1 0.01
104 1 0.01
105 1 0.01
106 15 9.10
107 25 4.58
108 1 1.84
109 1 0.01
110 1 0.01
111 1 0.01
112 25 2.69
113 1 1.86
114 1 0.01
115 21 20.23
116 11 40.98
117 20 23.44
118 21 16.64
119 9 30.93
120 2 9.37
121 9 37.90
122 18 37.69
123 18 19.40
124 13 20.70
125 14 60.05
126 17 11.04
127 2 26.90
128 17 16.79
129 6 14.29
130 7 4.33
131 1 0.01
132 1 1.86
133 25 1.24
134 1 0.01
135 20 14.42
136 18 30.86
137 2 8.78
138 10 19.58
139 18 16.79
140 13 61.94
141 14 14.46
142 23 7.71
143 17 10.30
144 2 14.12
145 6 4.81
146 7 3.56
147 1 0.01
148 1 0.01
149 7 2.99
150 1 0.01
151 7 5.08
152 7 4.64
153 1 0.01
154 1 1.86
155 1 0.01
156 1 0.01
157 1 0.01
158 1 0.01
159 1 0.01
160 1 0.01
161 20 26.18
162 16 13.75
163 20 23.14
164 18 39.43
165 2 8.91
166 10 22.65
167 18 21.19
168 9 27.43
169 16 29.64
170 16 25.03
171 11 25.22
172 20 29.49
173 2 8.54
174 10 26.04
175 23 21.48
176 17 9.86
177 17 16.08
178 6 6.45
179 6 20.77
180 1 1.83
181 1 0.01
182 1 0.01
183 1 0.01
184 17 17.99
185 10 28.32
186 13 24.50
187 16 30.04
188 16 29.86
189 10 19.81
190 2 7.78
191 10 37.42
192 14 28.31
193 21 49.27
194 11 21.35
195 5 18.44
196 21 21.24
197 7 28.47
198 9 34.72
199 18 26.62
200 9 23.21
201 16 19.98
202 20 25.66
203 9 29.76
204 16 17.84
205 10 16.92
206 11 22.46
207 20 21.59
208 10 21.41
209 14 23.86
210 23 6.98
211 17 13.80
212 25 2.25
213 2 14.11
214 6 4.46
215 7 4.05
216 1 2.00
217 1 1.83
218 1 0.01
219 1 0.01
220 1 0.01
221 1 0.01
222 1 0.01
223 1 0.01
224 1 0.01
225 10 26.07
226 10 37.67
227 23 10.91
228 17 16.90
229 17 10.45
230 25 8.68
231 6 4.46
232 1 1.84
233 1 0.01
234 1 0.01
235 1 0.01
