#pdb lig overlap PP-crit PP-dst crit4 crit5 crit6 crit6_continue lig_vol pock_vol nb_AS nb_AS_norm mean_as_ray mean_as_solv_acc apol_as_prop apol_as_prop_norm mean_loc_hyd_dens mean_loc_hyd_dens_norm hydrophobicity_score volume_score polarity_score polarity_score_norm charge_score flex prop_polar_atm as_density as_density_norm as_max_dst as_max_dst_norm drug_score pock_asa pock_pol_asa pock_apol_asa ALA ARG ASN ASP CYS GLN GLU GLY HIS ILE LEU LYS MET PHE PRO SER THR TRP TYR VAL
1alv_unbound.pdb PEP  21.94  1   2.40 1.00 0.69  1  1.62  1828.55     620.37    36 0.22   4.38   0.60  0.56 0.56   19.00 0.61     22.75    4.12     3  0.30     1   0.27   37.50  2.97  0.43  8.05  0.55  0.03 278.86 129.12 149.75   0   0   0   1   0   0   0   1   1   2   0   1   0   1   1   0   0   0   0   0
1alv_unbound.pdb PEP   8.67  0   7.70 0.38 0.08  0 -0.40  1828.55     425.27    36 0.22   3.95   0.50  0.53 0.53   18.00 0.58     24.50    4.75     6  0.60     2   0.52   34.78  3.61  0.53 10.00  0.67  0.06 287.33 124.30 163.03   0   0   0   1   2   0   0   0   2   0   0   1   0   0   0   0   0   1   1   0
1alv_unbound.pdb PEP   0.00  0  15.86 0.00 0.00  0 -1.25  1828.55     273.16    44 0.27   3.45   0.44  0.11 0.11    4.00 0.13    -13.92    3.58    10  1.00     2   0.26   66.67  4.39  0.64 12.17  0.80  0.02 180.84 122.88 57.97   0   0   4   1   0   0   0   0   1   0   0   2   0   0   1   1   1   0   0   1
1alv_unbound.pdb PEP   0.00  0  15.93 0.00 0.00  0 -1.25  1828.55     255.25    50 0.31   3.51   0.49  0.12 0.12    4.67 0.15     -6.45    3.64     9  0.90     3   0.17   53.12  3.99  0.59  9.31  0.63  0.02 193.18 124.35 68.83   0   0   3   0   0   0   0   0   1   0   0   2   0   0   1   1   2   0   0   1
1alv_unbound.pdb PEP   0.00  0  17.58 0.00 0.00  0 -1.25  1828.55     285.32    57 0.36   3.46   0.41  0.16 0.16    7.78 0.25     11.07    3.20     7  0.70     1   0.13   44.44  3.99  0.58  8.70  0.59  0.02 168.45 114.11 54.34   2   0   1   0   0   1   0   1   1   0   0   0   0   0   3   2   1   1   0   2
1alv_unbound.pdb PEP   0.00  0  17.93 0.00 0.00  0 -1.25  1828.55     350.30    68 0.43   3.82   0.49  0.10 0.10    5.71 0.18      2.33    3.13     8  0.80     0   0.25   44.44  3.83  0.56  9.24  0.62  0.02 220.43 134.68 85.74   2   0   1   1   0   1   0   1   1   0   0   0   0   0   3   2   1   1   0   1
1alv_unbound.pdb PEP   0.00  0  18.93 0.00 0.00  0 -1.25  1828.55     621.40   158 1.00   3.53   0.47  0.18 0.18    8.43 0.27     14.92    4.00     9  0.90     1   0.09   49.37  6.74  1.00 15.44  1.00  0.04 287.59 201.85 85.74   0   0   2   0   0   0   0   0   0   0   1   1   0   0   2   3   1   2   0   1
1alv_unbound.pdb PEP   0.00  0  22.25 0.00 0.00  0 -1.25  1828.55     624.80    39 0.24   4.43   0.55  0.05 0.05    1.00 0.03     33.20    3.40     4  0.40     0   0.15   50.00  3.63  0.53  9.30  0.63  0.03 268.23 137.81 130.42   3   0   1   0   0   0   0   0   0   1   1   0   0   0   1   2   0   1   0   0
1alv_unbound.pdb PEP   0.00  0  25.80 0.00 0.00  0 -1.25  1828.55     876.72    97 0.61   4.31   0.58  0.37 0.37   31.22 1.00     42.06    3.94     8  0.80    -1   0.19   44.90  5.59  0.83 14.01  0.91  0.84 463.84 246.47 217.37   3   0   1   1   0   0   0   0   0   2   1   0   0   2   1   3   1   2   0   1
1alv_unbound.pdb PEP   0.00  0  26.90 0.00 0.00  0 -1.25  1828.55     404.23    38 0.24   3.69   0.57  0.39 0.39   14.00 0.45     49.00    4.38     2  0.20     0   0.22   38.10  2.74  0.40  7.88  0.54  0.09 160.42 89.17 71.25   0   0   0   0   1   0   1   1   0   3   0   1   0   1   0   0   0   0   0   0
