1AWR 1 1 7.871
1CKA 5 6 8.109
1CZY 3 6 8.376
1D4T 1 11 8.880
1DDV 2 5 9.959
1DKX 2 8 3.611
1EG4 15 14 10.400
1ER8 1 1 4.093
1GYB 16 4 9.174
1HC9 1 1 3.456
1IHJ 2 2 8.787
1JD5 1 3 6.752
1JWG 5 13 6.848
1LVM 4 15 6.038
1MFG 1 6 9.643
1N7F 2 2 11.288
1NQ7 3 16 8.791
1NTV 1 2 7.850
1NVR 2 12 4.930
1NX1 6 12 6.171
1OAI 1 1 7.676
1QKZ Peptide 18 19.162
1RXZ 19 13 14.943
1SE0 Peptide 2 17.505
1SFI 1 1 9.018
1SSH Peptide 1 12.132
1T4F 2 1 8.564
1T7R 5 14 6.062
1TP5 2 1 8.526
1TW6 1 5 6.724
1U00 2 8 4.801
1UJ0 2 2 7.932
1W9E 3 10 8.289
1X2R 1 19 9.595
1YMT 11 15 6.771
1YWO Peptide 1 17.294
2A3I 6 7 8.320
2AK5 Peptide 1 22.687
2B9H 5 29 7.529
2C3I 8 22 8.229
2D0N Peptide 2DS8 1 7.999
2FMF 1 3 12.662
2FOJ Peptide 5 11.838
2FVJ 3 16 9.847
2H9M 1 7 11.936
2HO2 Peptide 2 17.485
2HPL 1 6 7.285
2J6F 1 1 11.097
2JAM 6 18 6.393
2O02 1 1 4.741
2O4J 2 12 7.777
2O9V 3 6 6.946
2P0W 1 24 10.004
2P54 12 2 9.111
2PUY 3 2 15.442
2VJ0 19 8 6.847
2ZJD 3 4 6.510
3CVP 1 1 6.168
3D1E 6 1 12.594
3D9T 1 2 4.616
