1 0 0 1 0 6 3 0 6 3 0 1 1 0 1 1 0 
2 0 1 1 0 4 0 0 4 0 0 1 0 0 1 0 0 
0 0 0 0 0 0 0 0 0 0 0 0 0 0 0 0 0 
2 1 1 2 0 10 1 0 8 0 0 3 0 0 3 0 0 
2 1 1 2 0 14 2 0 10 0 0 4 1 0 2 0 0 
1 2 0 1 0 14 2 0 6 0 0 5 1 0 2 0 0 
1 0 0 1 0 4 0 0 4 0 0 0 0 0 0 0 0 
2 1 1 1 0 12 2 0 8 0 0 4 1 0 2 0 0 
2 1 1 1 0 8 1 0 6 0 0 1 0 0 1 0 0 
2 1 1 1 0 12 1 0 10 0 0 1 0 0 1 0 0 
1 2 0 1 0 14 2 0 6 0 0 3 0 0 1 0 0 
0 0 0 0 0 8 0 0 0 0 0 1 0 0 0 0 0 
0 0 0 0 0 6 0 0 0 0 0 0 0 0 0 0 0 
2 1 1 1 0 4 1 0 2 0 0 3 1 0 1 0 0 
2 1 1 1 0 5 0 0 5 0 0 1 0 0 1 0 0 
2 1 1 0 0 22 1 0 6 0 0 0 0 0 0 0 0 
0 1 0 0 0 2 2 0 0 0 0 0 0 0 0 0 0 
0 0 0 0 0 0 0 0 0 0 0 0 0 0 0 0 0 
0 0 0 0 0 6 0 0 0 0 0 0 0 0 0 0 0 
0 0 0 0 0 1 0 0 0 0 0 0 0 0 0 0 0 
0 0 0 0 0 0 0 0 0 0 0 0 0 0 0 0 0 
1 1 0 1 0 13 6 0 6 1 0 0 0 0 0 0 0 
0 0 0 0 0 0 0 0 0 0 0 0 0 0 0 0 0 
0 2 0 0 0 0 0 0 0 0 0 0 0 0 0 0 0 
4 1 0 2 3 80 4 0 10 2 0 0 0 0 0 0 0 
2 0 1 0 0 0 0 0 0 0 0 0 0 0 0 0 0 
0 0 0 0 0 0 0 0 0 0 0 0 0 0 0 0 0 
0 0 0 0 0 0 0 0 0 0 0 0 0 0 0 0 0 
0 1 0 0 0 8 1 0 0 0 0 0 0 0 0 0 0 
0 0 0 0 0 0 0 0 0 0 0 0 0 0 0 0 0 
0 0 0 0 0 2 0 0 0 0 0 0 0 0 0 0 0 
0 0 0 0 0 0 0 0 0 0 0 0 0 0 0 0 0 
4 1 4 4 0 25 0 0 15 0 0 5 0 0 3 0 0 
2 1 1 1 0 20 4 0 12 0 0 4 1 0 2 0 0 
2 1 1 1 0 8 1 0 6 0 0 3 0 0 3 0 0 
2 1 1 2 0 16 1 0 12 0 0 2 0 0 2 0 0 
2 2 0 1 0 22 2 0 6 0 0 4 1 0 1 0 0 
0 1 0 0 0 8 0 0 0 0 0 1 0 0 0 0 0 
1 0 0 1 0 6 0 0 6 0 0 1 0 0 1 0 0 
2 1 1 2 0 18 3 0 12 0 0 5 1 0 3 0 0 
2 1 1 2 0 22 2 0 14 0 0 5 1 0 3 0 0 
3 1 1 2 0 58 2 0 16 0 0 6 1 0 4 0 0 
2 1 1 2 0 30 2 0 10 0 0 4 1 0 2 0 0 
2 1 1 1 0 17 2 0 13 0 0 5 1 0 3 0 0 
2 1 1 2 0 9 2 0 5 0 0 1 0 0 1 0 0 
2 1 1 1 0 4 1 0 2 0 0 2 1 0 0 0 0 
1 2 0 0 0 1 0 0 1 0 0 1 0 0 1 0 0 
2 0 1 0 0 1 0 0 0 0 0 0 0 0 0 0 0 
0 1 0 0 0 1 1 0 0 0 0 0 0 0 0 0 0 
0 0 0 0 0 0 0 0 0 0 0 0 0 0 0 0 0 
0 0 0 0 0 0 0 0 0 0 0 0 0 0 0 0 0 
0 0 0 0 0 0 0 0 0 0 0 0 0 0 0 0 0 
0 0 0 0 0 0 0 0 0 0 0 0 0 0 0 0 0 
3 1 2 1 0 35 2 0 15 0 0 5 1 0 3 0 0 
3 3 1 4 0 180 5 0 20 0 0 4 0 0 3 0 0 
5 2 4 3 0 93 4 0 29 0 0 9 2 0 5 0 0 
1 2 0 1 0 22 2 0 6 0 0 5 1 0 2 0 0 
1 0 0 1 0 6 0 0 6 0 0 1 0 0 1 0 0 
2 1 1 2 0 38 2 0 10 0 0 5 1 0 3 0 0 
2 1 1 2 0 19 2 0 15 0 0 5 1 0 3 0 0 
2 1 1 2 0 18 3 0 12 0 0 4 1 0 2 0 0 
2 1 1 1 0 12 2 0 8 0 0 5 1 0 3 0 0 
2 1 1 2 0 13 1 0 10 0 0 1 0 0 1 0 0 
2 2 1 1 0 38 4 0 13 0 0 3 1 0 1 0 0 
1 2 0 0 0 7 2 0 3 0 0 2 0 0 1 0 0 
1 0 0 0 0 2 0 0 2 0 0 1 0 0 1 0 0 
0 2 0 0 0 5 0 0 0 0 0 0 0 0 0 0 0 
1 1 0 0 0 2 0 0 1 0 0 0 0 0 0 0 0 
0 0 0 0 0 0 0 0 0 0 0 0 0 0 0 0 0 
0 0 0 0 0 0 0 0 0 0 0 0 0 0 0 0 0 
0 0 0 0 0 0 0 0 0 0 0 0 0 0 0 0 0 
0 0 0 0 0 0 0 0 0 0 0 0 0 0 0 0 0 
0 0 0 0 0 0 0 0 0 0 0 0 0 0 0 0 0 
0 0 0 0 0 0 0 0 0 0 0 0 0 0 0 0 0 
2 1 1 1 0 11 2 0 9 0 0 1 0 0 1 0 0 
0 1 0 0 0 6 3 0 0 0 0 1 1 0 0 0 0 
0 1 0 0 0 3 1 0 0 0 0 0 0 0 0 0 0 
2 1 1 2 0 18 3 0 12 0 0 3 1 0 1 0 0 
1 2 0 0 0 12 2 0 6 0 0 5 1 0 2 0 0 
1 0 0 1 0 6 0 0 6 0 0 1 0 0 1 0 0 
2 1 1 2 0 22 2 0 10 0 0 4 1 0 2 0 0 
1 2 0 1 0 14 2 0 6 0 0 4 1 0 2 0 0 
1 0 0 1 0 2 0 0 2 0 0 1 0 0 1 0 0 
2 1 1 2 0 10 1 0 8 0 0 3 0 0 3 0 0 
2 1 1 2 0 14 2 0 10 0 0 4 1 0 2 0 0 
1 2 0 1 0 14 2 0 6 0 0 4 1 0 2 0 0 
1 0 0 1 0 2 0 0 2 0 0 0 0 0 0 0 0 
2 1 1 1 0 8 1 0 6 0 0 1 0 0 1 0 0 
2 1 1 1 0 4 1 0 2 0 0 0 0 0 0 0 0 
1 2 0 0 0 1 0 0 1 0 0 0 0 0 0 0 0 
0 0 0 0 0 2 0 0 0 0 0 0 0 0 0 0 0 
0 0 0 0 0 3 0 0 0 0 0 0 0 0 0 0 0 
0 0 0 0 0 0 0 0 0 0 0 0 0 0 0 0 0 
0 0 0 0 0 0 0 0 0 0 0 0 0 0 0 0 0 
0 0 0 0 0 0 0 0 0 0 0 0 0 0 0 0 0 
0 0 0 0 0 0 0 0 0 0 0 0 0 0 0 0 0 
0 0 0 0 0 0 0 0 0 0 0 0 0 0 0 0 0 
0 0 0 0 0 0 0 0 0 0 0 0 0 0 0 0 0 
0 0 0 0 0 0 0 0 0 0 0 0 0 0 0 0 0 
2 1 1 1 0 12 2 0 8 0 0 5 1 0 3 0 0 
2 1 1 2 0 10 1 0 8 0 0 1 0 0 1 0 0 
2 1 1 1 0 12 2 0 8 0 0 4 1 0 2 0 0 
1 2 0 1 0 6 1 0 2 0 0 3 0 0 1 0 0 
1 0 0 0 0 6 0 0 6 0 0 2 0 0 2 0 0 
0 5 0 0 0 6 3 0 0 0 0 0 0 0 0 0 0 
1 0 0 1 0 1 1 0 1 1 0 0 0 0 0 0 0 
1 0 0 0 0 2 0 0 2 0 0 0 0 0 0 0 0 
1 1 0 0 0 2 0 0 1 0 0 0 0 0 0 0 0 
0 0 0 0 0 0 0 0 0 0 0 0 0 0 0 0 0 
0 0 0 0 0 0 0 0 0 0 0 0 0 0 0 0 0 
0 0 0 0 0 0 0 0 0 0 0 0 0 0 0 0 0 
0 0 0 0 0 0 0 0 0 0 0 0 0 0 0 0 0 
4 0 4 3 0 13 0 0 8 0 0 6 0 0 4 0 0 
1 2 0 1 0 14 2 0 6 0 0 4 1 0 2 0 0 
1 0 0 1 0 2 0 0 2 0 0 1 0 0 1 0 0 
2 1 1 2 0 10 1 0 8 0 0 3 0 0 3 0 0 
2 1 1 2 0 14 2 0 10 0 0 4 1 0 2 0 0 
1 2 0 1 0 14 2 0 6 0 0 5 1 0 2 0 0 
1 0 0 1 0 4 0 0 4 0 0 1 0 0 1 0 0 
2 1 1 2 0 14 2 0 10 0 0 5 1 0 3 0 0 
2 1 1 2 0 19 2 0 15 0 0 5 1 0 3 0 0 
2 1 1 2 0 12 3 0 6 0 0 3 1 0 1 0 0 
2 1 1 1 0 4 1 0 2 0 0 3 1 0 1 0 0 
2 1 1 1 0 5 0 0 5 0 0 3 0 0 3 0 0 
3 2 3 2 0 7 1 0 2 0 0 2 0 0 1 0 0 
0 1 0 0 0 2 2 0 0 0 0 1 1 0 0 0 0 
0 0 0 0 0 0 0 0 0 0 0 0 0 0 0 0 0 
1 0 0 1 0 1 1 0 1 1 0 1 1 0 1 1 0 
1 0 0 1 0 0 0 0 0 0 0 0 0 0 0 0 0 
1 0 0 0 0 0 0 0 0 0 0 0 0 0 0 0 0 
0 0 0 0 0 0 0 0 0 0 0 0 0 0 0 0 0 
1 0 0 0 0 0 0 0 0 0 0 0 0 0 0 0 0 
0 0 0 0 0 0 0 0 0 0 0 0 0 0 0 0 0 
0 1 0 0 0 2 2 0 0 0 0 1 1 0 0 0 0 
0 0 0 0 0 0 0 0 0 0 0 0 0 0 0 0 0 
2 1 1 2 0 10 1 0 8 0 0 3 0 0 3 0 0 
2 1 1 2 0 14 2 0 10 0 0 4 1 0 2 0 0 
1 2 0 1 0 14 2 0 6 0 0 5 1 0 2 0 0 
1 0 0 1 0 4 0 0 4 0 0 1 0 0 1 0 0 
2 1 1 2 0 14 2 0 10 0 0 5 1 0 2 0 0 
2 1 1 2 0 14 2 0 10 0 0 6 1 0 4 0 0 
2 2 1 2 0 2 1 0 0 0 0 1 0 0 0 0 0 
2 1 1 2 0 6 4 0 6 4 0 2 2 0 2 2 0 
1 0 0 2 0 17 1 0 2 1 0 0 0 0 0 0 0 
2 0 1 0 0 3 0 0 3 0 0 0 0 0 0 0 0 
0 0 0 0 0 0 0 0 0 0 0 0 0 0 0 0 0 
0 0 0 0 0 6 0 0 0 0 0 0 0 0 0 0 0 
1 0 0 1 0 23 3 0 9 3 0 2 1 0 2 1 0 
0 0 0 0 0 1 0 0 0 0 0 0 0 0 0 0 0 
0 0 0 0 0 0 0 0 0 0 0 0 0 0 0 0 0 
0 0 0 0 0 0 0 0 0 0 0 0 0 0 0 0 0 
3 1 2 2 0 13 0 0 6 0 0 6 0 0 3 0 0 
0 1 0 0 0 6 0 0 0 0 0 1 0 0 0 0 0 
1 0 0 1 0 4 0 0 4 0 0 1 0 0 1 0 0 
2 1 1 2 0 14 2 0 10 0 0 5 1 0 3 0 0 
2 1 1 2 0 18 2 0 12 0 0 5 1 0 3 0 0 
2 1 1 2 0 30 2 0 10 0 0 5 1 0 3 0 0 
2 1 1 2 0 14 2 0 10 0 0 5 1 0 3 0 0 
2 1 1 2 0 9 2 0 5 0 0 3 1 0 1 0 0 
2 1 1 1 0 12 1 0 10 0 0 4 1 0 2 0 0 
2 1 1 1 0 12 2 0 8 0 0 3 0 0 2 0 0 
2 1 1 0 0 7 1 0 6 0 0 3 0 0 3 0 0 
0 2 0 0 0 3 1 0 0 0 0 0 0 0 0 0 0 
0 2 0 0 0 8 0 0 0 0 0 0 0 0 0 0 0 
0 2 0 0 0 0 0 0 0 0 0 0 0 0 0 0 0 
0 1 0 0 0 2 2 0 0 0 0 0 0 0 0 0 0 
0 0 0 0 0 0 0 0 0 0 0 0 0 0 0 0 0 
0 0 0 0 0 0 0 0 0 0 0 0 0 0 0 0 0 
0 1 0 0 0 8 0 0 0 0 0 1 0 0 0 0 0 
0 0 0 0 0 1 0 0 0 0 0 1 0 0 0 0 0 
0 0 0 0 0 0 0 0 0 0 0 0 0 0 0 0 0 
1 0 0 2 0 0 0 0 0 0 0 0 0 0 0 0 0 
4 0 3 3 0 23 8 0 13 8 0 4 3 0 3 3 0 
0 0 0 0 0 0 0 0 0 0 0 0 0 0 0 0 0 
0 0 0 0 0 0 0 0 0 0 0 0 0 0 0 0 0 
1 0 0 1 0 19 0 0 4 0 0 1 0 0 1 0 0 
2 1 1 2 0 14 2 0 10 0 0 3 1 0 1 0 0 
1 2 0 0 0 15 2 0 6 0 0 5 1 0 2 0 0 
1 0 0 1 0 14 0 0 4 0 0 0 0 0 0 0 0 
2 1 1 1 0 12 2 0 8 0 0 3 1 0 1 0 0 
1 2 0 0 0 8 1 0 4 0 0 3 0 0 2 0 0 
1 0 0 1 0 4 0 0 4 0 0 1 0 0 1 0 0 
1 2 0 1 0 24 2 0 12 0 0 3 1 0 1 0 0 
0 1 0 0 0 2 0 0 0 0 0 1 0 0 0 0 0 
1 0 0 1 0 4 0 0 4 0 0 1 0 0 1 0 0 
2 1 1 2 0 29 2 0 21 0 0 4 1 0 2 0 0 
2 2 0 1 0 36 3 0 8 0 0 3 1 0 1 0 0 
1 0 0 1 0 0 0 0 0 0 0 0 0 0 0 0 0 
2 1 1 1 0 1 0 0 1 0 0 0 0 0 0 0 0 
3 1 2 1 0 6 0 0 3 0 0 0 0 0 0 0 0 
0 0 0 0 0 5 0 0 0 0 0 0 0 0 0 0 0 
0 0 0 0 0 0 0 0 0 0 0 0 0 0 0 0 0 
0 0 0 0 0 0 0 0 0 0 0 0 0 0 0 0 0 
1 0 0 0 0 0 0 0 0 0 0 0 0 0 0 0 0 
0 0 0 0 0 0 0 0 0 0 0 0 0 0 0 0 0 
0 0 0 0 0 0 0 0 0 0 0 0 0 0 0 0 0 
0 0 0 0 0 0 0 0 0 0 0 0 0 0 0 0 0 
0 0 0 0 0 6 0 0 0 0 0 0 0 0 0 0 0 
2 1 1 1 0 8 1 0 6 0 0 1 0 0 1 0 0 
1 2 0 0 0 4 1 0 2 0 0 0 0 0 0 0 0 
0 1 0 0 0 0 0 0 0 0 0 0 0 0 0 0 0 
0 1 0 0 0 2 0 0 0 0 0 1 0 0 0 0 0 
0 0 0 0 0 1 0 0 0 0 0 0 0 0 0 0 0 
0 0 0 0 0 0 0 0 0 0 0 0 0 0 0 0 0 
0 0 0 0 0 0 0 0 0 0 0 0 0 0 0 0 0 
1 0 0 0 0 0 0 0 0 0 0 0 0 0 0 0 0 
0 0 0 0 0 0 0 0 0 0 0 0 0 0 0 0 0 
1 0 0 2 0 0 0 0 0 0 0 0 0 0 0 0 0 
4 1 4 2 0 4 0 0 2 0 0 0 0 0 0 0 0 
2 1 1 0 0 10 2 0 8 0 0 1 0 0 1 0 0 
0 1 0 0 0 2 2 0 0 0 0 0 0 0 0 0 0 
0 0 0 0 0 0 0 0 0 0 0 0 0 0 0 0 0 
1 2 0 1 0 14 2 0 6 0 0 4 1 0 2 0 0 
1 0 0 1 0 2 0 0 2 0 0 1 0 0 1 0 0 
2 1 1 2 0 10 1 0 8 0 0 3 0 0 3 0 0 
2 1 1 2 0 14 2 0 10 0 0 4 1 0 2 0 0 
1 2 0 1 0 19 2 0 9 0 0 5 1 0 2 0 0 
1 0 0 1 0 4 0 0 4 0 0 1 0 0 1 0 0 
2 1 1 2 0 14 2 0 10 0 0 5 1 0 3 0 0 
2 1 1 2 0 12 2 0 6 0 0 3 1 0 1 0 0 
2 1 1 1 0 9 1 0 2 0 0 3 1 0 1 0 0 
2 1 1 1 0 7 0 0 7 0 0 2 0 0 2 0 0 
2 1 1 1 0 11 2 0 9 0 0 1 0 0 1 0 0 
0 1 0 0 0 3 3 0 0 0 0 1 1 0 0 0 0 
0 0 0 0 0 0 0 0 0 0 0 0 0 0 0 0 0 
2 1 1 1 0 7 0 0 7 0 0 1 0 0 1 0 0 
2 1 1 1 0 15 5 0 13 3 0 0 0 0 0 0 0 
0 1 0 0 0 3 3 0 0 0 0 0 0 0 0 0 0 
0 0 0 0 0 0 0 0 0 0 0 0 0 0 0 0 0 
2 0 1 0 0 0 0 0 0 0 0 0 0 0 0 0 0 
0 0 0 0 0 0 0 0 0 0 0 0 0 0 0 0 0 
0 0 0 0 0 0 0 0 0 0 0 0 0 0 0 0 0 
1 2 0 1 0 12 3 0 4 0 0 5 1 0 1 0 0 
1 0 0 1 0 4 0 0 4 0 0 2 0 0 2 0 0 
2 2 1 3 0 6 1 0 3 0 0 1 0 0 0 0 0 
3 1 2 2 0 6 2 0 3 2 0 2 2 0 2 2 0 
1 0 0 2 0 0 0 0 0 0 0 0 0 0 0 0 0 
2 0 1 0 0 4 0 0 0 0 0 0 0 0 0 0 0 
0 0 0 0 0 1 0 0 0 0 0 0 0 0 0 0 0 
0 0 0 0 0 0 0 0 0 0 0 0 0 0 0 0 0 
2 4 1 0 0 8 5 0 0 0 0 3 1 0 0 0 0 
0 1 0 0 0 2 2 0 0 0 0 1 1 0 0 0 0 
0 0 0 0 0 0 0 0 0 0 0 0 0 0 0 0 0 
1 0 0 1 0 2 2 0 2 2 0 1 1 0 1 1 0 
1 0 0 1 0 2 0 0 2 0 0 1 0 0 1 0 0 
2 1 1 0 0 0 0 0 0 0 0 0 0 0 0 0 0 
0 1 0 0 0 1 1 0 0 0 0 0 0 0 0 0 0 
0 0 0 0 0 0 0 0 0 0 0 0 0 0 0 0 0 
0 0 0 0 0 0 0 0 0 0 0 0 0 0 0 0 0 
0 0 0 0 0 0 0 0 0 0 0 0 0 0 0 0 0 
0 0 0 0 0 0 0 0 0 0 0 0 0 0 0 0 0 
0 0 0 0 0 0 0 0 0 0 0 0 0 0 0 0 0 
0 0 0 0 0 0 0 0 0 0 0 0 0 0 0 0 0 
0 0 0 0 0 0 0 0 0 0 0 0 0 0 0 0 0 
1 0 0 0 0 0 0 0 0 0 0 0 0 0 0 0 0 
0 0 0 0 0 0 0 0 0 0 0 0 0 0 0 0 0 
0 0 0 0 0 0 0 0 0 0 0 0 0 0 0 0 0 
0 0 0 0 0 0 0 0 0 0 0 0 0 0 0 0 0 
