175 1 0 0 1 0 6 3 0 6 3 0 1 1 0 1 1 0 
176 2 0 1 1 0 4 0 0 4 0 0 1 0 0 1 0 0 
177 0 0 0 0 0 0 0 0 0 0 0 0 0 0 0 0 0 
178 2 1 1 2 0 10 1 0 8 0 0 3 0 0 3 0 0 
179 2 1 1 2 0 14 2 0 10 0 0 4 1 0 2 0 0 
180 1 2 0 1 0 14 2 0 6 0 0 5 1 0 2 0 0 
181 1 0 0 1 0 4 0 0 4 0 0 0 0 0 0 0 0 
182 2 1 1 1 0 12 2 0 8 0 0 4 1 0 2 0 0 
183 2 1 1 1 0 8 1 0 6 0 0 1 0 0 1 0 0 
184 2 1 1 1 0 12 1 0 10 0 0 1 0 0 1 0 0 
185 1 2 0 1 0 14 2 0 6 0 0 3 0 0 1 0 0 
186 0 0 0 0 0 8 0 0 0 0 0 1 0 0 0 0 0 
187 0 0 0 0 0 6 0 0 0 0 0 0 0 0 0 0 0 
188 2 1 1 1 0 4 1 0 2 0 0 3 1 0 1 0 0 
189 2 1 1 1 0 5 0 0 5 0 0 1 0 0 1 0 0 
190 2 1 1 0 0 22 1 0 6 0 0 0 0 0 0 0 0 
191 0 1 0 0 0 2 2 0 0 0 0 0 0 0 0 0 0 
192 0 0 0 0 0 0 0 0 0 0 0 0 0 0 0 0 0 
193 0 0 0 0 0 6 0 0 0 0 0 0 0 0 0 0 0 
194 0 0 0 0 0 1 0 0 0 0 0 0 0 0 0 0 0 
195 0 0 0 0 0 0 0 0 0 0 0 0 0 0 0 0 0 
196 1 1 0 1 0 13 6 0 6 1 0 0 0 0 0 0 0 
197 0 0 0 0 0 0 0 0 0 0 0 0 0 0 0 0 0 
198 0 2 0 0 0 0 0 0 0 0 0 0 0 0 0 0 0 
199 4 1 0 2 3 80 4 0 10 2 0 0 0 0 0 0 0 
200 2 0 1 0 0 0 0 0 0 0 0 0 0 0 0 0 0 
201 0 0 0 0 0 0 0 0 0 0 0 0 0 0 0 0 0 
202 0 0 0 0 0 0 0 0 0 0 0 0 0 0 0 0 0 
203 0 1 0 0 0 8 1 0 0 0 0 0 0 0 0 0 0 
204 0 0 0 0 0 0 0 0 0 0 0 0 0 0 0 0 0 
205 0 0 0 0 0 2 0 0 0 0 0 0 0 0 0 0 0 
206 0 0 0 0 0 0 0 0 0 0 0 0 0 0 0 0 0 
207 4 1 4 4 0 25 0 0 15 0 0 5 0 0 3 0 0 
208 2 1 1 1 0 20 4 0 12 0 0 4 1 0 2 0 0 
209 2 1 1 1 0 8 1 0 6 0 0 3 0 0 3 0 0 
210 2 1 1 2 0 16 1 0 12 0 0 2 0 0 2 0 0 
211 2 2 0 1 0 22 2 0 6 0 0 4 1 0 1 0 0 
212 0 1 0 0 0 8 0 0 0 0 0 1 0 0 0 0 0 
213 1 0 0 1 0 6 0 0 6 0 0 1 0 0 1 0 0 
214 2 1 1 2 0 18 3 0 12 0 0 5 1 0 3 0 0 
215 2 1 1 2 0 22 2 0 14 0 0 5 1 0 3 0 0 
216 3 1 1 2 0 58 2 0 16 0 0 6 1 0 4 0 0 
217 2 1 1 2 0 30 2 0 10 0 0 4 1 0 2 0 0 
218 2 1 1 1 0 17 2 0 13 0 0 5 1 0 3 0 0 
219 2 1 1 2 0 9 2 0 5 0 0 1 0 0 1 0 0 
220 2 1 1 1 0 4 1 0 2 0 0 2 1 0 0 0 0 
221 1 2 0 0 0 1 0 0 1 0 0 1 0 0 1 0 0 
222 2 0 1 0 0 1 0 0 0 0 0 0 0 0 0 0 0 
223 0 1 0 0 0 1 1 0 0 0 0 0 0 0 0 0 0 
224 0 0 0 0 0 0 0 0 0 0 0 0 0 0 0 0 0 
225 0 0 0 0 0 0 0 0 0 0 0 0 0 0 0 0 0 
226 0 0 0 0 0 0 0 0 0 0 0 0 0 0 0 0 0 
227 0 0 0 0 0 0 0 0 0 0 0 0 0 0 0 0 0 
228 3 1 2 1 0 35 2 0 15 0 0 5 1 0 3 0 0 
229 3 3 1 4 0 180 5 0 20 0 0 4 0 0 3 0 0 
230 5 2 4 3 0 93 4 0 29 0 0 9 2 0 5 0 0 
231 1 2 0 1 0 22 2 0 6 0 0 5 1 0 2 0 0 
232 1 0 0 1 0 6 0 0 6 0 0 1 0 0 1 0 0 
233 2 1 1 2 0 38 2 0 10 0 0 5 1 0 3 0 0 
234 2 1 1 2 0 19 2 0 15 0 0 5 1 0 3 0 0 
235 2 1 1 2 0 18 3 0 12 0 0 4 1 0 2 0 0 
236 2 1 1 1 0 12 2 0 8 0 0 5 1 0 3 0 0 
237 2 1 1 2 0 13 1 0 10 0 0 1 0 0 1 0 0 
238 2 2 1 1 0 38 4 0 13 0 0 3 1 0 1 0 0 
239 1 2 0 0 0 7 2 0 3 0 0 2 0 0 1 0 0 
240 1 0 0 0 0 2 0 0 2 0 0 1 0 0 1 0 0 
241 0 2 0 0 0 5 0 0 0 0 0 0 0 0 0 0 0 
242 1 1 0 0 0 2 0 0 1 0 0 0 0 0 0 0 0 
243 0 0 0 0 0 0 0 0 0 0 0 0 0 0 0 0 0 
244 0 0 0 0 0 0 0 0 0 0 0 0 0 0 0 0 0 
245 0 0 0 0 0 0 0 0 0 0 0 0 0 0 0 0 0 
246 0 0 0 0 0 0 0 0 0 0 0 0 0 0 0 0 0 
247 0 0 0 0 0 0 0 0 0 0 0 0 0 0 0 0 0 
248 0 0 0 0 0 0 0 0 0 0 0 0 0 0 0 0 0 
249 2 1 1 1 0 11 2 0 9 0 0 1 0 0 1 0 0 
250 0 1 0 0 0 6 3 0 0 0 0 1 1 0 0 0 0 
251 0 1 0 0 0 3 1 0 0 0 0 0 0 0 0 0 0 
252 2 1 1 2 0 18 3 0 12 0 0 3 1 0 1 0 0 
253 1 2 0 0 0 12 2 0 6 0 0 5 1 0 2 0 0 
254 1 0 0 1 0 6 0 0 6 0 0 1 0 0 1 0 0 
255 2 1 1 2 0 22 2 0 10 0 0 4 1 0 2 0 0 
256 1 2 0 1 0 14 2 0 6 0 0 4 1 0 2 0 0 
257 1 0 0 1 0 2 0 0 2 0 0 1 0 0 1 0 0 
258 2 1 1 2 0 10 1 0 8 0 0 3 0 0 3 0 0 
259 2 1 1 2 0 14 2 0 10 0 0 4 1 0 2 0 0 
260 1 2 0 1 0 14 2 0 6 0 0 4 1 0 2 0 0 
261 1 0 0 1 0 2 0 0 2 0 0 0 0 0 0 0 0 
262 2 1 1 1 0 8 1 0 6 0 0 1 0 0 1 0 0 
263 2 1 1 1 0 4 1 0 2 0 0 0 0 0 0 0 0 
264 1 2 0 0 0 1 0 0 1 0 0 0 0 0 0 0 0 
265 0 0 0 0 0 2 0 0 0 0 0 0 0 0 0 0 0 
266 0 0 0 0 0 3 0 0 0 0 0 0 0 0 0 0 0 
267 0 0 0 0 0 0 0 0 0 0 0 0 0 0 0 0 0 
268 0 0 0 0 0 0 0 0 0 0 0 0 0 0 0 0 0 
269 0 0 0 0 0 0 0 0 0 0 0 0 0 0 0 0 0 
270 0 0 0 0 0 0 0 0 0 0 0 0 0 0 0 0 0 
271 0 0 0 0 0 0 0 0 0 0 0 0 0 0 0 0 0 
272 0 0 0 0 0 0 0 0 0 0 0 0 0 0 0 0 0 
273 0 0 0 0 0 0 0 0 0 0 0 0 0 0 0 0 0 
274 2 1 1 1 0 12 2 0 8 0 0 5 1 0 3 0 0 
275 2 1 1 2 0 10 1 0 8 0 0 1 0 0 1 0 0 
276 2 1 1 1 0 12 2 0 8 0 0 4 1 0 2 0 0 
277 1 2 0 1 0 6 1 0 2 0 0 3 0 0 1 0 0 
278 1 0 0 0 0 6 0 0 6 0 0 2 0 0 2 0 0 
279 0 5 0 0 0 6 3 0 0 0 0 0 0 0 0 0 0 
280 1 0 0 1 0 1 1 0 1 1 0 0 0 0 0 0 0 
281 1 0 0 0 0 2 0 0 2 0 0 0 0 0 0 0 0 
282 1 1 0 0 0 2 0 0 1 0 0 0 0 0 0 0 0 
283 0 0 0 0 0 0 0 0 0 0 0 0 0 0 0 0 0 
284 0 0 0 0 0 0 0 0 0 0 0 0 0 0 0 0 0 
285 0 0 0 0 0 0 0 0 0 0 0 0 0 0 0 0 0 
286 0 0 0 0 0 0 0 0 0 0 0 0 0 0 0 0 0 
287 4 0 4 3 0 13 0 0 8 0 0 6 0 0 4 0 0 
288 1 2 0 1 0 14 2 0 6 0 0 4 1 0 2 0 0 
289 1 0 0 1 0 2 0 0 2 0 0 1 0 0 1 0 0 
290 2 1 1 2 0 10 1 0 8 0 0 3 0 0 3 0 0 
291 2 1 1 2 0 14 2 0 10 0 0 4 1 0 2 0 0 
292 1 2 0 1 0 14 2 0 6 0 0 5 1 0 2 0 0 
293 1 0 0 1 0 4 0 0 4 0 0 1 0 0 1 0 0 
294 2 1 1 2 0 14 2 0 10 0 0 5 1 0 3 0 0 
295 2 1 1 2 0 19 2 0 15 0 0 5 1 0 3 0 0 
296 2 1 1 2 0 12 3 0 6 0 0 3 1 0 1 0 0 
297 2 1 1 1 0 4 1 0 2 0 0 3 1 0 1 0 0 
298 2 1 1 1 0 5 0 0 5 0 0 3 0 0 3 0 0 
299 3 2 3 2 0 7 1 0 2 0 0 2 0 0 1 0 0 
300 0 1 0 0 0 2 2 0 0 0 0 1 1 0 0 0 0 
301 0 0 0 0 0 0 0 0 0 0 0 0 0 0 0 0 0 
302 1 0 0 1 0 1 1 0 1 1 0 1 1 0 1 1 0 
303 1 0 0 1 0 0 0 0 0 0 0 0 0 0 0 0 0 
304 1 0 0 0 0 0 0 0 0 0 0 0 0 0 0 0 0 
305 0 0 0 0 0 0 0 0 0 0 0 0 0 0 0 0 0 
306 1 0 0 0 0 0 0 0 0 0 0 0 0 0 0 0 0 
307 0 0 0 0 0 0 0 0 0 0 0 0 0 0 0 0 0 
308 0 1 0 0 0 2 2 0 0 0 0 1 1 0 0 0 0 
309 0 0 0 0 0 0 0 0 0 0 0 0 0 0 0 0 0 
310 2 1 1 2 0 10 1 0 8 0 0 3 0 0 3 0 0 
311 2 1 1 2 0 14 2 0 10 0 0 4 1 0 2 0 0 
312 1 2 0 1 0 14 2 0 6 0 0 5 1 0 2 0 0 
313 1 0 0 1 0 4 0 0 4 0 0 1 0 0 1 0 0 
314 2 1 1 2 0 14 2 0 10 0 0 5 1 0 2 0 0 
315 2 1 1 2 0 14 2 0 10 0 0 6 1 0 4 0 0 
316 2 2 1 2 0 2 1 0 0 0 0 1 0 0 0 0 0 
317 2 1 1 2 0 6 4 0 6 4 0 2 2 0 2 2 0 
318 1 0 0 2 0 17 1 0 2 1 0 0 0 0 0 0 0 
319 2 0 1 0 0 3 0 0 3 0 0 0 0 0 0 0 0 
320 0 0 0 0 0 0 0 0 0 0 0 0 0 0 0 0 0 
321 0 0 0 0 0 6 0 0 0 0 0 0 0 0 0 0 0 
322 1 0 0 1 0 23 3 0 9 3 0 2 1 0 2 1 0 
323 0 0 0 0 0 1 0 0 0 0 0 0 0 0 0 0 0 
324 0 0 0 0 0 0 0 0 0 0 0 0 0 0 0 0 0 
325 0 0 0 0 0 0 0 0 0 0 0 0 0 0 0 0 0 
326 3 1 2 2 0 13 0 0 6 0 0 6 0 0 3 0 0 
327 0 1 0 0 0 6 0 0 0 0 0 1 0 0 0 0 0 
328 1 0 0 1 0 4 0 0 4 0 0 1 0 0 1 0 0 
329 2 1 1 2 0 14 2 0 10 0 0 5 1 0 3 0 0 
330 2 1 1 2 0 18 2 0 12 0 0 5 1 0 3 0 0 
331 2 1 1 2 0 30 2 0 10 0 0 5 1 0 3 0 0 
332 2 1 1 2 0 14 2 0 10 0 0 5 1 0 3 0 0 
333 2 1 1 2 0 9 2 0 5 0 0 3 1 0 1 0 0 
334 2 1 1 1 0 12 1 0 10 0 0 4 1 0 2 0 0 
335 2 1 1 1 0 12 2 0 8 0 0 3 0 0 2 0 0 
336 2 1 1 0 0 7 1 0 6 0 0 3 0 0 3 0 0 
337 0 2 0 0 0 3 1 0 0 0 0 0 0 0 0 0 0 
338 0 2 0 0 0 8 0 0 0 0 0 0 0 0 0 0 0 
339 0 2 0 0 0 0 0 0 0 0 0 0 0 0 0 0 0 
340 0 1 0 0 0 2 2 0 0 0 0 0 0 0 0 0 0 
341 0 0 0 0 0 0 0 0 0 0 0 0 0 0 0 0 0 
342 0 0 0 0 0 0 0 0 0 0 0 0 0 0 0 0 0 
343 0 1 0 0 0 8 0 0 0 0 0 1 0 0 0 0 0 
344 0 0 0 0 0 1 0 0 0 0 0 1 0 0 0 0 0 
345 0 0 0 0 0 0 0 0 0 0 0 0 0 0 0 0 0 
346 1 0 0 2 0 0 0 0 0 0 0 0 0 0 0 0 0 
347 4 0 3 3 0 23 8 0 13 8 0 4 3 0 3 3 0 
348 0 0 0 0 0 0 0 0 0 0 0 0 0 0 0 0 0 
349 0 0 0 0 0 0 0 0 0 0 0 0 0 0 0 0 0 
350 1 0 0 1 0 19 0 0 4 0 0 1 0 0 1 0 0 
351 2 1 1 2 0 14 2 0 10 0 0 3 1 0 1 0 0 
352 1 2 0 0 0 15 2 0 6 0 0 5 1 0 2 0 0 
353 1 0 0 1 0 14 0 0 4 0 0 0 0 0 0 0 0 
354 2 1 1 1 0 12 2 0 8 0 0 3 1 0 1 0 0 
355 1 2 0 0 0 8 1 0 4 0 0 3 0 0 2 0 0 
356 1 0 0 1 0 4 0 0 4 0 0 1 0 0 1 0 0 
357 1 2 0 1 0 24 2 0 12 0 0 3 1 0 1 0 0 
358 0 1 0 0 0 2 0 0 0 0 0 1 0 0 0 0 0 
359 1 0 0 1 0 4 0 0 4 0 0 1 0 0 1 0 0 
360 2 1 1 2 0 29 2 0 21 0 0 4 1 0 2 0 0 
361 2 2 0 1 0 36 3 0 8 0 0 3 1 0 1 0 0 
362 1 0 0 1 0 0 0 0 0 0 0 0 0 0 0 0 0 
363 2 1 1 1 0 1 0 0 1 0 0 0 0 0 0 0 0 
364 3 1 2 1 0 6 0 0 3 0 0 0 0 0 0 0 0 
365 0 0 0 0 0 5 0 0 0 0 0 0 0 0 0 0 0 
366 0 0 0 0 0 0 0 0 0 0 0 0 0 0 0 0 0 
367 0 0 0 0 0 0 0 0 0 0 0 0 0 0 0 0 0 
368 1 0 0 0 0 0 0 0 0 0 0 0 0 0 0 0 0 
369 0 0 0 0 0 0 0 0 0 0 0 0 0 0 0 0 0 
370 0 0 0 0 0 0 0 0 0 0 0 0 0 0 0 0 0 
371 0 0 0 0 0 0 0 0 0 0 0 0 0 0 0 0 0 
372 0 0 0 0 0 6 0 0 0 0 0 0 0 0 0 0 0 
373 2 1 1 1 0 8 1 0 6 0 0 1 0 0 1 0 0 
374 1 2 0 0 0 4 1 0 2 0 0 0 0 0 0 0 0 
375 0 1 0 0 0 0 0 0 0 0 0 0 0 0 0 0 0 
376 0 1 0 0 0 2 0 0 0 0 0 1 0 0 0 0 0 
377 0 0 0 0 0 1 0 0 0 0 0 0 0 0 0 0 0 
378 0 0 0 0 0 0 0 0 0 0 0 0 0 0 0 0 0 
379 0 0 0 0 0 0 0 0 0 0 0 0 0 0 0 0 0 
380 1 0 0 0 0 0 0 0 0 0 0 0 0 0 0 0 0 
381 0 0 0 0 0 0 0 0 0 0 0 0 0 0 0 0 0 
382 1 0 0 2 0 0 0 0 0 0 0 0 0 0 0 0 0 
383 4 1 4 2 0 4 0 0 2 0 0 0 0 0 0 0 0 
384 2 1 1 0 0 10 2 0 8 0 0 1 0 0 1 0 0 
385 0 1 0 0 0 2 2 0 0 0 0 0 0 0 0 0 0 
386 0 0 0 0 0 0 0 0 0 0 0 0 0 0 0 0 0 
387 1 2 0 1 0 14 2 0 6 0 0 4 1 0 2 0 0 
388 1 0 0 1 0 2 0 0 2 0 0 1 0 0 1 0 0 
389 2 1 1 2 0 10 1 0 8 0 0 3 0 0 3 0 0 
390 2 1 1 2 0 14 2 0 10 0 0 4 1 0 2 0 0 
391 1 2 0 1 0 19 2 0 9 0 0 5 1 0 2 0 0 
392 1 0 0 1 0 4 0 0 4 0 0 1 0 0 1 0 0 
393 2 1 1 2 0 14 2 0 10 0 0 5 1 0 3 0 0 
394 2 1 1 2 0 12 2 0 6 0 0 3 1 0 1 0 0 
395 2 1 1 1 0 9 1 0 2 0 0 3 1 0 1 0 0 
396 2 1 1 1 0 7 0 0 7 0 0 2 0 0 2 0 0 
397 2 1 1 1 0 11 2 0 9 0 0 1 0 0 1 0 0 
398 0 1 0 0 0 3 3 0 0 0 0 1 1 0 0 0 0 
399 0 0 0 0 0 0 0 0 0 0 0 0 0 0 0 0 0 
400 2 1 1 1 0 7 0 0 7 0 0 1 0 0 1 0 0 
401 2 1 1 1 0 15 5 0 13 3 0 0 0 0 0 0 0 
402 0 1 0 0 0 3 3 0 0 0 0 0 0 0 0 0 0 
403 0 0 0 0 0 0 0 0 0 0 0 0 0 0 0 0 0 
404 2 0 1 0 0 0 0 0 0 0 0 0 0 0 0 0 0 
405 0 0 0 0 0 0 0 0 0 0 0 0 0 0 0 0 0 
406 0 0 0 0 0 0 0 0 0 0 0 0 0 0 0 0 0 
407 1 2 0 1 0 12 3 0 4 0 0 5 1 0 1 0 0 
408 1 0 0 1 0 4 0 0 4 0 0 2 0 0 2 0 0 
409 2 2 1 3 0 6 1 0 3 0 0 1 0 0 0 0 0 
410 3 1 2 2 0 6 2 0 3 2 0 2 2 0 2 2 0 
411 1 0 0 2 0 0 0 0 0 0 0 0 0 0 0 0 0 
412 2 0 1 0 0 4 0 0 0 0 0 0 0 0 0 0 0 
413 0 0 0 0 0 1 0 0 0 0 0 0 0 0 0 0 0 
414 0 0 0 0 0 0 0 0 0 0 0 0 0 0 0 0 0 
415 2 4 1 0 0 8 5 0 0 0 0 3 1 0 0 0 0 
416 0 1 0 0 0 2 2 0 0 0 0 1 1 0 0 0 0 
417 0 0 0 0 0 0 0 0 0 0 0 0 0 0 0 0 0 
418 1 0 0 1 0 2 2 0 2 2 0 1 1 0 1 1 0 
419 1 0 0 1 0 2 0 0 2 0 0 1 0 0 1 0 0 
420 2 1 1 0 0 0 0 0 0 0 0 0 0 0 0 0 0 
421 0 1 0 0 0 1 1 0 0 0 0 0 0 0 0 0 0 
422 0 0 0 0 0 0 0 0 0 0 0 0 0 0 0 0 0 
423 0 0 0 0 0 0 0 0 0 0 0 0 0 0 0 0 0 
424 0 0 0 0 0 0 0 0 0 0 0 0 0 0 0 0 0 
425 0 0 0 0 0 0 0 0 0 0 0 0 0 0 0 0 0 
426 0 0 0 0 0 0 0 0 0 0 0 0 0 0 0 0 0 
427 0 0 0 0 0 0 0 0 0 0 0 0 0 0 0 0 0 
428 0 0 0 0 0 0 0 0 0 0 0 0 0 0 0 0 0 
429 1 0 0 0 0 0 0 0 0 0 0 0 0 0 0 0 0 
430 0 0 0 0 0 0 0 0 0 0 0 0 0 0 0 0 0 
431 0 0 0 0 0 0 0 0 0 0 0 0 0 0 0 0 0 
432 0 0 0 0 0 0 0 0 0 0 0 0 0 0 0 0 0 
