1 0 0 0 0 0 0 0 0 0 0 0 0 0 0 0 0 0 
2 1 0 0 1 0 4 0 0 4 0 0 1 0 0 1 0 0 
3 2 1 1 2 0 14 2 0 10 0 0 5 1 0 3 0 0 
4 2 1 1 2 0 14 2 0 10 0 0 5 1 0 3 0 0 
5 2 1 1 2 0 14 2 0 10 0 0 5 1 0 3 0 0 
6 2 1 1 2 0 9 2 0 5 0 0 3 1 0 1 0 0 
7 2 1 1 1 0 4 1 0 2 0 0 3 1 0 1 0 0 
8 2 1 1 1 0 1 0 0 1 0 0 1 0 0 1 0 0 
9 2 1 1 0 0 2 0 0 2 0 0 0 0 0 0 0 0 
10 0 1 0 0 0 1 1 0 0 0 0 0 0 0 0 0 0 
11 0 0 0 0 0 0 0 0 0 0 0 0 0 0 0 0 0 
12 0 0 0 0 0 0 0 0 0 0 0 0 0 0 0 0 0 
13 0 0 0 0 0 0 0 0 0 0 0 0 0 0 0 0 0 
14 0 0 0 0 0 0 0 0 0 0 0 0 0 0 0 0 0 
15 0 0 0 0 0 0 0 0 0 0 0 0 0 0 0 0 0 
16 0 0 0 0 0 0 0 0 0 0 0 0 0 0 0 0 0 
17 0 0 0 0 0 0 0 0 0 0 0 0 0 0 0 0 0 
18 0 0 0 0 0 6 0 0 0 0 0 0 0 0 0 0 0 
19 1 0 0 1 0 1 1 0 1 1 0 0 0 0 0 0 0 
20 1 0 0 1 0 3 1 0 3 1 0 0 0 0 0 0 0 
21 2 0 1 1 0 21 0 0 4 0 0 0 0 0 0 0 0 
22 2 0 1 0 0 2 0 0 0 0 0 0 0 0 0 0 0 
23 0 0 0 0 0 7 0 0 0 0 0 0 0 0 0 0 0 
24 0 0 0 0 0 0 0 0 0 0 0 0 0 0 0 0 0 
25 0 0 0 0 0 0 0 0 0 0 0 0 0 0 0 0 0 
26 0 0 0 0 0 0 0 0 0 0 0 0 0 0 0 0 0 
27 0 0 0 0 0 0 0 0 0 0 0 0 0 0 0 0 0 
28 2 1 1 2 0 14 2 0 10 0 0 4 1 0 2 0 0 
29 1 2 0 1 0 14 2 0 6 0 0 5 1 0 2 0 0 
30 1 0 0 1 0 6 0 0 6 0 0 1 0 0 1 0 0 
31 2 1 1 2 0 18 3 0 12 0 0 5 1 0 3 0 0 
32 2 1 1 2 0 14 2 0 10 0 0 5 1 0 3 0 0 
33 2 1 1 3 0 27 2 0 21 0 0 6 1 0 4 0 0 
34 3 1 2 3 0 23 3 0 12 0 0 5 1 0 3 0 0 
35 2 1 1 2 0 14 2 0 10 0 0 5 1 0 3 0 0 
36 2 1 1 2 0 22 2 0 14 0 0 5 1 0 3 0 0 
37 3 1 1 2 0 22 2 0 10 0 0 5 1 0 3 0 0 
38 2 1 1 2 0 14 2 0 10 0 0 5 1 0 3 0 0 
39 2 1 1 2 0 14 2 0 10 0 0 5 1 0 3 0 0 
40 2 1 1 2 0 14 2 0 10 0 0 5 1 0 3 0 0 
41 2 1 1 2 0 14 2 0 10 0 0 5 1 0 3 0 0 
42 2 1 1 2 0 14 2 0 10 0 0 5 1 0 3 0 0 
43 2 1 1 2 0 14 2 0 10 0 0 4 1 0 2 0 0 
44 2 1 1 1 0 12 2 0 8 0 0 4 1 0 2 0 0 
45 2 1 1 1 0 8 1 0 6 0 0 3 0 0 3 0 0 
46 2 1 1 2 0 14 1 0 12 0 0 4 0 0 3 0 0 
47 1 2 0 2 0 14 3 0 4 0 0 4 1 0 0 0 0 
48 0 1 0 0 0 0 0 0 0 0 0 0 0 0 0 0 0 
49 1 0 0 2 0 0 0 0 0 0 0 0 0 0 0 0 0 
50 3 0 0 1 3 16 0 0 4 0 0 0 0 0 0 0 0 
51 2 0 1 0 0 0 0 0 0 0 0 0 0 0 0 0 0 
52 0 0 0 0 0 0 0 0 0 0 0 0 0 0 0 0 0 
53 0 0 0 0 0 0 0 0 0 0 0 0 0 0 0 0 0 
54 1 0 0 1 0 6 3 0 6 3 0 1 1 0 1 1 0 
55 1 0 0 1 0 14 0 0 2 0 0 1 0 0 1 0 0 
56 1 0 0 2 0 0 0 0 0 0 0 0 0 0 0 0 0 
57 2 0 1 0 0 0 0 0 0 0 0 0 0 0 0 0 0 
58 0 0 0 0 0 0 0 0 0 0 0 0 0 0 0 0 0 
59 0 0 0 0 0 0 0 0 0 0 0 0 0 0 0 0 0 
60 1 0 0 2 0 6 4 0 6 4 0 1 1 0 1 1 0 
61 4 0 4 2 0 19 0 0 13 0 0 5 0 0 4 0 0 
62 1 2 0 1 0 10 1 0 4 0 0 3 0 0 2 0 0 
63 1 0 0 1 0 8 0 0 8 0 0 1 0 0 1 0 0 
64 2 2 0 1 0 38 2 0 6 0 0 5 1 0 2 0 0 
65 1 0 0 1 0 4 0 0 4 0 0 1 0 0 1 0 0 
66 2 1 1 2 0 14 2 0 10 0 0 3 1 0 1 0 0 
67 2 1 1 1 0 7 2 0 3 0 0 3 1 0 1 0 0 
68 2 1 1 1 0 7 0 0 7 0 0 2 0 0 2 0 0 
69 2 1 1 1 0 16 2 0 12 0 0 1 0 0 1 0 0 
70 0 1 0 0 0 18 3 0 0 0 0 1 1 0 0 0 0 
71 0 0 0 0 0 0 0 0 0 0 0 0 0 0 0 0 0 
72 2 1 1 1 0 12 2 0 8 0 0 4 1 0 2 0 0 
73 2 1 1 1 0 8 1 0 6 0 0 3 0 0 3 0 0 
74 2 1 1 2 0 10 1 0 8 0 0 2 0 0 2 0 0 
75 1 2 0 1 0 14 2 0 6 0 0 4 1 0 1 0 0 
76 0 1 0 0 0 4 0 0 0 0 0 1 0 0 0 0 0 
77 1 0 0 1 0 4 0 0 4 0 0 1 0 0 1 0 0 
78 2 1 1 2 0 19 2 0 15 0 0 5 1 0 3 0 0 
79 2 1 1 2 0 18 3 0 12 0 0 5 1 0 3 0 0 
80 2 1 1 2 0 24 2 0 20 0 0 5 1 0 3 0 0 
81 2 1 1 2 0 36 4 0 24 0 0 4 1 0 2 0 0 
82 2 2 1 1 0 36 5 0 10 0 0 4 1 0 2 0 0 
83 2 1 1 1 0 6 1 0 2 0 0 0 0 0 0 0 0 
84 4 2 4 0 0 11 0 0 1 0 0 0 0 0 0 0 0 
85 0 4 0 0 0 15 3 0 0 0 0 2 1 0 0 0 0 
86 0 0 0 0 0 2 0 0 0 0 0 0 0 0 0 0 0 
87 0 0 0 0 0 0 0 0 0 0 0 0 0 0 0 0 0 
88 0 0 0 0 0 2 0 0 0 0 0 0 0 0 0 0 0 
89 1 0 0 1 0 1 1 0 1 1 0 0 0 0 0 0 0 
90 1 0 0 0 0 1 0 0 1 0 0 0 0 0 0 0 0 
91 0 0 0 0 0 2 0 0 0 0 0 0 0 0 0 0 0 
92 0 0 0 0 0 0 0 0 0 0 0 0 0 0 0 0 0 
93 0 0 0 0 0 0 0 0 0 0 0 0 0 0 0 0 0 
94 1 0 0 0 0 2 0 0 0 0 0 0 0 0 0 0 0 
95 0 0 0 0 0 0 0 0 0 0 0 0 0 0 0 0 0 
96 1 0 0 0 0 1 0 0 1 0 0 0 0 0 0 0 0 
97 0 1 0 0 0 1 1 0 0 0 0 0 0 0 0 0 0 
98 0 0 0 0 0 0 0 0 0 0 0 0 0 0 0 0 0 
99 0 0 0 0 0 0 0 0 0 0 0 0 0 0 0 0 0 
100 0 0 0 0 0 0 0 0 0 0 0 0 0 0 0 0 0 
101 0 1 0 0 0 3 3 0 0 0 0 1 1 0 0 0 0 
102 0 0 0 0 0 0 0 0 0 0 0 0 0 0 0 0 0 
103 4 1 4 4 0 14 0 0 8 0 0 4 0 0 2 0 0 
104 2 1 1 1 0 26 1 0 6 0 0 4 1 0 2 0 0 
105 2 1 1 1 0 4 1 0 2 0 0 2 0 0 1 0 0 
106 2 1 1 0 0 4 0 0 4 0 0 2 0 0 2 0 0 
107 0 2 0 0 0 2 1 0 0 0 0 1 0 0 0 0 0 
108 0 1 0 0 0 1 1 0 0 0 0 1 1 0 0 0 0 
109 0 0 0 0 0 0 0 0 0 0 0 0 0 0 0 0 0 
110 1 0 0 0 0 0 0 0 0 0 0 0 0 0 0 0 0 
111 0 0 0 0 0 0 0 0 0 0 0 0 0 0 0 0 0 
112 2 1 1 2 0 18 3 0 12 0 0 5 1 0 3 0 0 
113 2 1 1 2 0 14 2 0 10 0 0 5 1 0 3 0 0 
114 2 1 1 2 0 18 2 0 12 0 0 5 1 0 3 0 0 
115 2 1 1 2 0 38 2 0 10 0 0 5 1 0 3 0 0 
116 2 1 1 2 0 14 2 0 10 0 0 5 1 0 3 0 0 
117 2 1 1 2 0 14 2 0 10 0 0 5 1 0 3 0 0 
118 2 1 1 2 0 14 2 0 10 0 0 5 1 0 3 0 0 
119 2 1 1 2 0 9 2 0 5 0 0 3 1 0 1 0 0 
120 2 1 1 1 0 12 1 0 10 0 0 4 1 0 2 0 0 
121 2 1 1 1 0 12 2 0 8 0 0 3 0 0 2 0 0 
122 2 1 1 0 0 10 1 0 9 0 0 3 0 0 3 0 0 
123 0 2 0 0 0 6 2 0 0 0 0 1 0 0 0 0 0 
124 1 2 0 0 0 4 1 0 2 0 0 2 1 0 0 0 0 
125 0 1 0 0 0 3 0 0 0 0 0 1 0 0 0 0 0 
126 2 0 1 0 0 3 0 0 2 0 0 0 0 0 0 0 0 
127 0 1 0 0 0 2 2 0 0 0 0 1 1 0 0 0 0 
128 0 0 0 0 0 0 0 0 0 0 0 0 0 0 0 0 0 
129 1 0 0 0 0 3 0 0 3 0 0 0 0 0 0 0 0 
130 0 0 0 0 0 3 0 0 0 0 0 0 0 0 0 0 0 
131 0 0 0 0 0 0 0 0 0 0 0 0 0 0 0 0 0 
132 4 1 4 4 0 15 0 0 9 0 0 7 0 0 4 0 0 
133 2 1 1 2 0 14 2 0 10 0 0 5 1 0 3 0 0 
134 2 1 1 2 0 14 2 0 10 0 0 5 1 0 3 0 0 
135 2 1 1 2 0 14 2 0 10 0 0 5 1 0 3 0 0 
136 2 1 1 2 0 14 2 0 10 0 0 5 1 0 3 0 0 
137 2 1 1 2 0 9 2 0 5 0 0 3 1 0 1 0 0 
138 2 1 1 1 0 12 1 0 10 0 0 5 1 0 3 0 0 
139 2 1 1 2 0 9 2 0 5 0 0 2 0 0 1 0 0 
140 2 1 1 0 0 4 1 0 3 0 0 3 1 0 2 0 0 
141 0 2 0 0 0 0 0 0 0 0 0 0 0 0 0 0 0 
142 2 1 1 1 0 8 1 0 7 0 0 0 0 0 0 0 0 
143 0 1 0 0 0 3 3 0 0 0 0 1 1 0 0 0 0 
144 0 0 0 0 0 0 0 0 0 0 0 0 0 0 0 0 0 
145 1 0 0 0 0 8 0 0 8 0 0 0 0 0 0 0 0 
146 0 0 0 0 0 9 0 0 0 0 0 0 0 0 0 0 0 
147 0 0 0 0 0 0 0 0 0 0 0 0 0 0 0 0 0 
148 0 0 0 0 0 2 0 0 0 0 0 0 0 0 0 0 0 
149 1 0 0 1 0 2 1 0 2 1 0 0 0 0 0 0 0 
150 1 0 0 0 0 1 0 0 0 0 0 0 0 0 0 0 0 
151 0 0 0 0 0 0 0 0 0 0 0 0 0 0 0 0 0 
152 0 0 0 0 0 0 0 0 0 0 0 0 0 0 0 0 0 
153 0 1 0 0 0 3 3 0 0 0 0 1 1 0 0 0 0 
154 0 0 0 0 0 0 0 0 0 0 0 0 0 0 0 0 0 
155 2 1 1 2 0 14 2 0 10 0 0 4 1 0 2 0 0 
156 2 1 1 1 0 12 2 0 8 0 0 5 1 0 3 0 0 
157 2 1 1 2 0 10 1 0 8 0 0 3 0 0 3 0 0 
158 2 1 1 2 0 14 2 0 10 0 0 4 1 0 2 0 0 
159 1 2 0 1 0 19 2 0 9 0 0 5 1 0 2 0 0 
160 1 0 0 1 0 4 0 0 4 0 0 1 0 0 1 0 0 
161 2 1 1 2 0 14 2 0 10 0 0 5 1 0 3 0 0 
162 2 1 1 2 0 18 2 0 12 0 0 5 1 0 3 0 0 
163 2 1 1 2 0 22 2 0 10 0 0 5 1 0 3 0 0 
164 2 1 1 2 0 14 2 0 10 0 0 5 1 0 3 0 0 
165 2 1 1 2 0 14 2 0 10 0 0 5 1 0 3 0 0 
166 2 1 1 2 0 14 2 0 10 0 0 5 1 0 3 0 0 
167 2 1 1 2 0 14 2 0 10 0 0 5 1 0 3 0 0 
168 2 1 1 2 0 14 2 0 10 0 0 5 1 0 3 0 0 
169 2 1 1 2 0 9 2 0 5 0 0 3 1 0 1 0 0 
170 2 1 1 1 0 8 1 0 6 0 0 4 1 0 2 0 0 
171 2 1 1 2 0 6 1 0 4 0 0 1 0 0 1 0 0 
172 2 1 1 0 0 4 1 0 3 0 0 1 1 0 0 0 0 
173 0 1 0 0 0 2 1 0 0 0 0 0 0 0 0 0 0 
174 1 0 0 0 0 1 0 0 1 0 0 0 0 0 0 0 0 
175 0 1 0 0 0 1 1 0 0 0 0 0 0 0 0 0 0 
176 0 0 0 0 0 0 0 0 0 0 0 0 0 0 0 0 0 
177 0 0 0 0 0 0 0 0 0 0 0 0 0 0 0 0 0 
178 0 0 0 0 0 0 0 0 0 0 0 0 0 0 0 0 0 
179 0 0 0 0 0 0 0 0 0 0 0 0 0 0 0 0 0 
180 4 1 4 4 0 15 0 0 9 0 0 7 0 0 4 0 0 
181 2 1 1 2 0 14 2 0 10 0 0 5 1 0 3 0 0 
182 2 1 1 2 0 14 2 0 10 0 0 5 1 0 3 0 0 
183 2 1 1 2 0 14 2 0 10 0 0 4 1 0 2 0 0 
184 2 1 1 1 0 12 2 0 8 0 0 5 1 0 3 0 0 
185 2 1 1 2 0 14 1 0 12 0 0 4 0 0 4 0 0 
186 2 1 1 2 0 18 3 0 12 0 0 4 1 0 2 0 0 
187 1 2 0 1 0 14 2 0 6 0 0 4 1 0 2 0 0 
188 1 0 0 2 0 3 0 0 3 0 0 1 0 0 1 0 0 
189 4 1 2 4 3 19 3 0 13 2 0 3 0 0 3 0 0 
190 2 1 1 2 0 18 3 0 12 0 0 6 2 0 3 0 0 
191 1 2 0 1 0 12 2 0 3 0 0 5 1 0 1 0 0 
192 3 0 0 2 3 14 1 0 14 1 0 2 0 0 2 0 0 
193 3 2 2 3 0 14 3 0 4 1 0 1 0 0 0 0 0 
194 2 1 1 2 0 6 6 0 6 6 0 2 2 0 2 2 0 
195 1 0 0 2 0 8 2 0 8 2 0 1 0 0 1 0 0 
196 3 0 1 1 0 9 0 0 4 0 0 1 0 0 1 0 0 
197 0 0 0 0 0 0 0 0 0 0 0 0 0 0 0 0 0 
198 2 1 1 2 0 14 2 0 10 0 0 5 1 0 3 0 0 
199 2 1 1 2 0 24 2 0 20 0 0 5 1 0 3 0 0 
200 2 1 1 2 0 22 4 0 14 0 0 5 1 0 3 0 0 
201 2 1 1 2 0 14 2 0 10 0 0 4 1 0 2 0 0 
202 2 1 1 1 0 18 2 0 10 0 0 5 1 0 3 0 0 
203 3 1 1 2 0 25 1 0 9 0 0 3 0 0 3 0 0 
204 2 1 1 2 0 14 2 0 10 0 0 4 1 0 2 0 0 
205 1 2 0 1 0 14 2 0 6 0 0 5 1 0 2 0 0 
206 1 0 0 1 0 4 0 0 4 0 0 1 0 0 1 0 0 
207 2 1 1 2 0 14 2 0 10 0 0 5 1 0 3 0 0 
208 2 1 1 2 0 14 2 0 10 0 0 5 1 0 3 0 0 
209 2 1 1 2 0 9 2 0 5 0 0 3 1 0 1 0 0 
210 2 1 1 1 0 8 1 0 6 0 0 4 1 0 2 0 0 
211 2 1 1 1 0 12 1 0 10 0 0 4 0 0 3 0 0 
212 2 1 1 1 0 15 2 0 13 0 0 3 0 0 3 0 0 
213 0 2 0 0 0 6 3 0 0 0 0 1 1 0 0 0 0 
214 0 2 0 0 0 0 0 0 0 0 0 0 0 0 0 0 0 
215 2 1 1 1 0 1 0 0 1 0 0 0 0 0 0 0 0 
216 2 1 1 0 0 2 0 0 0 0 0 0 0 0 0 0 0 
217 0 0 0 0 0 0 0 0 0 0 0 0 0 0 0 0 0 
218 0 0 0 0 0 0 0 0 0 0 0 0 0 0 0 0 0 
219 0 0 0 0 0 0 0 0 0 0 0 0 0 0 0 0 0 
220 0 0 0 0 0 0 0 0 0 0 0 0 0 0 0 0 0 
221 0 0 0 0 0 0 0 0 0 0 0 0 0 0 0 0 0 
222 0 0 0 0 0 0 0 0 0 0 0 0 0 0 0 0 0 
223 0 0 0 0 0 0 0 0 0 0 0 0 0 0 0 0 0 
224 2 1 1 1 0 12 2 0 8 0 0 5 1 0 3 0 0 
225 2 1 1 2 0 10 1 0 8 0 0 3 0 0 3 0 0 
226 2 1 1 2 0 19 2 0 15 0 0 3 1 0 1 0 0 
227 1 2 0 0 0 10 3 0 4 0 0 3 1 0 1 0 0 
228 1 0 0 1 0 0 0 0 0 0 0 0 0 0 0 0 0 
229 2 1 1 1 0 1 0 0 1 0 0 0 0 0 0 0 0 
230 2 1 1 1 0 14 0 0 6 0 0 1 0 0 1 0 0 
231 0 0 0 0 0 0 0 0 0 0 0 0 0 0 0 0 0 
232 0 0 0 0 0 0 0 0 0 0 0 0 0 0 0 0 0 
233 0 0 0 0 0 0 0 0 0 0 0 0 0 0 0 0 0 
234 2 1 1 1 0 16 3 0 10 0 0 4 1 0 2 0 0 
235 2 1 1 1 0 4 1 0 2 0 0 2 0 0 1 0 0 
236 2 1 1 0 0 4 0 0 4 0 0 2 0 0 2 0 0 
237 1 4 0 0 0 5 0 0 1 0 0 0 0 0 0 0 0 
238 0 1 0 0 0 1 1 0 0 0 0 0 0 0 0 0 0 
239 0 0 0 0 0 0 0 0 0 0 0 0 0 0 0 0 0 
240 0 0 0 0 0 0 0 0 0 0 0 0 0 0 0 0 0 
241 0 0 0 0 0 0 0 0 0 0 0 0 0 0 0 0 0 
242 0 0 0 0 0 0 0 0 0 0 0 0 0 0 0 0 0 
243 0 0 0 0 0 0 0 0 0 0 0 0 0 0 0 0 0 
244 0 0 0 0 0 0 0 0 0 0 0 0 0 0 0 0 0 
245 0 0 0 0 0 0 0 0 0 0 0 0 0 0 0 0 0 
246 0 0 0 0 0 0 0 0 0 0 0 0 0 0 0 0 0 
247 0 0 0 0 0 0 0 0 0 0 0 0 0 0 0 0 0 
248 0 0 0 0 0 0 0 0 0 0 0 0 0 0 0 0 0 
249 0 0 0 0 0 0 0 0 0 0 0 0 0 0 0 0 0 
250 0 0 0 0 0 0 0 0 0 0 0 0 0 0 0 0 0 
