999 0 0 0 0 0 0 0 0 0 0 0 0 0 0 0 0 0 
1000 0 1 0 0 0 7 1 0 0 0 0 0 0 0 0 0 0 
1001 0 0 0 0 0 0 0 0 0 0 0 0 0 0 0 0 0 
1002 1 0 0 0 0 0 0 0 0 0 0 0 0 0 0 0 0 
1003 0 0 0 0 0 0 0 0 0 0 0 0 0 0 0 0 0 
1004 0 0 0 0 0 0 0 0 0 0 0 0 0 0 0 0 0 
1005 0 0 0 0 0 0 0 0 0 0 0 0 0 0 0 0 0 
1006 1 0 0 0 0 2 0 0 2 0 0 0 0 0 0 0 0 
1007 0 1 0 0 0 4 2 0 0 0 0 0 0 0 0 0 0 
1008 0 1 0 0 0 6 2 0 0 0 0 0 0 0 0 0 0 
1009 0 1 0 0 0 6 1 0 0 0 0 0 0 0 0 0 0 
1010 0 1 0 0 0 4 2 0 0 0 0 0 0 0 0 0 0 
1011 0 0 0 0 0 3 0 0 0 0 0 0 0 0 0 0 0 
1012 0 1 0 0 0 8 1 0 0 0 0 1 1 0 0 0 0 
1013 1 1 0 0 0 6 0 0 2 0 0 0 0 0 0 0 0 
1014 0 0 0 0 0 4 0 0 0 0 0 0 0 0 0 0 0 
1015 1 1 0 0 0 12 1 0 2 0 0 0 0 0 0 0 0 
1016 0 0 0 0 0 2 0 0 0 0 0 0 0 0 0 0 0 
1017 0 1 0 0 0 1 1 0 0 0 0 0 0 0 0 0 0 
1018 0 0 0 0 0 0 0 0 0 0 0 0 0 0 0 0 0 
1019 0 0 0 0 0 0 0 0 0 0 0 0 0 0 0 0 0 
1020 0 0 0 0 0 0 0 0 0 0 0 0 0 0 0 0 0 
1021 0 0 0 0 0 0 0 0 0 0 0 0 0 0 0 0 0 
1022 0 0 0 0 0 0 0 0 0 0 0 0 0 0 0 0 0 
1023 0 0 0 0 0 0 0 0 0 0 0 0 0 0 0 0 0 
1024 0 0 0 0 0 0 0 0 0 0 0 0 0 0 0 0 0 
1025 0 0 0 0 0 0 0 0 0 0 0 0 0 0 0 0 0 
1026 0 0 0 0 0 0 0 0 0 0 0 0 0 0 0 0 0 
1027 0 0 0 0 0 0 0 0 0 0 0 0 0 0 0 0 0 
1028 1 0 0 0 0 0 0 0 0 0 0 0 0 0 0 0 0 
1029 0 0 0 0 0 0 0 0 0 0 0 0 0 0 0 0 0 
1030 0 0 0 0 0 0 0 0 0 0 0 0 0 0 0 0 0 
1031 0 0 0 0 0 0 0 0 0 0 0 0 0 0 0 0 0 
1032 0 0 0 0 0 0 0 0 0 0 0 0 0 0 0 0 0 
1033 0 0 0 0 0 3 0 0 0 0 0 0 0 0 0 0 0 
1034 0 0 0 0 0 0 0 0 0 0 0 0 0 0 0 0 0 
1035 0 0 0 0 0 2 0 0 0 0 0 0 0 0 0 0 0 
1036 0 0 0 0 0 6 0 0 0 0 0 0 0 0 0 0 0 
1037 0 0 0 0 0 4 0 0 0 0 0 0 0 0 0 0 0 
1038 1 0 0 3 0 8 4 0 8 4 0 0 0 0 0 0 0 
1039 5 0 6 0 0 2 0 0 2 0 0 0 0 0 0 0 0 
1040 0 1 0 0 0 3 3 0 0 0 0 0 0 0 0 0 0 
1041 0 0 0 0 0 0 0 0 0 0 0 0 0 0 0 0 0 
1042 0 0 0 0 0 0 0 0 0 0 0 0 0 0 0 0 0 
1043 1 0 0 2 0 4 0 0 0 0 0 0 0 0 0 0 0 
1044 0 0 0 0 0 0 0 0 0 0 0 0 0 0 0 0 0 
1045 0 1 0 0 0 2 1 0 0 0 0 0 0 0 0 0 0 
1046 0 1 0 0 0 2 1 0 0 0 0 0 0 0 0 0 0 
1047 0 0 0 0 0 3 0 0 0 0 0 0 0 0 0 0 0 
1048 0 0 0 0 0 0 0 0 0 0 0 0 0 0 0 0 0 
1049 1 0 0 0 0 1 0 0 0 0 0 0 0 0 0 0 0 
1050 0 0 0 0 0 0 0 0 0 0 0 0 0 0 0 0 0 
1051 0 1 0 0 0 1 1 0 0 0 0 0 0 0 0 0 0 
1052 0 0 0 0 0 0 0 0 0 0 0 0 0 0 0 0 0 
1053 0 0 0 0 0 0 0 0 0 0 0 0 0 0 0 0 0 
1054 0 0 0 0 0 0 0 0 0 0 0 0 0 0 0 0 0 
1055 0 0 0 0 0 0 0 0 0 0 0 0 0 0 0 0 0 
1056 0 0 0 0 0 0 0 0 0 0 0 0 0 0 0 0 0 
1057 0 0 0 0 0 0 0 0 0 0 0 0 0 0 0 0 0 
1058 0 0 0 0 0 0 0 0 0 0 0 0 0 0 0 0 0 
1059 0 1 0 0 0 18 5 0 0 0 0 0 0 0 0 0 0 
1060 0 0 0 0 0 0 0 0 0 0 0 0 0 0 0 0 0 
1061 0 0 0 0 0 0 0 0 0 0 0 0 0 0 0 0 0 
1062 0 1 0 0 0 2 2 0 0 0 0 0 0 0 0 0 0 
1063 0 0 0 0 0 0 0 0 0 0 0 0 0 0 0 0 0 
1064 0 0 0 0 0 0 0 0 0 0 0 0 0 0 0 0 0 
1065 0 0 0 0 0 3 0 0 0 0 0 0 0 0 0 0 0 
1066 0 0 0 0 0 0 0 0 0 0 0 0 0 0 0 0 0 
1067 0 0 0 0 0 0 0 0 0 0 0 0 0 0 0 0 0 
1068 0 1 0 0 0 2 1 0 0 0 0 0 0 0 0 0 0 
1069 0 0 0 0 0 9 0 0 0 0 0 0 0 0 0 0 0 
1070 1 1 0 1 0 5 2 0 1 1 0 0 0 0 0 0 0 
1071 1 0 0 1 0 1 1 0 1 1 0 0 0 0 0 0 0 
1072 1 0 0 0 0 1 0 0 1 0 0 0 0 0 0 0 0 
1073 0 0 0 0 0 1 0 0 0 0 0 0 0 0 0 0 0 
1074 0 0 0 0 0 0 0 0 0 0 0 0 0 0 0 0 0 
1075 0 0 0 0 0 1 0 0 0 0 0 0 0 0 0 0 0 
1076 0 0 0 0 0 0 0 0 0 0 0 0 0 0 0 0 0 
1077 0 0 0 0 0 1 0 0 0 0 0 0 0 0 0 0 0 
1078 0 0 0 0 0 0 0 0 0 0 0 0 0 0 0 0 0 
1079 6 0 6 0 3 0 0 0 0 0 0 0 0 0 0 0 0 
1080 0 1 0 0 0 1 1 0 0 0 0 1 1 0 0 0 0 
1081 0 0 0 0 0 0 0 0 0 0 0 0 0 0 0 0 0 
1082 1 0 0 0 0 0 0 0 0 0 0 0 0 0 0 0 0 
1083 0 0 0 0 0 0 0 0 0 0 0 0 0 0 0 0 0 
1084 0 0 0 0 0 0 0 0 0 0 0 0 0 0 0 0 0 
1085 0 0 0 0 0 0 0 0 0 0 0 0 0 0 0 0 0 
1086 0 0 0 0 0 0 0 0 0 0 0 0 0 0 0 0 0 
1087 0 0 0 0 0 0 0 0 0 0 0 0 0 0 0 0 0 
1088 0 0 0 0 0 0 0 0 0 0 0 0 0 0 0 0 0 
1089 0 0 0 0 0 0 0 0 0 0 0 0 0 0 0 0 0 
1090 0 0 0 0 0 0 0 0 0 0 0 0 0 0 0 0 0 
1091 1 0 0 1 0 4 0 0 4 0 0 1 0 0 1 0 0 
1092 2 1 1 2 0 14 2 0 10 0 0 5 1 0 3 0 0 
1093 2 1 1 2 0 14 2 0 10 0 0 5 1 0 3 0 0 
1094 2 1 1 2 0 14 2 0 10 0 0 5 1 0 3 0 0 
1095 2 1 1 2 0 14 2 0 10 0 0 5 1 0 3 0 0 
1096 2 1 1 2 0 14 2 0 10 0 0 5 1 0 3 0 0 
1097 2 1 1 2 0 14 2 0 10 0 0 5 1 0 3 0 0 
1098 2 1 1 2 0 14 2 0 10 0 0 5 1 0 3 0 0 
1099 2 1 1 2 0 14 2 0 10 0 0 5 1 0 3 0 0 
1100 2 1 1 2 0 14 2 0 10 0 0 5 1 0 3 0 0 
1101 2 1 1 2 0 14 2 0 10 0 0 4 1 0 2 0 0 
1102 2 1 1 1 0 12 2 0 8 0 0 5 1 0 3 0 0 
1103 2 1 1 2 0 10 1 0 8 0 0 3 0 0 3 0 0 
1104 2 1 1 2 0 14 2 0 10 0 0 4 1 0 2 0 0 
1105 1 2 0 1 0 14 2 0 6 0 0 5 1 0 2 0 0 
1106 1 0 0 1 0 4 0 0 4 0 0 1 0 0 1 0 0 
1107 2 1 1 2 0 14 2 0 10 0 0 5 1 0 3 0 0 
1108 2 1 1 2 0 14 2 0 10 0 0 5 1 0 3 0 0 
1109 2 1 1 2 0 14 2 0 10 0 0 5 1 0 3 0 0 
1110 2 1 1 2 0 9 2 0 5 0 0 3 1 0 1 0 0 
1111 2 1 1 1 0 4 1 0 2 0 0 3 1 0 1 0 0 
1112 2 1 1 1 0 1 0 0 1 0 0 1 0 0 1 0 0 
1113 2 1 1 0 0 0 0 0 0 0 0 0 0 0 0 0 0 
1114 0 1 0 0 0 0 0 0 0 0 0 0 0 0 0 0 0 
1115 0 0 0 0 0 0 0 0 0 0 0 0 0 0 0 0 0 
1116 0 0 0 0 0 0 0 0 0 0 0 0 0 0 0 0 0 
1117 0 0 0 0 0 0 0 0 0 0 0 0 0 0 0 0 0 
