1 6 2.64
2 1 0.01
3 1 0.01
4 1 0.01
5 1 0.01
6 1 0.01
7 1 0.01
8 1 0.01
9 1 1.85
10 2 10.80
11 23 12.93
12 25 5.19
13 7 4.44
14 25 5.26
15 25 3.17
16 1 0.01
17 1 0.01
18 1 0.01
19 1 1.83
20 1 1.84
21 1 1.83
22 1 1.84
23 7 3.00
24 1 0.01
25 25 6.28
26 25 1.24
27 1 0.01
28 1 0.01
29 1 0.01
30 1 0.01
31 1 0.01
32 1 0.01
33 1 3.99
34 1 0.01
35 1 0.01
36 1 0.01
37 25 8.01
38 6 4.86
39 1 1.84
40 1 1.83
41 1 0.01
42 1 0.01
43 1 0.01
44 16 61.95
45 15 48.50
46 25 8.25
47 25 2.69
48 1 1.84
49 1 1.84
50 1 0.01
51 25 3.65
52 1 0.01
53 1 0.01
54 1 0.01
55 1 0.01
56 1 0.01
57 1 0.01
58 1 0.01
59 25 4.67
60 1 0.01
61 1 0.01
62 1 0.01
63 1 0.01
64 1 0.01
65 1 0.01
66 1 0.01
67 1 0.01
68 25 11.56
69 25 3.17
70 1 0.01
71 1 0.01
72 1 0.01
73 1 0.01
74 25 3.67
75 7 4.34
76 1 0.01
77 6 5.46
78 25 1.24
79 1 0.01
80 25 1.24
81 1 0.01
82 1 0.01
83 1 0.01
84 1 0.01
85 1 0.01
86 1 0.01
87 1 0.01
88 1 1.83
89 1 0.01
90 1 0.01
91 1 0.01
92 1 0.01
93 1 0.01
94 1 0.01
95 1 0.01
96 1 0.01
97 1 0.01
98 1 0.01
99 1 1.84
100 1 0.01
101 1 1.83
102 1 0.01
103 1 0.01
104 2 28.75
105 25 2.22
106 1 1.85
107 7 3.18
108 1 0.01
109 1 0.01
110 1 0.01
111 1 0.01
112 1 0.01
113 1 0.01
114 1 0.01
115 25 1.24
116 1 0.01
117 1 0.01
118 1 0.01
119 1 0.01
120 1 0.01
121 1 0.01
122 1 0.01
123 1 0.01
124 1 0.01
125 1 0.01
126 1 0.01
127 1 0.01
128 1 0.01
129 1 0.01
130 1 0.01
131 25 1.24
132 1 0.01
133 1 0.01
134 17 16.62
135 25 4.81
136 25 2.63
137 1 3.68
138 1 0.01
139 1 0.01
140 1 0.01
141 1 0.01
142 25 8.85
143 1 0.01
144 1 0.01
145 1 0.01
146 1 0.01
147 1 1.84
148 1 0.01
149 1 0.01
150 7 5.46
151 7 4.34
152 1 1.86
153 1 0.01
154 1 0.01
155 1 1.87
156 1 0.01
157 15 5.41
158 1 0.01
159 1 0.01
160 1 1.86
161 1 0.01
162 1 0.01
163 1 0.01
164 1 0.01
165 1 0.01
166 1 1.84
167 25 1.52
168 25 3.58
169 1 1.83
170 25 6.25
171 25 13.06
172 1 0.01
173 1 1.85
174 1 0.01
175 1 0.01
176 1 0.01
177 1 0.01
178 1 0.01
179 1 0.01
180 1 0.01
181 1 0.01
182 1 0.01
183 7 5.14
184 1 0.01
185 17 11.33
186 17 17.70
187 6 6.36
188 25 4.56
189 7 5.05
190 1 0.01
191 1 0.01
192 25 4.58
193 1 1.84
194 1 0.01
195 1 0.01
196 25 1.24
197 1 0.01
198 1 0.01
199 1 0.01
200 1 0.01
201 1 0.01
202 1 0.01
203 1 0.01
204 1 0.01
205 1 0.01
206 1 0.01
207 1 0.01
208 1 0.01
209 1 0.01
210 1 0.01
211 25 2.69
212 1 1.84
213 1 0.01
214 1 0.01
215 1 1.86
216 1 0.01
217 1 0.01
218 1 0.01
219 1 0.01
220 1 0.01
221 1 0.01
