263 1 0.01
264 1 1.76
265 1 0.01
266 1 0.01
267 14 17.17
268 10 14.06
269 2 9.26
270 2 15.59
271 10 17.02
272 14 3.59
273 14 4.24
274 1 0.01
275 14 2.94
276 1 0.01
277 1 0.01
278 1 0.01
279 14 4.25
280 1 0.01
281 1 0.01
282 1 0.01
283 1 1.79
284 1 0.01
285 1 0.01
286 21 36.00
287 10 13.76
288 1 0.01
289 12 34.15
290 25 14.95
291 1 0.01
292 1 0.01
293 14 1.14
294 1 0.01
295 9 2.94
296 1 1.80
297 1 0.01
298 1 0.01
299 1 0.01
300 1 0.01
301 1 0.01
302 9 2.40
303 1 1.76
304 1 0.01
305 1 0.01
306 25 25.02
307 1 0.01
308 1 5.98
309 14 2.84
310 1 0.01
311 1 0.01
312 1 0.01
313 14 0.99
314 1 0.01
315 9 5.39
316 1 1.80
317 1 0.01
318 1 1.76
319 1 0.01
320 1 0.01
321 10 12.90
322 9 5.71
323 14 2.11
324 9 6.44
325 9 5.37
326 1 0.01
327 1 0.01
328 1 0.01
329 1 0.01
330 1 0.01
331 1 0.01
332 1 0.01
333 9 10.79
334 2 23.49
335 9 2.40
336 9 5.76
337 1 0.01
338 1 0.01
339 1 0.01
340 3 36.95
341 1 0.01
342 1 0.01
343 2 11.00
344 17 13.07
345 14 13.01
346 1 0.01
347 10 8.12
348 9 6.65
349 14 1.29
350 1 0.01
351 1 0.01
352 9 3.57
353 1 0.01
354 1 0.01
355 1 0.01
356 1 0.01
357 1 0.01
358 1 0.01
359 1 0.01
360 9 2.77
361 1 1.78
362 1 0.01
363 1 0.01
