1 1 0 1 0 11 2 0 6 0 0 4 1 0 2 0 0 
0 0 0 0 0 0 0 0 0 0 0 0 0 0 0 0 0 
2 1 1 2 0 14 2 0 10 0 0 5 1 0 3 0 0 
2 1 1 2 0 19 2 0 15 0 0 5 1 0 3 0 0 
2 1 1 2 0 18 3 0 12 0 0 5 1 0 3 0 0 
2 1 1 2 0 14 2 0 10 0 0 5 1 0 3 0 0 
2 1 1 2 0 18 2 0 12 0 0 4 1 0 2 0 0 
2 1 1 1 0 41 2 0 13 0 0 4 1 0 1 0 0 
2 1 1 1 0 17 2 0 13 0 0 2 0 0 2 0 0 
2 1 1 2 0 14 2 0 10 0 0 2 0 0 1 0 0 
1 1 0 0 0 18 2 0 6 0 0 3 1 0 1 0 0 
1 0 0 1 0 10 1 0 1 1 0 0 0 0 0 0 0 
2 1 1 2 0 6 1 0 4 0 0 2 0 0 1 0 0 
1 1 0 1 0 8 1 0 2 0 0 2 1 0 0 0 0 
0 0 0 0 0 6 0 0 0 0 0 0 0 0 0 0 0 
1 0 0 1 0 2 2 0 2 2 0 0 0 0 0 0 0 
1 0 0 0 0 2 0 0 2 0 0 0 0 0 0 0 0 
0 0 0 0 0 6 0 0 0 0 0 0 0 0 0 0 0 
0 0 0 0 0 1 0 0 0 0 0 0 0 0 0 0 0 
0 0 0 0 0 0 0 0 0 0 0 0 0 0 0 0 0 
1 1 0 1 0 11 5 0 4 4 0 0 0 0 0 0 0 
1 0 0 0 0 4 0 0 4 0 0 1 0 0 1 0 0 
0 2 0 0 0 0 0 0 0 0 0 0 0 0 0 0 0 
2 1 1 0 0 20 0 0 8 0 0 1 0 0 0 0 0 
0 1 0 0 0 4 4 0 0 0 0 0 0 0 0 0 0 
0 0 0 0 0 0 0 0 0 0 0 0 0 0 0 0 0 
0 0 0 0 0 0 0 0 0 0 0 0 0 0 0 0 0 
0 1 0 0 0 8 1 0 0 0 0 0 0 0 0 0 0 
0 0 0 0 0 0 0 0 0 0 0 0 0 0 0 0 0 
0 0 0 0 0 2 0 0 0 0 0 0 0 0 0 0 0 
0 0 0 0 0 0 0 0 0 0 0 0 0 0 0 0 0 
2 1 1 2 0 24 2 0 20 0 0 5 1 0 3 0 0 
2 1 1 2 0 22 4 0 14 0 0 4 1 0 2 0 0 
2 1 1 1 0 12 2 0 8 0 0 5 1 0 3 0 0 
2 1 1 2 0 16 1 0 12 0 0 3 0 0 3 0 0 
3 1 1 2 0 22 2 0 10 0 0 4 1 0 2 0 0 
1 2 0 1 0 24 2 0 12 0 0 5 1 0 2 0 0 
1 0 0 1 0 6 0 0 6 0 0 1 0 0 1 0 0 
2 1 1 2 0 18 3 0 12 0 0 5 1 0 3 0 0 
2 1 1 2 0 22 2 0 14 0 0 5 1 0 3 0 0 
3 1 1 3 0 67 2 0 16 0 0 6 1 0 4 0 0 
2 1 1 2 0 38 2 0 10 0 0 5 1 0 3 0 0 
2 1 1 2 0 19 2 0 15 0 0 5 1 0 3 0 0 
2 1 1 2 0 12 3 0 6 0 0 3 1 0 1 0 0 
2 1 1 1 0 4 1 0 2 0 0 3 1 0 1 0 0 
2 1 1 1 0 5 0 0 5 0 0 1 0 0 1 0 0 
3 1 3 0 0 4 1 0 0 0 0 0 0 0 0 0 0 
0 1 0 0 0 1 1 0 0 0 0 0 0 0 0 0 0 
0 0 0 0 0 0 0 0 0 0 0 0 0 0 0 0 0 
0 0 0 0 0 3 0 0 0 0 0 0 0 0 0 0 0 
0 0 0 0 0 0 0 0 0 0 0 0 0 0 0 0 0 
0 0 0 0 0 0 0 0 0 0 0 0 0 0 0 0 0 
3 1 2 2 0 32 2 0 17 0 0 5 1 0 3 0 0 
2 1 1 3 0 81 2 0 19 0 0 5 1 0 3 0 0 
6 1 4 4 3 93 4 0 33 2 0 10 2 0 8 1 0 
2 1 1 2 0 22 2 0 10 0 0 5 1 0 3 0 0 
2 1 1 2 0 18 2 0 12 0 0 5 1 0 3 0 0 
2 1 1 2 0 38 2 0 10 0 0 4 1 0 2 0 0 
2 1 1 1 0 17 2 0 13 0 0 5 1 0 3 0 0 
2 1 1 2 0 14 2 0 10 0 0 2 0 0 2 0 0 
2 1 1 1 0 12 2 0 8 0 0 4 1 0 2 0 0 
1 2 0 1 0 18 1 0 6 0 0 3 0 0 2 0 0 
1 0 0 1 0 14 0 0 4 0 0 0 0 0 0 0 0 
1 2 0 0 0 7 2 0 3 0 0 3 1 0 1 0 0 
1 0 0 1 0 0 0 0 0 0 0 0 0 0 0 0 0 
2 1 1 1 0 5 0 0 1 0 0 0 0 0 0 0 0 
1 1 0 0 0 2 0 0 1 0 0 0 0 0 0 0 0 
0 0 0 0 0 0 0 0 0 0 0 0 0 0 0 0 0 
0 0 0 0 0 0 0 0 0 0 0 0 0 0 0 0 0 
0 0 0 0 0 0 0 0 0 0 0 0 0 0 0 0 0 
0 0 0 0 0 0 0 0 0 0 0 0 0 0 0 0 0 
0 0 0 0 0 0 0 0 0 0 0 0 0 0 0 0 0 
0 0 0 0 0 0 0 0 0 0 0 0 0 0 0 0 0 
2 1 1 1 0 11 2 0 9 0 0 1 0 0 1 0 0 
0 1 0 0 0 6 3 0 0 0 0 1 1 0 0 0 0 
0 1 0 0 0 3 1 0 0 0 0 0 0 0 0 0 0 
2 1 1 1 0 16 3 0 10 0 0 5 1 0 3 0 0 
2 1 1 2 0 10 1 0 8 0 0 3 0 0 3 0 0 
2 1 1 2 0 18 2 0 12 0 0 4 1 0 2 0 0 
1 2 0 1 0 22 2 0 6 0 0 4 1 0 2 0 0 
1 0 0 1 0 2 0 0 2 0 0 0 0 0 0 0 0 
2 1 1 1 0 8 1 0 6 0 0 3 0 0 3 0 0 
2 1 1 2 0 10 1 0 8 0 0 2 0 0 2 0 0 
1 2 0 1 0 14 2 0 6 0 0 4 1 0 1 0 0 
0 1 0 0 0 4 0 0 0 0 0 1 0 0 0 0 0 
1 0 0 1 0 4 0 0 4 0 0 0 0 0 0 0 0 
2 1 1 1 0 12 2 0 8 0 0 3 1 0 1 0 0 
2 1 1 1 0 4 1 0 2 0 0 1 0 0 1 0 0 
2 1 1 1 0 1 0 0 1 0 0 0 0 0 0 0 0 
1 1 0 0 0 3 0 0 1 0 0 0 0 0 0 0 0 
0 0 0 0 0 3 0 0 0 0 0 0 0 0 0 0 0 
0 0 0 0 0 0 0 0 0 0 0 0 0 0 0 0 0 
0 0 0 0 0 0 0 0 0 0 0 0 0 0 0 0 0 
0 0 0 0 0 0 0 0 0 0 0 0 0 0 0 0 0 
0 0 0 0 0 0 0 0 0 0 0 0 0 0 0 0 0 
0 0 0 0 0 0 0 0 0 0 0 0 0 0 0 0 0 
0 0 0 0 0 0 0 0 0 0 0 0 0 0 0 0 0 
0 0 0 0 0 0 0 0 0 0 0 0 0 0 0 0 0 
2 1 1 1 0 7 2 0 3 0 0 3 1 0 1 0 0 
2 1 1 1 0 7 0 0 7 0 0 1 0 0 1 0 0 
2 1 1 1 0 12 2 0 8 0 0 2 0 0 1 0 0 
1 1 0 0 0 4 1 0 2 0 0 2 0 0 1 0 0 
0 0 0 0 0 0 0 0 0 0 0 0 0 0 0 0 0 
0 5 0 0 0 6 3 0 0 0 0 0 0 0 0 0 0 
0 1 0 0 0 1 1 0 0 0 0 0 0 0 0 0 0 
0 0 0 0 0 0 0 0 0 0 0 0 0 0 0 0 0 
1 1 0 0 0 2 0 0 1 0 0 0 0 0 0 0 0 
0 0 0 0 0 0 0 0 0 0 0 0 0 0 0 0 0 
0 0 0 0 0 0 0 0 0 0 0 0 0 0 0 0 0 
0 0 0 0 0 0 0 0 0 0 0 0 0 0 0 0 0 
0 0 0 0 0 0 0 0 0 0 0 0 0 0 0 0 0 
4 1 4 4 0 15 0 0 9 0 0 7 0 0 4 0 0 
2 1 1 2 0 14 2 0 10 0 0 5 1 0 3 0 0 
2 1 1 2 0 14 2 0 10 0 0 5 1 0 3 0 0 
2 1 1 2 0 14 2 0 10 0 0 5 1 0 3 0 0 
2 1 1 2 0 14 2 0 10 0 0 5 1 0 3 0 0 
2 1 1 2 0 14 2 0 10 0 0 5 1 0 3 0 0 
2 1 1 2 0 14 2 0 10 0 0 5 1 0 3 0 0 
2 1 1 2 0 14 2 0 10 0 0 4 1 0 2 0 0 
2 1 1 1 0 17 2 0 13 0 0 6 1 0 4 0 0 
2 1 1 2 0 9 2 0 5 0 0 3 0 0 2 0 0 
2 1 1 2 0 6 1 0 4 0 0 4 1 0 2 0 0 
1 3 0 1 0 5 0 0 2 0 0 3 0 0 1 0 0 
2 0 1 2 0 5 1 0 3 1 0 1 0 0 1 0 0 
1 0 0 1 0 2 2 0 2 2 0 1 1 0 1 1 0 
1 0 0 1 0 1 0 0 1 0 0 0 0 0 0 0 0 
1 0 0 1 0 1 1 0 1 1 0 1 1 0 1 1 0 
1 0 0 1 0 0 0 0 0 0 0 0 0 0 0 0 0 
1 0 0 0 0 0 0 0 0 0 0 0 0 0 0 0 0 
0 0 0 0 0 0 0 0 0 0 0 0 0 0 0 0 0 
1 0 0 0 0 0 0 0 0 0 0 0 0 0 0 0 0 
0 0 0 0 0 0 0 0 0 0 0 0 0 0 0 0 0 
0 1 0 0 0 2 2 0 0 0 0 1 1 0 0 0 0 
0 0 0 0 0 0 0 0 0 0 0 0 0 0 0 0 0 
4 1 4 3 0 12 0 0 7 0 0 6 0 0 4 0 0 
2 1 1 2 0 14 2 0 10 0 0 3 1 0 1 0 0 
1 2 0 0 0 7 2 0 3 0 0 3 1 0 1 0 0 
1 0 0 1 0 4 0 0 4 0 0 1 0 0 1 0 0 
2 1 1 2 0 14 2 0 10 0 0 3 0 0 1 0 0 
1 1 0 1 0 11 2 0 6 0 0 5 1 0 2 0 0 
0 0 0 0 0 0 0 0 0 0 0 0 0 0 0 0 0 
2 1 1 2 0 6 4 0 6 4 0 2 2 0 2 2 0 
1 0 0 2 0 17 1 0 2 1 0 0 0 0 0 0 0 
2 0 1 0 0 3 0 0 3 0 0 0 0 0 0 0 0 
0 0 0 0 0 0 0 0 0 0 0 0 0 0 0 0 0 
0 0 0 0 0 6 0 0 0 0 0 0 0 0 0 0 0 
1 0 0 2 0 17 6 0 9 6 0 2 2 0 2 2 0 
0 0 0 0 0 0 0 0 0 0 0 0 0 0 0 0 0 
0 0 0 0 0 0 0 0 0 0 0 0 0 0 0 0 0 
0 0 0 0 0 0 0 0 0 0 0 0 0 0 0 0 0 
4 0 4 3 0 13 0 0 8 0 0 6 0 0 4 0 0 
1 2 0 1 0 19 2 0 9 0 0 5 1 0 2 0 0 
1 0 0 1 0 4 0 0 4 0 0 0 0 0 0 0 0 
2 1 1 1 0 12 2 0 8 0 0 5 1 0 3 0 0 
2 1 1 2 0 13 1 0 10 0 0 3 0 0 3 0 0 
2 1 1 2 0 22 2 0 10 0 0 4 1 0 2 0 0 
1 2 0 1 0 14 2 0 6 0 0 5 1 0 2 0 0 
1 0 0 1 0 4 0 0 4 0 0 1 0 0 1 0 0 
2 1 1 2 0 14 2 0 10 0 0 3 1 0 1 0 0 
2 1 1 1 0 12 2 0 8 0 0 4 1 0 2 0 0 
2 1 1 1 0 8 1 0 6 0 0 3 0 0 2 0 0 
2 1 1 0 0 6 1 0 4 0 0 2 0 0 2 0 0 
0 2 0 0 0 8 0 0 0 0 0 0 0 0 0 0 0 
0 2 0 0 0 0 0 0 0 0 0 0 0 0 0 0 0 
0 1 0 0 0 2 2 0 0 0 0 0 0 0 0 0 0 
0 0 0 0 0 0 0 0 0 0 0 0 0 0 0 0 0 
0 0 0 0 0 0 0 0 0 0 0 0 0 0 0 0 0 
0 1 0 0 0 8 0 0 0 0 0 1 0 0 0 0 0 
0 0 0 0 0 1 0 0 0 0 0 1 0 0 0 0 0 
0 0 0 0 0 0 0 0 0 0 0 0 0 0 0 0 0 
1 0 0 2 0 0 0 0 0 0 0 0 0 0 0 0 0 
4 0 3 4 0 33 10 0 18 10 0 4 3 0 3 3 0 
0 0 0 0 0 0 0 0 0 0 0 0 0 0 0 0 0 
0 0 0 0 0 0 0 0 0 0 0 0 0 0 0 0 0 
3 0 0 2 3 32 3 0 11 3 0 3 1 0 3 1 0 
1 2 0 1 0 14 2 0 6 0 0 3 1 0 1 0 0 
0 1 0 0 0 3 0 0 0 0 0 1 0 0 0 0 0 
1 0 0 1 0 9 0 0 4 0 0 0 0 0 0 0 0 
2 1 1 1 0 12 2 0 8 0 0 3 1 0 1 0 0 
1 2 0 0 0 8 1 0 4 0 0 3 0 0 2 0 0 
1 0 0 1 0 4 0 0 4 0 0 0 0 0 0 0 0 
1 2 0 0 0 22 2 0 12 0 0 3 1 0 1 0 0 
0 1 0 0 0 2 0 0 0 0 0 1 0 0 0 0 0 
1 0 0 1 0 4 0 0 4 0 0 1 0 0 1 0 0 
1 2 0 1 0 36 2 0 12 0 0 4 1 0 1 0 0 
1 1 0 0 0 14 0 0 0 0 0 0 0 0 0 0 0 
1 0 0 1 0 0 0 0 0 0 0 0 0 0 0 0 0 
2 1 1 1 0 1 0 0 1 0 0 0 0 0 0 0 0 
5 1 4 0 3 3 0 0 0 0 0 0 0 0 0 0 0 
0 0 0 0 0 1 0 0 0 0 0 0 0 0 0 0 0 
0 0 0 0 0 0 0 0 0 0 0 0 0 0 0 0 0 
0 0 0 0 0 0 0 0 0 0 0 0 0 0 0 0 0 
1 0 0 0 0 0 0 0 0 0 0 0 0 0 0 0 0 
0 0 0 0 0 0 0 0 0 0 0 0 0 0 0 0 0 
0 0 0 0 0 0 0 0 0 0 0 0 0 0 0 0 0 
0 0 0 0 0 0 0 0 0 0 0 0 0 0 0 0 0 
0 0 0 0 0 3 0 0 0 0 0 0 0 0 0 0 0 
2 1 1 1 0 8 1 0 6 0 0 1 0 0 1 0 0 
1 2 0 0 0 4 1 0 2 0 0 0 0 0 0 0 0 
0 1 0 0 0 0 0 0 0 0 0 0 0 0 0 0 0 
0 1 0 0 0 2 0 0 0 0 0 1 0 0 0 0 0 
0 0 0 0 0 1 0 0 0 0 0 0 0 0 0 0 0 
0 0 0 0 0 0 0 0 0 0 0 0 0 0 0 0 0 
0 0 0 0 0 0 0 0 0 0 0 0 0 0 0 0 0 
1 0 0 0 0 0 0 0 0 0 0 0 0 0 0 0 0 
0 0 0 0 0 0 0 0 0 0 0 0 0 0 0 0 0 
0 0 0 0 0 0 0 0 0 0 0 0 0 0 0 0 0 
4 1 4 2 0 4 0 0 2 0 0 2 0 0 1 0 0 
2 1 1 1 0 11 2 0 9 0 0 1 0 0 1 0 0 
0 1 0 0 0 3 3 0 0 0 0 1 1 0 0 0 0 
0 0 0 0 0 0 0 0 0 0 0 0 0 0 0 0 0 
2 1 1 2 0 14 2 0 10 0 0 4 1 0 2 0 0 
2 1 1 1 0 12 2 0 8 0 0 5 1 0 3 0 0 
2 1 1 2 0 10 1 0 8 0 0 3 0 0 3 0 0 
2 1 1 2 0 14 2 0 10 0 0 4 1 0 2 0 0 
1 2 0 1 0 19 2 0 9 0 0 5 1 0 2 0 0 
1 0 0 1 0 4 0 0 4 0 0 1 0 0 1 0 0 
2 1 1 2 0 14 2 0 10 0 0 5 1 0 3 0 0 
2 1 1 2 0 12 2 0 6 0 0 3 1 0 1 0 0 
2 1 1 1 0 9 1 0 2 0 0 3 1 0 1 0 0 
2 1 1 1 0 7 0 0 7 0 0 2 0 0 2 0 0 
2 1 1 1 0 11 2 0 9 0 0 1 0 0 1 0 0 
0 1 0 0 0 3 3 0 0 0 0 1 1 0 0 0 0 
0 0 0 0 0 0 0 0 0 0 0 0 0 0 0 0 0 
2 1 1 1 0 7 0 0 7 0 0 0 0 0 0 0 0 
1 1 0 1 0 15 5 0 9 3 0 0 0 0 0 0 0 
0 0 0 0 0 0 0 0 0 0 0 0 0 0 0 0 0 
0 0 0 0 0 0 0 0 0 0 0 0 0 0 0 0 0 
2 0 1 0 0 0 0 0 0 0 0 0 0 0 0 0 0 
0 0 0 0 0 0 0 0 0 0 0 0 0 0 0 0 0 
0 0 0 0 0 0 0 0 0 0 0 0 0 0 0 0 0 
2 1 1 2 0 12 3 0 6 0 0 5 1 0 2 0 0 
2 1 1 2 0 10 1 0 8 0 0 6 1 0 4 0 0 
2 2 1 3 0 6 1 0 3 0 0 1 0 0 0 0 0 
3 1 2 2 0 6 2 0 3 2 0 2 2 0 2 2 0 
1 0 0 2 0 0 0 0 0 0 0 0 0 0 0 0 0 
2 0 1 0 0 4 0 0 0 0 0 0 0 0 0 0 0 
0 0 0 0 0 1 0 0 0 0 0 0 0 0 0 0 0 
0 0 0 0 0 0 0 0 0 0 0 0 0 0 0 0 0 
2 5 1 2 0 8 5 0 1 0 0 1 0 0 0 0 0 
1 0 0 1 0 1 1 0 1 1 0 0 0 0 0 0 0 
1 0 0 0 0 1 0 0 1 0 0 0 0 0 0 0 0 
0 1 0 0 0 3 3 0 0 0 0 1 1 0 0 0 0 
0 0 0 0 0 0 0 0 0 0 0 0 0 0 0 0 0 
1 0 0 2 0 0 0 0 0 0 0 0 0 0 0 0 0 
2 0 1 0 0 0 0 0 0 0 0 0 0 0 0 0 0 
0 0 0 0 0 0 0 0 0 0 0 0 0 0 0 0 0 
0 0 0 0 0 0 0 0 0 0 0 0 0 0 0 0 0 
0 0 0 0 0 0 0 0 0 0 0 0 0 0 0 0 0 
0 0 0 0 0 0 0 0 0 0 0 0 0 0 0 0 0 
0 0 0 0 0 0 0 0 0 0 0 0 0 0 0 0 0 
0 0 0 0 0 0 0 0 0 0 0 0 0 0 0 0 0 
0 0 0 0 0 0 0 0 0 0 0 0 0 0 0 0 0 
0 0 0 0 0 0 0 0 0 0 0 0 0 0 0 0 0 
0 0 0 0 0 0 0 0 0 0 0 0 0 0 0 0 0 
0 0 0 0 0 0 0 0 0 0 0 0 0 0 0 0 0 
