1 1 1 0 1 0 11 2 0 6 0 0 4 1 0 2 0 0 
2 0 0 0 0 0 0 0 0 0 0 0 0 0 0 0 0 0 
3 2 1 1 2 0 14 2 0 10 0 0 5 1 0 3 0 0 
4 2 1 1 2 0 19 2 0 15 0 0 5 1 0 3 0 0 
5 2 1 1 2 0 18 3 0 12 0 0 5 1 0 3 0 0 
6 2 1 1 2 0 14 2 0 10 0 0 5 1 0 3 0 0 
7 2 1 1 2 0 18 2 0 12 0 0 4 1 0 2 0 0 
8 2 1 1 1 0 41 2 0 13 0 0 4 1 0 1 0 0 
9 2 1 1 1 0 17 2 0 13 0 0 2 0 0 2 0 0 
10 2 1 1 2 0 14 2 0 10 0 0 2 0 0 1 0 0 
11 1 1 0 0 0 18 2 0 6 0 0 3 1 0 1 0 0 
12 1 0 0 1 0 10 1 0 1 1 0 0 0 0 0 0 0 
13 2 1 1 2 0 6 1 0 4 0 0 2 0 0 1 0 0 
14 1 1 0 1 0 8 1 0 2 0 0 2 1 0 0 0 0 
15 0 0 0 0 0 6 0 0 0 0 0 0 0 0 0 0 0 
16 1 0 0 1 0 2 2 0 2 2 0 0 0 0 0 0 0 
17 1 0 0 0 0 2 0 0 2 0 0 0 0 0 0 0 0 
18 0 0 0 0 0 6 0 0 0 0 0 0 0 0 0 0 0 
19 0 0 0 0 0 1 0 0 0 0 0 0 0 0 0 0 0 
20 0 0 0 0 0 0 0 0 0 0 0 0 0 0 0 0 0 
21 1 1 0 1 0 11 5 0 4 4 0 0 0 0 0 0 0 
22 1 0 0 0 0 4 0 0 4 0 0 1 0 0 1 0 0 
23 0 2 0 0 0 0 0 0 0 0 0 0 0 0 0 0 0 
24 2 1 1 0 0 20 0 0 8 0 0 1 0 0 0 0 0 
25 0 1 0 0 0 4 4 0 0 0 0 0 0 0 0 0 0 
26 0 0 0 0 0 0 0 0 0 0 0 0 0 0 0 0 0 
27 0 0 0 0 0 0 0 0 0 0 0 0 0 0 0 0 0 
28 0 1 0 0 0 8 1 0 0 0 0 0 0 0 0 0 0 
29 0 0 0 0 0 0 0 0 0 0 0 0 0 0 0 0 0 
30 0 0 0 0 0 2 0 0 0 0 0 0 0 0 0 0 0 
31 0 0 0 0 0 0 0 0 0 0 0 0 0 0 0 0 0 
32 2 1 1 2 0 24 2 0 20 0 0 5 1 0 3 0 0 
33 2 1 1 2 0 22 4 0 14 0 0 4 1 0 2 0 0 
34 2 1 1 1 0 12 2 0 8 0 0 5 1 0 3 0 0 
35 2 1 1 2 0 16 1 0 12 0 0 3 0 0 3 0 0 
36 3 1 1 2 0 22 2 0 10 0 0 4 1 0 2 0 0 
37 1 2 0 1 0 24 2 0 12 0 0 5 1 0 2 0 0 
38 1 0 0 1 0 6 0 0 6 0 0 1 0 0 1 0 0 
39 2 1 1 2 0 18 3 0 12 0 0 5 1 0 3 0 0 
40 2 1 1 2 0 22 2 0 14 0 0 5 1 0 3 0 0 
41 3 1 1 3 0 67 2 0 16 0 0 6 1 0 4 0 0 
42 2 1 1 2 0 38 2 0 10 0 0 5 1 0 3 0 0 
43 2 1 1 2 0 19 2 0 15 0 0 5 1 0 3 0 0 
44 2 1 1 2 0 12 3 0 6 0 0 3 1 0 1 0 0 
45 2 1 1 1 0 4 1 0 2 0 0 3 1 0 1 0 0 
46 2 1 1 1 0 5 0 0 5 0 0 1 0 0 1 0 0 
47 3 1 3 0 0 4 1 0 0 0 0 0 0 0 0 0 0 
48 0 1 0 0 0 1 1 0 0 0 0 0 0 0 0 0 0 
49 0 0 0 0 0 0 0 0 0 0 0 0 0 0 0 0 0 
50 0 0 0 0 0 3 0 0 0 0 0 0 0 0 0 0 0 
51 0 0 0 0 0 0 0 0 0 0 0 0 0 0 0 0 0 
52 0 0 0 0 0 0 0 0 0 0 0 0 0 0 0 0 0 
53 3 1 2 2 0 32 2 0 17 0 0 5 1 0 3 0 0 
54 2 1 1 3 0 81 2 0 19 0 0 5 1 0 3 0 0 
55 6 1 4 4 3 93 4 0 33 2 0 10 2 0 8 1 0 
56 2 1 1 2 0 22 2 0 10 0 0 5 1 0 3 0 0 
57 2 1 1 2 0 18 2 0 12 0 0 5 1 0 3 0 0 
58 2 1 1 2 0 38 2 0 10 0 0 4 1 0 2 0 0 
59 2 1 1 1 0 17 2 0 13 0 0 5 1 0 3 0 0 
60 2 1 1 2 0 14 2 0 10 0 0 2 0 0 2 0 0 
61 2 1 1 1 0 12 2 0 8 0 0 4 1 0 2 0 0 
62 1 2 0 1 0 18 1 0 6 0 0 3 0 0 2 0 0 
63 1 0 0 1 0 14 0 0 4 0 0 0 0 0 0 0 0 
64 1 2 0 0 0 7 2 0 3 0 0 3 1 0 1 0 0 
65 1 0 0 1 0 0 0 0 0 0 0 0 0 0 0 0 0 
66 2 1 1 1 0 5 0 0 1 0 0 0 0 0 0 0 0 
67 1 1 0 0 0 2 0 0 1 0 0 0 0 0 0 0 0 
68 0 0 0 0 0 0 0 0 0 0 0 0 0 0 0 0 0 
69 0 0 0 0 0 0 0 0 0 0 0 0 0 0 0 0 0 
70 0 0 0 0 0 0 0 0 0 0 0 0 0 0 0 0 0 
71 0 0 0 0 0 0 0 0 0 0 0 0 0 0 0 0 0 
72 0 0 0 0 0 0 0 0 0 0 0 0 0 0 0 0 0 
73 0 0 0 0 0 0 0 0 0 0 0 0 0 0 0 0 0 
74 2 1 1 1 0 11 2 0 9 0 0 1 0 0 1 0 0 
75 0 1 0 0 0 6 3 0 0 0 0 1 1 0 0 0 0 
76 0 1 0 0 0 3 1 0 0 0 0 0 0 0 0 0 0 
77 2 1 1 1 0 16 3 0 10 0 0 5 1 0 3 0 0 
78 2 1 1 2 0 10 1 0 8 0 0 3 0 0 3 0 0 
79 2 1 1 2 0 18 2 0 12 0 0 4 1 0 2 0 0 
80 1 2 0 1 0 22 2 0 6 0 0 4 1 0 2 0 0 
81 1 0 0 1 0 2 0 0 2 0 0 0 0 0 0 0 0 
82 2 1 1 1 0 8 1 0 6 0 0 3 0 0 3 0 0 
83 2 1 1 2 0 10 1 0 8 0 0 2 0 0 2 0 0 
84 1 2 0 1 0 14 2 0 6 0 0 4 1 0 1 0 0 
85 0 1 0 0 0 4 0 0 0 0 0 1 0 0 0 0 0 
86 1 0 0 1 0 4 0 0 4 0 0 0 0 0 0 0 0 
87 2 1 1 1 0 12 2 0 8 0 0 3 1 0 1 0 0 
88 2 1 1 1 0 4 1 0 2 0 0 1 0 0 1 0 0 
89 2 1 1 1 0 1 0 0 1 0 0 0 0 0 0 0 0 
90 1 1 0 0 0 3 0 0 1 0 0 0 0 0 0 0 0 
91 0 0 0 0 0 3 0 0 0 0 0 0 0 0 0 0 0 
92 0 0 0 0 0 0 0 0 0 0 0 0 0 0 0 0 0 
93 0 0 0 0 0 0 0 0 0 0 0 0 0 0 0 0 0 
94 0 0 0 0 0 0 0 0 0 0 0 0 0 0 0 0 0 
95 0 0 0 0 0 0 0 0 0 0 0 0 0 0 0 0 0 
96 0 0 0 0 0 0 0 0 0 0 0 0 0 0 0 0 0 
97 0 0 0 0 0 0 0 0 0 0 0 0 0 0 0 0 0 
98 0 0 0 0 0 0 0 0 0 0 0 0 0 0 0 0 0 
99 2 1 1 1 0 7 2 0 3 0 0 3 1 0 1 0 0 
100 2 1 1 1 0 7 0 0 7 0 0 1 0 0 1 0 0 
101 2 1 1 1 0 12 2 0 8 0 0 2 0 0 1 0 0 
102 1 1 0 0 0 4 1 0 2 0 0 2 0 0 1 0 0 
103 0 0 0 0 0 0 0 0 0 0 0 0 0 0 0 0 0 
104 0 5 0 0 0 6 3 0 0 0 0 0 0 0 0 0 0 
105 0 1 0 0 0 1 1 0 0 0 0 0 0 0 0 0 0 
106 0 0 0 0 0 0 0 0 0 0 0 0 0 0 0 0 0 
107 1 1 0 0 0 2 0 0 1 0 0 0 0 0 0 0 0 
108 0 0 0 0 0 0 0 0 0 0 0 0 0 0 0 0 0 
109 0 0 0 0 0 0 0 0 0 0 0 0 0 0 0 0 0 
110 0 0 0 0 0 0 0 0 0 0 0 0 0 0 0 0 0 
111 0 0 0 0 0 0 0 0 0 0 0 0 0 0 0 0 0 
112 4 1 4 4 0 15 0 0 9 0 0 7 0 0 4 0 0 
113 2 1 1 2 0 14 2 0 10 0 0 5 1 0 3 0 0 
114 2 1 1 2 0 14 2 0 10 0 0 5 1 0 3 0 0 
115 2 1 1 2 0 14 2 0 10 0 0 5 1 0 3 0 0 
116 2 1 1 2 0 14 2 0 10 0 0 5 1 0 3 0 0 
117 2 1 1 2 0 14 2 0 10 0 0 5 1 0 3 0 0 
118 2 1 1 2 0 14 2 0 10 0 0 5 1 0 3 0 0 
119 2 1 1 2 0 14 2 0 10 0 0 4 1 0 2 0 0 
120 2 1 1 1 0 17 2 0 13 0 0 6 1 0 4 0 0 
121 2 1 1 2 0 9 2 0 5 0 0 3 0 0 2 0 0 
122 2 1 1 2 0 6 1 0 4 0 0 4 1 0 2 0 0 
123 1 3 0 1 0 5 0 0 2 0 0 3 0 0 1 0 0 
124 2 0 1 2 0 5 1 0 3 1 0 1 0 0 1 0 0 
125 1 0 0 1 0 2 2 0 2 2 0 1 1 0 1 1 0 
126 1 0 0 1 0 1 0 0 1 0 0 0 0 0 0 0 0 
127 1 0 0 1 0 1 1 0 1 1 0 1 1 0 1 1 0 
128 1 0 0 1 0 0 0 0 0 0 0 0 0 0 0 0 0 
129 1 0 0 0 0 0 0 0 0 0 0 0 0 0 0 0 0 
130 0 0 0 0 0 0 0 0 0 0 0 0 0 0 0 0 0 
131 1 0 0 0 0 0 0 0 0 0 0 0 0 0 0 0 0 
132 0 0 0 0 0 0 0 0 0 0 0 0 0 0 0 0 0 
133 0 1 0 0 0 2 2 0 0 0 0 1 1 0 0 0 0 
134 0 0 0 0 0 0 0 0 0 0 0 0 0 0 0 0 0 
135 4 1 4 3 0 12 0 0 7 0 0 6 0 0 4 0 0 
136 2 1 1 2 0 14 2 0 10 0 0 3 1 0 1 0 0 
137 1 2 0 0 0 7 2 0 3 0 0 3 1 0 1 0 0 
138 1 0 0 1 0 4 0 0 4 0 0 1 0 0 1 0 0 
139 2 1 1 2 0 14 2 0 10 0 0 3 0 0 1 0 0 
140 1 1 0 1 0 11 2 0 6 0 0 5 1 0 2 0 0 
141 0 0 0 0 0 0 0 0 0 0 0 0 0 0 0 0 0 
142 2 1 1 2 0 6 4 0 6 4 0 2 2 0 2 2 0 
143 1 0 0 2 0 17 1 0 2 1 0 0 0 0 0 0 0 
144 2 0 1 0 0 3 0 0 3 0 0 0 0 0 0 0 0 
145 0 0 0 0 0 0 0 0 0 0 0 0 0 0 0 0 0 
146 0 0 0 0 0 6 0 0 0 0 0 0 0 0 0 0 0 
147 1 0 0 2 0 17 6 0 9 6 0 2 2 0 2 2 0 
148 0 0 0 0 0 0 0 0 0 0 0 0 0 0 0 0 0 
149 0 0 0 0 0 0 0 0 0 0 0 0 0 0 0 0 0 
150 0 0 0 0 0 0 0 0 0 0 0 0 0 0 0 0 0 
151 4 0 4 3 0 13 0 0 8 0 0 6 0 0 4 0 0 
152 1 2 0 1 0 19 2 0 9 0 0 5 1 0 2 0 0 
153 1 0 0 1 0 4 0 0 4 0 0 0 0 0 0 0 0 
154 2 1 1 1 0 12 2 0 8 0 0 5 1 0 3 0 0 
155 2 1 1 2 0 13 1 0 10 0 0 3 0 0 3 0 0 
156 2 1 1 2 0 22 2 0 10 0 0 4 1 0 2 0 0 
157 1 2 0 1 0 14 2 0 6 0 0 5 1 0 2 0 0 
158 1 0 0 1 0 4 0 0 4 0 0 1 0 0 1 0 0 
159 2 1 1 2 0 14 2 0 10 0 0 3 1 0 1 0 0 
160 2 1 1 1 0 12 2 0 8 0 0 4 1 0 2 0 0 
161 2 1 1 1 0 8 1 0 6 0 0 3 0 0 2 0 0 
162 2 1 1 0 0 6 1 0 4 0 0 2 0 0 2 0 0 
163 0 2 0 0 0 8 0 0 0 0 0 0 0 0 0 0 0 
164 0 2 0 0 0 0 0 0 0 0 0 0 0 0 0 0 0 
165 0 1 0 0 0 2 2 0 0 0 0 0 0 0 0 0 0 
166 0 0 0 0 0 0 0 0 0 0 0 0 0 0 0 0 0 
167 0 0 0 0 0 0 0 0 0 0 0 0 0 0 0 0 0 
168 0 1 0 0 0 8 0 0 0 0 0 1 0 0 0 0 0 
169 0 0 0 0 0 1 0 0 0 0 0 1 0 0 0 0 0 
170 0 0 0 0 0 0 0 0 0 0 0 0 0 0 0 0 0 
171 1 0 0 2 0 0 0 0 0 0 0 0 0 0 0 0 0 
172 4 0 3 4 0 33 10 0 18 10 0 4 3 0 3 3 0 
173 0 0 0 0 0 0 0 0 0 0 0 0 0 0 0 0 0 
174 0 0 0 0 0 0 0 0 0 0 0 0 0 0 0 0 0 
175 3 0 0 2 3 32 3 0 11 3 0 3 1 0 3 1 0 
176 1 2 0 1 0 14 2 0 6 0 0 3 1 0 1 0 0 
177 0 1 0 0 0 3 0 0 0 0 0 1 0 0 0 0 0 
178 1 0 0 1 0 9 0 0 4 0 0 0 0 0 0 0 0 
179 2 1 1 1 0 12 2 0 8 0 0 3 1 0 1 0 0 
180 1 2 0 0 0 8 1 0 4 0 0 3 0 0 2 0 0 
181 1 0 0 1 0 4 0 0 4 0 0 0 0 0 0 0 0 
182 1 2 0 0 0 22 2 0 12 0 0 3 1 0 1 0 0 
183 0 1 0 0 0 2 0 0 0 0 0 1 0 0 0 0 0 
184 1 0 0 1 0 4 0 0 4 0 0 1 0 0 1 0 0 
185 1 2 0 1 0 36 2 0 12 0 0 4 1 0 1 0 0 
186 1 1 0 0 0 14 0 0 0 0 0 0 0 0 0 0 0 
187 1 0 0 1 0 0 0 0 0 0 0 0 0 0 0 0 0 
188 2 1 1 1 0 1 0 0 1 0 0 0 0 0 0 0 0 
189 5 1 4 0 3 3 0 0 0 0 0 0 0 0 0 0 0 
190 0 0 0 0 0 1 0 0 0 0 0 0 0 0 0 0 0 
191 0 0 0 0 0 0 0 0 0 0 0 0 0 0 0 0 0 
192 0 0 0 0 0 0 0 0 0 0 0 0 0 0 0 0 0 
193 1 0 0 0 0 0 0 0 0 0 0 0 0 0 0 0 0 
194 0 0 0 0 0 0 0 0 0 0 0 0 0 0 0 0 0 
195 0 0 0 0 0 0 0 0 0 0 0 0 0 0 0 0 0 
196 0 0 0 0 0 0 0 0 0 0 0 0 0 0 0 0 0 
197 0 0 0 0 0 3 0 0 0 0 0 0 0 0 0 0 0 
198 2 1 1 1 0 8 1 0 6 0 0 1 0 0 1 0 0 
199 1 2 0 0 0 4 1 0 2 0 0 0 0 0 0 0 0 
200 0 1 0 0 0 0 0 0 0 0 0 0 0 0 0 0 0 
201 0 1 0 0 0 2 0 0 0 0 0 1 0 0 0 0 0 
202 0 0 0 0 0 1 0 0 0 0 0 0 0 0 0 0 0 
203 0 0 0 0 0 0 0 0 0 0 0 0 0 0 0 0 0 
204 0 0 0 0 0 0 0 0 0 0 0 0 0 0 0 0 0 
205 1 0 0 0 0 0 0 0 0 0 0 0 0 0 0 0 0 
206 0 0 0 0 0 0 0 0 0 0 0 0 0 0 0 0 0 
207 0 0 0 0 0 0 0 0 0 0 0 0 0 0 0 0 0 
208 4 1 4 2 0 4 0 0 2 0 0 2 0 0 1 0 0 
209 2 1 1 1 0 11 2 0 9 0 0 1 0 0 1 0 0 
210 0 1 0 0 0 3 3 0 0 0 0 1 1 0 0 0 0 
211 0 0 0 0 0 0 0 0 0 0 0 0 0 0 0 0 0 
212 2 1 1 2 0 14 2 0 10 0 0 4 1 0 2 0 0 
213 2 1 1 1 0 12 2 0 8 0 0 5 1 0 3 0 0 
214 2 1 1 2 0 10 1 0 8 0 0 3 0 0 3 0 0 
215 2 1 1 2 0 14 2 0 10 0 0 4 1 0 2 0 0 
216 1 2 0 1 0 19 2 0 9 0 0 5 1 0 2 0 0 
217 1 0 0 1 0 4 0 0 4 0 0 1 0 0 1 0 0 
218 2 1 1 2 0 14 2 0 10 0 0 5 1 0 3 0 0 
219 2 1 1 2 0 12 2 0 6 0 0 3 1 0 1 0 0 
220 2 1 1 1 0 9 1 0 2 0 0 3 1 0 1 0 0 
221 2 1 1 1 0 7 0 0 7 0 0 2 0 0 2 0 0 
222 2 1 1 1 0 11 2 0 9 0 0 1 0 0 1 0 0 
223 0 1 0 0 0 3 3 0 0 0 0 1 1 0 0 0 0 
224 0 0 0 0 0 0 0 0 0 0 0 0 0 0 0 0 0 
225 2 1 1 1 0 7 0 0 7 0 0 0 0 0 0 0 0 
226 1 1 0 1 0 15 5 0 9 3 0 0 0 0 0 0 0 
227 0 0 0 0 0 0 0 0 0 0 0 0 0 0 0 0 0 
228 0 0 0 0 0 0 0 0 0 0 0 0 0 0 0 0 0 
229 2 0 1 0 0 0 0 0 0 0 0 0 0 0 0 0 0 
230 0 0 0 0 0 0 0 0 0 0 0 0 0 0 0 0 0 
231 0 0 0 0 0 0 0 0 0 0 0 0 0 0 0 0 0 
232 2 1 1 2 0 12 3 0 6 0 0 5 1 0 2 0 0 
233 2 1 1 2 0 10 1 0 8 0 0 6 1 0 4 0 0 
234 2 2 1 3 0 6 1 0 3 0 0 1 0 0 0 0 0 
235 3 1 2 2 0 6 2 0 3 2 0 2 2 0 2 2 0 
236 1 0 0 2 0 0 0 0 0 0 0 0 0 0 0 0 0 
237 2 0 1 0 0 4 0 0 0 0 0 0 0 0 0 0 0 
238 0 0 0 0 0 1 0 0 0 0 0 0 0 0 0 0 0 
239 0 0 0 0 0 0 0 0 0 0 0 0 0 0 0 0 0 
240 2 5 1 2 0 8 5 0 1 0 0 1 0 0 0 0 0 
241 1 0 0 1 0 1 1 0 1 1 0 0 0 0 0 0 0 
242 1 0 0 0 0 1 0 0 1 0 0 0 0 0 0 0 0 
243 0 1 0 0 0 3 3 0 0 0 0 1 1 0 0 0 0 
244 0 0 0 0 0 0 0 0 0 0 0 0 0 0 0 0 0 
245 1 0 0 2 0 0 0 0 0 0 0 0 0 0 0 0 0 
246 2 0 1 0 0 0 0 0 0 0 0 0 0 0 0 0 0 
247 0 0 0 0 0 0 0 0 0 0 0 0 0 0 0 0 0 
248 0 0 0 0 0 0 0 0 0 0 0 0 0 0 0 0 0 
249 0 0 0 0 0 0 0 0 0 0 0 0 0 0 0 0 0 
250 0 0 0 0 0 0 0 0 0 0 0 0 0 0 0 0 0 
251 0 0 0 0 0 0 0 0 0 0 0 0 0 0 0 0 0 
252 0 0 0 0 0 0 0 0 0 0 0 0 0 0 0 0 0 
253 0 0 0 0 0 0 0 0 0 0 0 0 0 0 0 0 0 
254 0 0 0 0 0 0 0 0 0 0 0 0 0 0 0 0 0 
255 0 0 0 0 0 0 0 0 0 0 0 0 0 0 0 0 0 
256 0 0 0 0 0 0 0 0 0 0 0 0 0 0 0 0 0 
