1 9 3.67
2 1 0.01
3 1 0.01
4 1 0.01
5 1 0.01
6 14 2.39
7 14 1.05
8 1 0.01
9 9 4.59
10 14 1.05
11 1 0.01
12 1 0.01
13 1 0.01
14 9 6.36
15 9 2.40
16 1 1.79
17 1 0.01
18 1 0.01
19 2 21.32
20 1 0.01
21 14 1.02
22 14 2.85
23 14 2.78
24 1 2.00
25 1 0.01
26 9 2.40
27 9 5.30
28 1 0.01
29 1 0.01
30 1 0.01
31 1 0.01
32 1 0.01
33 1 0.01
34 1 0.01
35 14 0.99
36 1 0.01
37 1 0.01
38 1 0.01
39 1 0.01
40 14 1.21
41 1 0.01
42 1 0.01
43 14 1.19
44 1 0.01
45 1 0.01
46 1 0.01
47 1 0.01
48 1 0.01
49 1 0.01
50 1 0.01
51 1 1.80
52 1 0.01
53 14 1.21
54 1 0.01
55 1 0.01
56 1 0.01
57 1 0.01
58 1 1.76
59 1 0.01
60 1 0.01
61 1 0.01
62 1 0.01
63 1 0.01
64 9 6.57
65 1 1.76
66 9 2.77
67 9 2.46
68 1 1.78
69 1 1.76
70 1 0.01
71 1 0.01
72 1 0.01
73 1 0.01
74 1 0.01
75 1 0.01
76 1 0.01
77 9 7.68
78 10 7.49
79 9 5.85
80 9 2.98
81 1 1.79
82 1 0.01
83 1 0.01
84 1 0.01
85 1 0.01
86 1 0.01
87 1 0.01
88 1 0.01
89 14 0.99
90 1 0.01
91 1 0.01
92 1 0.01
93 1 0.01
94 1 0.01
95 1 0.01
96 1 0.01
97 25 42.60
98 11 15.39
99 1 0.01
100 10 17.45
101 14 3.63
102 14 7.82
103 1 0.01
104 9 5.30
105 1 0.01
106 1 0.01
107 1 0.01
108 1 0.01
109 1 0.01
110 1 0.01
111 1 0.01
112 1 0.01
113 1 0.01
114 1 0.01
115 1 0.01
116 1 0.01
117 1 0.01
118 1 0.01
119 1 0.01
120 1 1.78
121 1 0.01
122 1 0.01
123 14 1.21
124 1 0.01
125 1 0.01
126 1 0.01
127 1 0.01
128 1 0.01
129 1 0.01
130 1 0.01
131 1 1.78
132 1 0.01
133 1 0.01
134 1 0.01
135 1 0.01
136 1 1.79
137 1 0.01
138 1 0.01
139 1 1.79
140 1 0.01
141 1 1.79
142 1 0.01
143 1 1.79
144 1 0.01
145 1 0.01
146 1 0.01
147 1 1.78
148 1 0.01
149 1 0.01
150 1 1.80
151 1 0.01
152 1 0.01
153 1 0.01
154 14 1.19
155 1 0.01
156 1 0.01
157 1 0.01
158 1 0.01
159 9 2.33
160 1 1.76
161 1 0.01
162 1 1.78
163 1 0.01
164 1 0.01
165 1 0.01
166 14 2.69
167 1 0.01
168 1 0.01
169 1 0.01
170 14 1.14
171 9 6.35
172 1 0.01
173 1 0.01
174 25 3.65
175 1 0.01
176 1 0.01
177 1 0.01
178 1 0.01
179 1 0.01
180 1 0.01
181 1 0.01
182 1 0.01
183 9 12.17
184 9 3.67
185 1 0.01
186 1 0.01
187 1 0.01
188 1 0.01
189 1 0.01
190 1 0.01
191 1 0.01
192 1 0.01
193 1 0.01
194 1 0.01
195 1 0.01
196 1 0.01
197 1 0.01
198 1 0.01
199 9 2.94
200 9 2.94
201 1 1.80
202 1 0.01
203 1 0.01
204 1 0.01
205 1 0.01
206 1 0.01
207 1 0.01
208 1 0.01
209 1 0.01
210 1 0.01
211 1 0.01
212 1 1.80
213 1 0.01
214 1 0.01
215 1 0.01
216 1 0.01
217 1 1.76
218 1 0.01
219 1 0.01
220 1 0.01
221 1 0.01
222 1 1.78
223 1 0.01
224 1 0.01
225 1 0.01
226 1 0.01
227 1 0.01
