21	78.147
22	54.048
22	41.489
10	16.751
341	1614.370
38	98.512
32	90.078
27	48.236
30	37.679
64	303.327
9	16.548
58	292.101
15	33.214
20	32.612
12	47.786
23	39.938
23	33.156
11	15.927
50	240.290
32	109.066
25	48.107
5	30.431
18	15.192
71	327.767
29	61.141
17	31.005
22	30.738
13	29.156
136	653.016
21	50.792
12	30.744
21	21.772
38	113.250
8	15.878
9	14.358
13	12.925
11	12.908
28	88.053
26	71.493
28	112.901
37	74.422
20	48.845
12	13.134
17	42.940
26	30.899
9	14.535
10	13.324
100	409.626
23	45.838
13	33.056
21	26.168
10	11.996
18	70.712
37	41.207
14	30.628
17	23.897
13	11.536
110	505.102
45	193.028
39	145.329
37	117.484
39	103.402
36	94.990
18	41.622
15	38.622
23	26.745
7	18.576
52	215.676
50	184.464
23	62.798
38	44.570
23	39.285
166	738.949
12	33.249
9	28.711
10	17.819
25	10.754
17	31.079
15	27.141
13	64.830
25	54.795
18	29.361
13	28.607
14	21.176
28	55.590
24	33.240
17	16.544
11	14.516
16	34.573
20	29.697
13	21.339
13	14.750
20	13.280
44	115.837
41	88.916
20	28.317
