1 1 0.01
2 2 19.55
3 10 30.58
4 9 18.80
5 23 22.24
6 17 16.34
7 17 10.06
8 6 10.17
9 6 3.00
10 1 1.83
11 1 0.01
12 1 0.01
13 1 0.01
14 1 0.01
15 1 0.01
16 1 0.01
17 1 0.01
18 1 0.01
19 25 2.67
20 25 2.80
21 25 6.25
22 25 5.90
23 1 0.01
24 1 0.01
25 1 0.01
26 1 0.01
27 1 0.01
28 5 17.34
29 21 50.24
30 2 8.73
31 11 24.87
32 19 36.84
33 9 28.73
34 16 29.74
35 10 21.59
36 18 20.74
37 20 20.71
38 10 28.15
39 11 27.63
40 9 22.50
41 10 24.28
42 14 23.74
43 10 22.40
44 21 60.94
45 11 20.36
46 14 19.04
47 17 31.04
48 1 1.84
49 25 7.06
50 6 11.66
51 6 2.59
52 1 0.01
53 1 0.01
54 25 7.97
55 25 5.97
56 25 5.07
57 6 2.64
58 1 0.01
59 1 0.01
60 2 18.70
61 22 87.08
62 18 29.85
63 2 8.13
64 10 31.20
65 25 5.97
66 17 16.17
67 23 18.70
68 2 16.09
69 2 19.37
70 7 5.52
71 1 0.01
72 5 56.87
73 12 13.73
74 12 12.94
75 12 30.70
76 7 5.53
77 2 9.06
78 21 19.88
79 21 18.68
80 23 15.86
81 23 15.28
82 9 29.23
83 6 10.56
84 15 14.63
85 7 20.31
86 1 0.01
87 1 0.01
88 1 0.01
89 25 2.80
90 1 1.85
91 1 0.01
92 1 0.01
93 1 0.01
94 1 1.87
95 1 0.01
96 1 1.87
97 1 1.83
98 1 0.01
99 1 0.01
100 1 0.01
101 7 4.26
102 1 0.01
103 20 85.86
104 14 22.22
105 2 18.80
106 17 10.35
107 7 5.66
108 7 4.61
109 1 0.01
110 25 1.24
111 1 0.01
112 9 25.47
113 18 32.02
114 20 28.02
115 20 33.54
116 20 31.20
117 13 15.74
118 14 15.81
119 23 32.12
120 16 16.16
121 16 34.09
122 18 31.46
123 7 3.18
124 2 25.77
125 7 3.25
126 6 3.97
127 7 4.24
128 1 0.01
129 1 1.86
130 1 0.01
131 1 0.01
132 22 87.89
133 10 26.74
134 10 19.82
135 10 15.50
136 23 18.80
137 11 28.74
138 14 32.35
139 17 9.74
140 17 21.20
141 7 4.61
142 6 4.81
143 7 4.24
144 1 0.01
145 1 1.86
146 1 0.01
147 1 0.01
148 1 0.01
149 25 2.63
150 1 1.84
151 1 0.01
152 1 0.01
153 7 5.50
154 1 0.01
155 5 33.47
156 20 20.84
157 10 25.73
158 18 20.06
159 9 18.06
160 2 8.47
161 10 19.35
162 9 25.64
163 5 49.67
164 18 18.72
165 10 21.31
166 18 20.54
167 9 20.35
168 14 35.53
169 14 16.79
170 23 6.98
171 25 11.01
172 25 9.73
173 1 1.83
174 1 1.84
175 1 1.84
176 1 0.01
177 1 0.01
178 1 0.01
179 1 0.01
180 24 59.02
181 16 26.02
182 16 21.68
183 16 32.61
184 20 28.13
185 5 48.59
186 14 21.75
187 20 61.13
188 2 12.18
189 13 71.60
190 14 22.74
191 9 29.06
192 17 19.04
193 15 23.75
194 17 13.33
195 2 11.74
196 2 37.48
197 1 0.01
198 18 31.22
199 10 19.54
200 14 20.42
201 18 21.11
202 9 18.07
203 16 23.59
204 10 19.59
205 18 22.18
206 2 7.90
207 20 22.85
208 23 21.62
209 5 27.52
210 23 20.88
211 14 19.40
212 17 17.51
213 7 6.47
214 7 2.84
215 25 5.24
216 25 6.07
217 1 0.01
218 1 0.01
219 1 0.01
220 1 0.01
221 1 0.01
222 1 0.01
223 1 0.01
224 10 26.04
225 14 23.04
226 23 14.67
227 17 15.48
228 25 2.82
229 25 5.40
230 2 15.29
231 1 0.01
232 1 0.01
233 1 0.01
234 14 15.25
235 17 9.23
236 17 9.93
237 7 16.61
238 1 1.84
239 1 0.01
240 1 0.01
241 1 0.01
242 1 0.01
243 1 0.01
244 1 0.01
245 1 0.01
246 1 0.01
247 1 0.01
248 1 0.01
249 1 0.01
250 1 0.01
