1 1 0.01
2 7 19.39
3 1 0.01
4 25 1.24
5 1 0.01
6 1 0.01
7 1 0.01
8 25 1.24
9 1 1.87
10 1 0.01
11 1 1.84
12 1 0.01
13 1 0.01
14 25 1.24
15 1 0.01
16 1 0.01
17 1 0.01
18 1 0.01
19 1 0.01
20 1 1.85
21 1 0.01
22 1 0.01
23 1 1.87
24 7 3.53
25 1 0.01
26 1 0.01
27 1 0.01
28 9 36.86
29 7 3.17
30 15 15.49
31 14 21.70
32 23 19.92
33 14 19.58
34 25 5.76
35 2 14.42
36 7 8.18
37 1 1.84
38 1 0.01
39 1 0.01
40 25 1.24
41 1 1.83
42 1 0.01
43 1 0.01
44 1 0.01
45 1 2.00
46 1 0.01
47 25 8.13
48 7 8.28
49 1 1.84
50 1 0.01
51 25 1.24
52 1 0.01
53 1 1.84
54 1 0.01
55 25 2.67
56 7 4.36
57 1 0.01
58 1 1.83
59 1 0.01
60 1 0.01
61 1 0.01
62 1 1.83
63 1 0.01
64 17 10.58
65 15 94.36
66 1 1.84
67 1 1.85
68 1 0.01
69 1 0.01
70 25 1.24
71 1 1.84
72 1 0.01
73 1 0.01
74 1 0.01
75 25 3.79
76 15 8.87
77 1 0.01
78 1 0.01
79 1 0.01
80 1 0.01
81 1 0.01
82 25 2.80
83 1 1.85
84 1 1.84
85 1 0.01
86 1 1.86
87 1 1.83
88 1 0.01
89 1 0.01
90 1 1.85
91 15 58.14
92 1 0.01
93 7 4.24
94 1 0.01
95 1 1.84
96 1 0.01
97 1 1.87
98 1 0.01
99 7 3.53
100 1 0.01
101 25 3.28
102 1 1.84
103 1 1.84
104 1 0.01
105 1 0.01
106 1 0.01
107 1 0.01
108 1 0.01
109 1 0.01
110 1 0.01
111 1 0.01
112 1 1.84
113 1 0.01
114 1 1.84
115 1 0.01
116 1 1.86
117 1 0.01
118 7 7.41
119 7 2.43
120 25 7.06
121 6 6.73
122 25 1.24
123 1 0.01
124 1 0.01
125 1 0.01
126 1 0.01
127 1 0.01
128 1 0.01
129 1 0.01
130 1 0.01
131 1 0.01
132 1 0.01
133 1 0.01
134 23 22.52
135 1 1.84
136 25 2.62
137 2 16.35
138 17 9.83
139 1 2.00
140 1 0.01
141 25 5.07
142 25 3.56
143 1 0.01
144 1 0.01
145 1 0.01
146 7 5.97
147 1 0.01
148 25 1.24
149 1 0.01
150 1 0.01
151 1 0.01
152 1 0.01
153 1 0.01
154 25 1.24
155 1 0.01
156 1 1.86
157 1 0.01
158 1 0.01
159 1 0.01
160 1 0.01
161 1 0.01
162 25 1.24
163 1 0.01
164 1 0.01
