1 1 0.01
2 1 0.01
3 1 0.01
4 1 0.01
5 1 0.01
6 15 8.47
7 1 0.01
8 1 0.01
9 1 0.01
10 7 3.08
11 1 0.01
12 1 1.83
13 25 7.52
14 25 1.52
15 1 1.84
16 1 0.01
17 1 0.01
18 1 0.01
19 1 0.01
20 1 1.83
21 1 1.83
22 1 0.01
23 1 0.01
24 1 0.01
25 1 0.01
26 1 0.01
27 17 7.64
28 25 3.79
29 6 4.69
30 1 0.01
31 1 0.01
32 7 2.90
33 1 0.01
34 1 1.84
35 7 10.11
36 1 1.87
37 7 2.28
38 7 9.03
39 25 8.05
40 25 6.25
41 1 1.85
42 1 0.01
43 1 0.01
44 1 0.01
45 1 0.01
46 1 0.01
47 6 2.59
48 1 0.01
49 1 0.01
50 1 0.01
51 1 0.01
52 7 5.95
53 1 0.01
54 1 0.01
55 1 0.01
56 1 0.01
57 1 0.01
58 1 0.01
59 1 0.01
60 2 12.43
61 17 17.14
62 25 13.96
63 25 3.79
64 6 3.17
65 25 1.24
66 1 0.01
67 1 1.85
68 1 0.01
69 1 0.01
70 1 0.01
71 1 0.01
72 25 2.25
73 15 3.17
74 1 0.01
75 1 0.01
76 1 0.01
77 1 0.01
78 1 1.86
79 1 0.01
80 1 0.01
81 1 0.01
82 25 1.24
83 1 0.01
84 1 0.01
85 1 0.01
86 1 0.01
87 25 6.58
88 25 5.90
89 1 0.01
90 1 0.01
91 1 0.01
92 1 1.84
93 6 2.64
94 1 0.01
95 1 0.01
96 1 0.01
97 1 0.01
98 25 1.24
99 1 0.01
100 1 0.01
101 1 0.01
102 1 0.01
103 1 0.01
104 1 0.01
105 1 0.01
106 1 1.83
107 1 0.01
108 1 0.01
109 1 0.01
110 1 0.01
111 1 0.01
112 1 0.01
113 1 0.01
114 1 0.01
115 1 0.01
116 1 0.01
117 1 0.01
118 25 1.24
119 1 0.01
120 1 0.01
121 1 1.85
122 1 0.01
123 25 1.24
124 1 0.01
125 1 0.01
126 1 0.01
127 1 0.01
128 1 0.01
129 1 0.01
130 1 0.01
131 1 1.86
132 1 0.01
133 1 0.01
134 1 0.01
135 25 2.80
136 1 1.85
137 1 0.01
138 25 1.24
139 1 0.01
140 1 0.01
141 1 0.01
142 1 1.83
143 1 1.83
144 1 0.01
145 1 0.01
146 1 0.01
147 1 0.01
148 1 0.01
149 1 0.01
150 6 2.59
151 1 0.01
152 1 0.01
153 1 0.01
154 1 0.01
155 1 0.01
156 1 0.01
157 1 0.01
158 1 0.01
159 1 0.01
160 7 14.97
161 7 4.81
162 1 0.01
163 1 0.01
164 1 0.01
165 1 0.01
166 1 0.01
167 1 0.01
168 1 0.01
169 1 0.01
170 1 1.84
171 1 1.83
172 1 0.01
173 1 0.01
174 1 0.01
175 1 1.83
176 1 0.01
177 25 2.90
178 25 1.24
179 1 0.01
180 1 0.01
181 1 0.01
182 1 0.01
183 1 0.01
184 1 0.01
185 1 0.01
186 1 0.01
187 1 0.01
188 1 0.01
189 1 0.01
190 15 7.28
191 1 0.01
192 1 1.84
193 1 0.01
194 1 0.01
195 1 0.01
196 1 0.01
197 1 0.01
198 1 0.01
199 1 0.01
200 1 0.01
201 1 1.84
202 1 1.83
203 1 0.01
204 1 0.01
205 15 16.76
206 7 4.41
207 1 0.01
208 1 1.85
209 1 0.01
210 1 0.01
211 1 0.01
212 1 0.01
213 1 0.01
214 1 0.01
215 1 0.01
216 1 0.01
217 1 0.01
218 1 0.01
219 1 0.01
