263 0 0 0 0 0 0 0 0 0 0 0 0 0 0 0 0 0 
264 1 0 0 0 0 0 0 0 0 0 0 0 0 0 0 0 0 
265 0 0 0 0 0 0 0 0 0 0 0 0 0 0 0 0 0 
266 0 0 0 0 0 0 0 0 0 0 0 0 0 0 0 0 0 
267 0 1 0 0 0 6 2 0 0 0 0 2 1 0 0 0 0 
268 3 0 0 1 3 4 0 0 4 0 0 1 0 0 1 0 0 
269 1 0 0 1 0 4 0 0 4 0 0 1 0 0 1 0 0 
270 2 1 1 1 0 8 1 0 6 0 0 2 0 0 1 0 0 
271 2 1 1 0 0 13 1 0 12 0 0 2 0 0 2 0 0 
272 0 2 0 0 0 6 3 0 0 0 0 1 0 0 0 0 0 
273 0 1 0 0 0 2 1 0 0 0 0 1 1 0 0 0 0 
274 0 0 0 0 0 4 0 0 0 0 0 0 0 0 0 0 0 
275 1 1 0 0 0 4 1 0 0 0 0 0 0 0 0 0 0 
276 0 0 0 0 0 0 0 0 0 0 0 0 0 0 0 0 0 
277 0 0 0 0 0 0 0 0 0 0 0 0 0 0 0 0 0 
278 0 0 0 0 0 0 0 0 0 0 0 0 0 0 0 0 0 
279 0 1 0 0 0 16 2 0 0 0 0 1 1 0 0 0 0 
280 0 0 0 0 0 0 0 0 0 0 0 0 0 0 0 0 0 
281 0 0 0 0 0 0 0 0 0 0 0 0 0 0 0 0 0 
282 0 0 0 0 0 0 0 0 0 0 0 0 0 0 0 0 0 
283 1 0 0 0 0 0 0 0 0 0 0 0 0 0 0 0 0 
284 0 0 0 0 0 0 0 0 0 0 0 0 0 0 0 0 0 
285 0 0 0 0 0 0 0 0 0 0 0 0 0 0 0 0 0 
286 4 0 4 3 0 20 0 0 16 0 0 3 0 0 2 0 0 
287 1 1 0 1 0 5 4 0 0 0 0 3 2 0 0 0 0 
288 0 0 0 0 0 0 0 0 0 0 0 0 0 0 0 0 0 
289 4 1 0 3 3 45 3 0 11 3 0 4 1 0 3 1 0 
290 4 1 3 0 0 2 0 0 0 0 0 0 0 0 0 0 0 
291 0 0 0 0 0 0 0 0 0 0 0 0 0 0 0 0 0 
292 0 0 0 0 0 0 0 0 0 0 0 0 0 0 0 0 0 
293 0 1 0 0 0 3 3 0 0 0 0 0 0 0 0 0 0 
294 0 0 0 0 0 0 0 0 0 0 0 0 0 0 0 0 0 
295 1 0 0 1 0 10 1 0 1 1 0 0 0 0 0 0 0 
296 1 0 0 0 0 0 0 0 0 0 0 0 0 0 0 0 0 
297 0 0 0 0 0 0 0 0 0 0 0 0 0 0 0 0 0 
298 0 0 0 0 0 0 0 0 0 0 0 0 0 0 0 0 0 
299 0 0 0 0 0 0 0 0 0 0 0 0 0 0 0 0 0 
300 0 0 0 0 0 2 0 0 0 0 0 0 0 0 0 0 0 
301 0 0 0 0 0 0 0 0 0 0 0 0 0 0 0 0 0 
302 1 0 0 1 0 0 0 0 0 0 0 0 0 0 0 0 0 
303 1 0 0 0 0 0 0 0 0 0 0 0 0 0 0 0 0 
304 0 0 0 0 0 0 0 0 0 0 0 0 0 0 0 0 0 
305 0 0 0 0 0 5 0 0 0 0 0 0 0 0 0 0 0 
306 4 2 4 1 0 16 4 0 6 3 0 3 1 0 0 0 0 
307 0 0 0 0 0 0 0 0 0 0 0 0 0 0 0 0 0 
308 0 0 0 0 0 6 0 0 0 0 0 1 0 0 0 0 0 
309 1 1 0 0 0 18 3 0 8 0 0 0 0 0 0 0 0 
310 0 0 0 0 0 1 0 0 0 0 0 0 0 0 0 0 0 
311 0 0 0 0 0 0 0 0 0 0 0 0 0 0 0 0 0 
312 0 0 0 0 0 0 0 0 0 0 0 0 0 0 0 0 0 
313 0 1 0 0 0 1 1 0 0 0 0 0 0 0 0 0 0 
314 0 0 0 0 0 0 0 0 0 0 0 0 0 0 0 0 0 
315 1 1 0 1 0 9 4 0 3 3 0 1 0 0 0 0 0 
316 1 0 0 0 0 3 0 0 3 0 0 0 0 0 0 0 0 
317 0 0 0 0 0 6 0 0 0 0 0 0 0 0 0 0 0 
318 1 0 0 0 0 0 0 0 0 0 0 0 0 0 0 0 0 
319 0 0 0 0 0 0 0 0 0 0 0 0 0 0 0 0 0 
320 0 0 0 0 0 0 0 0 0 0 0 0 0 0 0 0 0 
321 1 3 0 1 0 11 2 0 2 0 0 3 1 0 0 0 0 
322 1 0 0 0 0 6 0 0 6 0 0 1 0 0 1 0 0 
323 0 2 0 0 0 41 2 0 0 0 0 0 0 0 0 0 0 
324 1 0 0 2 0 12 0 0 0 0 0 0 0 0 0 0 0 
325 2 0 1 0 0 2 0 0 0 0 0 0 0 0 0 0 0 
326 0 0 0 0 0 7 0 0 0 0 0 0 0 0 0 0 0 
327 0 0 0 0 0 0 0 0 0 0 0 0 0 0 0 0 0 
328 0 0 0 0 0 0 0 0 0 0 0 0 0 0 0 0 0 
329 0 0 0 0 0 0 0 0 0 0 0 0 0 0 0 0 0 
330 0 0 0 0 0 0 0 0 0 0 0 0 0 0 0 0 0 
331 0 0 0 0 0 0 0 0 0 0 0 0 0 0 0 0 0 
332 0 0 0 0 0 0 0 0 0 0 0 0 0 0 0 0 0 
333 2 2 1 2 0 4 2 0 0 0 0 0 0 0 0 0 0 
334 2 1 1 2 0 2 2 0 2 2 0 0 0 0 0 0 0 
335 1 0 0 1 0 3 1 0 3 1 0 0 0 0 0 0 0 
336 2 1 0 1 0 5 4 0 0 0 0 0 0 0 0 0 0 
337 0 0 0 0 0 0 0 0 0 0 0 0 0 0 0 0 0 
338 0 0 0 0 0 0 0 0 0 0 0 0 0 0 0 0 0 
339 0 0 0 0 0 0 0 0 0 0 0 0 0 0 0 0 0 
340 4 1 3 2 0 7 0 0 5 0 0 2 0 0 2 0 0 
341 0 0 0 0 0 0 0 0 0 0 0 0 0 0 0 0 0 
342 0 0 0 0 0 0 0 0 0 0 0 0 0 0 0 0 0 
343 1 0 0 2 0 4 2 0 4 2 0 1 0 0 1 0 0 
344 2 1 1 2 0 14 2 0 10 2 0 3 0 0 2 0 0 
345 1 2 0 0 0 3 1 0 0 0 0 2 1 0 0 0 0 
346 0 0 0 0 0 0 0 0 0 0 0 0 0 0 0 0 0 
347 2 1 1 1 0 1 0 0 1 0 0 1 0 0 1 0 0 
348 2 1 1 0 0 6 0 0 6 0 0 0 0 0 0 0 0 
349 0 1 0 0 0 3 3 0 0 0 0 0 0 0 0 0 0 
350 0 0 0 0 0 0 0 0 0 0 0 0 0 0 0 0 0 
351 0 0 0 0 0 0 0 0 0 0 0 0 0 0 0 0 0 
352 2 0 1 0 0 0 0 0 0 0 0 0 0 0 0 0 0 
353 0 0 0 0 0 0 0 0 0 0 0 0 0 0 0 0 0 
354 0 0 0 0 0 0 0 0 0 0 0 0 0 0 0 0 0 
355 0 0 0 0 0 0 0 0 0 0 0 0 0 0 0 0 0 
356 0 0 0 0 0 0 0 0 0 0 0 0 0 0 0 0 0 
357 0 0 0 0 0 0 0 0 0 0 0 0 0 0 0 0 0 
358 0 0 0 0 0 0 0 0 0 0 0 0 0 0 0 0 0 
359 0 0 0 0 0 0 0 0 0 0 0 0 0 0 0 0 0 
360 1 0 0 1 0 0 0 0 0 0 0 0 0 0 0 0 0 
361 1 0 0 0 0 0 0 0 0 0 0 0 0 0 0 0 0 
362 0 0 0 0 0 0 0 0 0 0 0 0 0 0 0 0 0 
363 0 0 0 0 0 0 0 0 0 0 0 0 0 0 0 0 0 
