33 9 2.41
34 14 2.84
35 1 0.01
36 1 0.01
37 1 0.01
38 1 0.01
39 1 0.01
40 1 0.01
41 1 1.80
42 1 0.01
43 1 0.01
44 1 1.80
45 1 0.01
46 1 0.01
47 14 1.30
48 1 0.01
49 1 2.00
50 1 0.01
51 14 1.02
52 1 0.01
53 9 2.33
54 1 0.01
55 1 1.79
56 1 0.01
57 9 7.85
58 1 0.01
59 1 0.01
60 1 1.76
61 1 0.01
62 1 0.01
63 1 1.76
64 1 0.01
65 1 0.01
66 1 1.80
67 1 0.01
68 1 0.01
69 1 0.01
70 14 2.39
71 9 10.08
72 1 0.01
73 1 0.01
74 14 0.99
75 1 0.01
76 1 0.01
77 14 1.14
78 1 0.01
79 1 0.01
80 14 2.60
81 1 0.01
82 1 0.01
83 1 0.01
84 1 0.01
85 1 0.01
86 1 0.01
87 24 22.05
88 15 26.75
89 14 2.83
90 9 2.33
91 17 10.07
92 9 8.58
93 9 4.80
94 14 1.19
95 1 0.01
96 1 0.01
97 1 1.76
98 1 0.01
99 1 0.01
100 1 0.01
101 14 4.20
102 14 1.30
103 1 0.01
104 1 0.01
105 1 0.01
106 1 0.01
107 1 1.79
108 1 0.01
109 1 0.01
110 1 0.01
111 1 0.01
112 14 1.21
113 1 0.01
114 1 0.01
115 1 0.01
116 1 0.01
117 1 0.01
118 1 0.01
119 1 0.01
120 1 0.01
121 1 0.01
122 1 0.01
123 1 0.01
124 1 0.01
125 1 0.01
126 1 0.01
127 14 5.64
128 21 36.35
129 17 27.13
130 17 11.34
131 9 2.40
132 9 4.99
133 14 2.84
134 1 0.01
135 1 0.01
136 1 0.01
137 1 0.01
138 1 0.01
139 1 0.01
140 2 24.72
141 14 5.50
142 2 7.53
143 8 30.09
144 15 25.05
145 14 9.75
146 2 7.94
147 8 38.23
148 15 37.08
149 7 36.81
150 12 19.71
151 15 131.62
152 8 31.53
153 12 55.27
154 17 24.44
155 10 27.21
156 10 27.02
157 10 9.83
158 25 10.76
159 14 2.69
160 1 0.01
161 1 0.01
162 1 0.01
163 1 0.01
164 1 2.00
165 14 2.66
166 9 6.38
167 14 7.27
168 1 0.01
169 14 9.20
170 14 1.05
171 1 0.01
172 1 0.01
173 1 0.01
174 1 0.01
175 1 0.01
176 25 5.89
177 1 0.01
178 1 0.01
179 1 0.01
180 1 0.01
181 1 0.01
182 1 0.01
183 1 0.01
184 1 0.01
185 1 0.01
186 1 1.80
187 14 1.25
188 1 0.01
189 1 0.01
190 1 0.01
191 1 0.01
192 14 1.25
193 1 0.01
194 14 7.69
195 1 0.01
196 1 0.01
197 1 0.01
198 14 5.49
199 1 0.01
200 1 0.01
201 1 1.79
202 1 0.01
203 1 0.01
204 9 4.56
205 9 3.82
206 1 0.01
207 1 0.01
208 1 0.01
209 10 9.99
210 2 12.51
211 14 7.69
212 14 2.86
213 1 0.01
214 1 0.01
215 1 0.01
216 1 0.01
217 1 0.01
218 1 0.01
219 2 8.78
220 15 33.42
221 23 23.99
222 24 27.08
223 7 46.33
224 7 52.39
225 15 50.16
226 15 21.50
227 24 40.09
228 15 32.25
229 17 32.14
230 17 12.44
231 17 7.97
232 2 14.51
233 14 25.86
234 14 2.64
235 1 0.01
236 1 0.01
237 1 0.01
238 1 0.01
239 1 0.01
240 1 0.01
241 1 0.01
242 1 0.01
243 9 2.54
244 10 9.10
245 14 7.24
246 1 1.76
247 14 1.29
248 1 0.01
249 1 0.01
250 1 0.01
251 1 0.01
252 1 0.01
253 14 1.14
254 1 0.01
255 1 0.01
256 1 0.01
257 1 0.01
258 1 0.01
259 2 14.25
260 13 35.11
261 2 8.59
262 23 37.09
263 11 14.32
264 11 22.47
265 11 11.52
266 10 11.29
267 10 17.15
268 14 2.56
269 14 2.11
270 1 0.01
271 1 0.01
272 1 1.79
273 14 4.43
274 14 4.41
275 14 1.21
276 1 0.01
277 1 0.01
278 1 0.01
279 1 0.01
280 21 49.80
281 17 22.27
282 10 9.35
283 10 8.54
284 14 4.43
285 14 1.21
286 1 0.01
287 25 7.61
288 14 1.02
289 1 0.01
290 1 0.01
291 1 0.01
292 1 0.01
293 1 0.01
294 1 0.01
295 7 36.79
296 11 13.66
297 10 14.74
298 9 6.86
299 25 8.44
300 1 1.79
301 1 0.01
302 1 0.01
303 1 0.01
304 1 0.01
305 1 0.01
