192 9 3.67
193 1 0.01
194 1 0.01
195 1 0.01
196 1 0.01
197 1 0.01
198 1 0.01
199 14 0.99
200 14 1.02
201 1 0.01
202 1 0.01
203 14 16.81
204 25 3.32
205 1 0.01
206 1 1.76
207 1 0.01
208 1 0.01
209 9 5.74
210 1 0.01
211 1 0.01
212 1 1.80
213 14 7.22
214 14 2.84
215 1 1.76
216 14 4.25
217 14 1.05
218 1 1.80
219 1 0.01
220 1 0.01
221 1 0.01
222 9 2.77
223 1 1.78
224 1 0.01
225 25 25.56
226 10 6.66
227 25 15.08
228 14 0.99
229 1 0.01
230 1 0.01
231 1 0.01
232 1 0.01
233 1 0.01
234 1 0.01
235 1 0.01
236 1 0.01
237 1 1.76
238 1 0.01
239 1 1.78
240 1 0.01
241 14 1.28
242 14 2.64
243 1 0.01
244 1 0.01
245 1 1.80
246 14 1.30
247 1 0.01
248 1 0.01
249 1 0.01
250 18 19.56
251 12 31.37
252 2 8.19
253 11 13.55
254 10 18.15
255 17 11.34
256 9 2.40
257 9 4.80
258 14 1.22
259 1 0.01
260 1 0.01
261 14 1.29
262 1 0.01
263 1 0.01
264 1 0.01
265 1 0.01
266 1 0.01
267 1 0.01
268 1 0.01
269 1 0.01
270 1 0.01
271 1 0.01
272 1 0.01
273 1 0.01
