1 1 0.01
2 1 0.01
3 1 0.01
4 1 0.01
5 1 0.01
6 1 0.01
7 1 1.83
8 1 1.83
9 1 0.01
10 1 0.01
11 7 5.90
12 1 1.85
13 1 0.01
14 1 0.01
15 1 0.01
16 1 0.01
17 1 0.01
18 1 1.85
19 1 0.01
20 1 0.01
21 1 0.01
22 25 3.98
23 7 18.34
24 1 0.01
25 1 0.01
26 1 0.01
27 1 0.01
28 15 4.13
29 1 0.01
30 1 0.01
31 1 1.84
32 1 0.01
33 1 0.01
34 25 1.24
35 1 0.01
36 1 0.01
37 1 0.01
38 1 0.01
39 1 1.84
40 1 0.01
41 1 0.01
42 1 0.01
43 1 1.83
44 1 0.01
45 1 0.01
46 6 4.32
47 1 0.01
48 6 2.88
49 25 1.24
50 1 0.01
51 1 0.01
52 1 0.01
53 1 1.84
54 1 0.01
55 1 0.01
56 1 0.01
57 1 0.01
58 1 0.01
59 1 1.84
60 1 0.01
61 1 1.83
62 1 1.84
63 1 0.01
64 1 0.01
65 1 1.86
66 1 1.84
67 1 0.01
68 1 0.01
69 1 0.01
70 20 59.46
71 2 21.24
72 17 17.65
73 1 1.84
74 25 2.91
75 2 11.23
76 25 4.85
77 7 3.53
78 1 0.01
79 1 0.01
80 1 0.01
81 1 0.01
82 1 0.01
83 1 0.01
84 1 0.01
85 1 0.01
86 1 0.01
87 1 0.01
88 1 0.01
89 1 0.01
90 1 0.01
91 1 0.01
92 1 0.01
93 1 0.01
94 1 0.01
95 1 0.01
