1 1 1.84
2 1 0.01
3 1 0.01
4 1 0.01
5 1 1.84
6 1 1.84
7 1 0.01
8 25 2.67
9 1 1.86
10 1 0.01
11 1 0.01
12 6 3.96
13 1 2.00
14 1 0.01
15 1 1.83
16 1 0.01
17 7 2.43
18 25 7.59
19 25 6.50
20 25 3.56
21 1 0.01
22 1 1.84
23 25 1.24
24 1 0.01
25 1 0.01
26 1 0.01
27 1 0.01
28 1 0.01
29 1 0.01
30 25 2.67
31 25 3.17
32 1 0.01
33 1 0.01
34 1 0.01
35 1 0.01
36 1 0.01
37 1 0.01
38 25 5.07
39 6 6.28
40 1 1.85
41 1 0.01
42 1 0.01
43 1 0.01
44 1 0.01
45 1 0.01
46 1 0.01
47 25 1.24
48 1 0.01
49 1 0.01
50 1 0.01
51 1 0.01
52 1 0.01
53 1 0.01
54 25 6.33
55 1 1.86
56 1 0.01
57 1 0.01
58 1 0.01
59 25 1.50
60 1 1.86
61 1 0.01
62 1 0.01
63 1 0.01
64 1 0.01
65 1 0.01
66 1 0.01
67 1 0.01
68 1 1.85
69 1 0.01
70 1 0.01
71 1 0.01
72 1 0.01
73 25 4.58
74 1 0.01
75 1 0.01
76 1 0.01
77 15 8.56
78 1 0.01
79 1 0.01
80 25 1.24
81 1 0.01
82 25 9.89
83 25 1.24
84 1 0.01
85 1 0.01
86 1 0.01
87 1 0.01
88 1 0.01
89 1 0.01
90 1 0.01
91 1 0.01
92 1 0.01
93 1 0.01
94 1 0.01
95 1 0.01
96 1 0.01
97 25 3.17
98 1 0.01
99 1 0.01
100 1 0.01
101 1 0.01
102 1 0.01
103 1 0.01
104 1 0.01
105 1 0.01
106 1 0.01
107 1 0.01
108 1 0.01
109 1 0.01
110 1 0.01
111 7 4.41
112 1 0.01
113 1 1.84
114 1 0.01
115 1 0.01
116 1 0.01
117 1 0.01
118 1 0.01
119 1 0.01
120 1 0.01
121 1 0.01
122 1 0.01
123 25 7.30
124 1 0.01
125 1 0.01
126 1 0.01
127 1 0.01
128 1 0.01
129 1 0.01
130 1 0.01
131 1 0.01
132 1 0.01
133 1 0.01
134 1 0.01
135 1 0.01
136 1 0.01
137 1 0.01
138 1 0.01
139 1 0.01
140 1 0.01
141 1 0.01
142 1 0.01
143 1 1.84
144 16 93.78
145 17 14.63
146 17 13.11
147 2 12.67
148 25 10.09
149 1 1.83
150 1 0.01
151 1 1.83
152 1 1.84
153 1 0.01
154 1 0.01
155 1 0.01
156 1 0.01
157 25 3.53
158 25 2.22
159 25 7.52
160 1 0.01
161 1 1.83
162 1 0.01
163 1 1.84
164 1 0.01
165 1 0.01
166 1 0.01
167 1 0.01
168 1 0.01
169 1 1.83
170 1 0.01
171 1 0.01
172 1 0.01
173 1 1.84
174 1 0.01
175 1 0.01
176 25 6.78
177 25 2.62
178 1 1.87
179 1 0.01
180 1 0.01
181 1 1.84
182 1 0.01
183 1 1.84
184 1 0.01
185 1 0.01
186 25 1.24
187 1 0.01
188 1 0.01
189 1 0.01
190 1 0.01
191 1 0.01
192 1 1.86
193 1 0.01
194 1 0.01
195 1 0.01
196 1 0.01
197 25 1.24
198 1 0.01
199 25 2.22
200 1 1.85
201 1 0.01
202 1 0.01
203 1 0.01
204 1 0.01
205 1 0.01
206 1 0.01
207 25 4.79
208 25 3.79
209 6 8.15
210 7 5.22
211 1 0.01
212 21 20.28
213 9 18.04
214 16 27.24
215 23 11.91
216 17 10.13
217 25 1.50
218 25 8.20
219 25 4.56
220 1 1.83
221 1 0.01
222 1 0.01
223 1 0.01
