1 25 13.75
2 25 4.96
3 7 4.65
4 7 6.34
5 1 0.01
6 1 0.01
7 1 0.01
8 1 0.01
9 1 1.83
10 1 1.83
11 1 1.83
12 1 1.83
13 1 0.01
14 1 0.01
15 25 14.97
16 6 5.80
17 1 0.01
18 1 0.01
19 1 0.01
20 1 0.01
21 1 0.01
22 1 0.01
23 1 0.01
24 1 0.01
25 1 0.01
26 1 0.01
27 1 0.01
28 1 1.84
29 1 0.01
30 25 4.19
31 25 1.24
32 1 0.01
33 1 0.01
34 1 0.01
35 1 0.01
36 1 0.01
37 1 0.01
38 1 0.01
39 1 0.01
40 1 1.86
41 1 0.01
42 1 0.01
43 1 0.01
44 1 1.85
45 1 0.01
46 1 0.01
47 1 1.87
48 1 0.01
49 1 0.01
50 1 0.01
51 1 0.01
52 1 0.01
53 25 1.24
54 7 4.44
55 1 0.01
56 1 0.01
57 1 1.85
58 1 0.01
59 25 3.17
60 1 0.01
61 1 0.01
62 1 0.01
63 1 0.01
64 1 1.85
65 1 1.83
66 1 0.01
67 1 0.01
68 1 0.01
69 1 0.01
70 1 0.01
71 1 0.01
72 1 0.01
73 1 0.01
74 7 84.33
75 1 3.68
76 25 3.27
77 25 11.53
78 25 5.90
79 1 0.01
80 1 0.01
81 1 0.01
82 1 1.86
83 1 0.01
84 1 0.01
85 1 0.01
86 1 0.01
87 1 0.01
88 25 3.58
89 1 0.01
90 1 0.01
91 6 6.20
92 1 0.01
93 1 0.01
94 1 0.01
95 1 0.01
96 1 0.01
97 1 0.01
98 1 0.01
99 1 1.83
100 1 0.01
101 1 0.01
102 1 0.01
103 1 0.01
104 7 11.04
105 1 1.84
106 1 1.85
107 1 1.83
108 1 0.01
109 1 0.01
110 25 5.90
111 1 0.01
112 1 0.01
113 1 0.01
114 1 0.01
115 1 0.01
116 1 0.01
117 1 1.84
118 1 0.01
119 1 0.01
120 1 0.01
121 1 0.01
122 1 0.01
123 1 0.01
124 1 0.01
125 1 0.01
126 1 0.01
127 1 0.01
128 1 0.01
129 1 0.01
130 1 0.01
131 1 0.01
132 1 0.01
133 1 0.01
134 1 0.01
135 1 1.87
136 1 0.01
137 1 0.01
