0 0 0 0 0 0 0 0 0 0 0 0 0 0 0 0 0 
0 0 0 0 0 0 0 0 0 0 0 0 0 0 0 0 0 
0 0 0 0 0 0 0 0 0 0 0 0 0 0 0 0 0 
0 0 0 0 0 6 0 0 0 0 0 0 0 0 0 0 0 
0 0 0 0 0 0 0 0 0 0 0 0 0 0 0 0 0 
0 0 0 0 0 2 0 0 0 0 0 0 0 0 0 0 0 
0 0 0 0 0 1 0 0 0 0 0 0 0 0 0 0 0 
0 0 0 0 0 0 0 0 0 0 0 0 0 0 0 0 0 
3 1 1 2 0 22 2 0 10 0 0 5 1 0 3 0 0 
2 1 1 2 0 14 2 0 10 0 0 5 1 0 3 0 0 
2 1 1 2 0 9 2 0 5 0 0 3 1 0 1 0 0 
2 1 1 1 0 12 1 0 10 0 0 4 1 0 2 0 0 
2 1 1 1 0 7 2 0 3 0 0 2 0 0 1 0 0 
2 1 1 0 0 2 0 0 2 0 0 2 0 0 2 0 0 
0 2 0 0 0 0 0 0 0 0 0 0 0 0 0 0 0 
1 1 0 0 0 2 0 0 1 0 0 0 0 0 0 0 0 
0 0 0 0 0 0 0 0 0 0 0 0 0 0 0 0 0 
0 0 0 0 0 0 0 0 0 0 0 0 0 0 0 0 0 
0 0 0 0 0 0 0 0 0 0 0 0 0 0 0 0 0 
0 0 0 0 0 0 0 0 0 0 0 0 0 0 0 0 0 
0 1 0 0 0 10 1 0 0 0 0 0 0 0 0 0 0 
0 0 0 0 0 0 0 0 0 0 0 0 0 0 0 0 0 
2 0 1 0 0 0 0 0 0 0 0 0 0 0 0 0 0 
0 0 0 0 0 0 0 0 0 0 0 0 0 0 0 0 0 
0 0 0 0 0 0 0 0 0 0 0 0 0 0 0 0 0 
0 0 0 0 0 0 0 0 0 0 0 0 0 0 0 0 0 
2 1 1 2 0 14 2 0 10 0 0 5 1 0 3 0 0 
2 1 1 2 0 14 2 0 10 0 0 5 1 0 3 0 0 
2 1 1 2 0 14 2 0 10 0 0 5 1 0 3 0 0 
2 1 1 2 0 14 2 0 10 0 0 5 1 0 3 0 0 
2 1 1 2 0 14 2 0 10 0 0 5 1 0 3 0 0 
2 1 1 2 0 14 2 0 10 0 0 5 1 0 3 0 0 
2 1 1 2 0 14 2 0 10 0 0 4 1 0 2 0 0 
2 1 1 1 0 17 2 0 13 0 0 5 1 0 3 0 0 
2 1 1 2 0 19 2 0 15 0 0 3 0 0 3 0 0 
2 1 1 2 0 12 3 0 6 0 0 4 1 0 1 0 0 
1 2 0 1 0 8 1 0 2 0 0 5 1 0 1 0 0 
1 0 0 1 0 16 0 0 0 0 0 0 0 0 0 0 0 
3 1 3 2 0 6 0 0 2 0 0 0 0 0 0 0 0 
1 0 0 1 0 1 1 0 1 1 0 0 0 0 0 0 0 
1 0 0 0 0 0 0 0 0 0 0 0 0 0 0 0 0 
0 0 0 0 0 0 0 0 0 0 0 0 0 0 0 0 0 
0 0 0 0 0 0 0 0 0 0 0 0 0 0 0 0 0 
0 0 0 0 0 2 0 0 0 0 0 0 0 0 0 0 0 
0 0 0 0 0 0 0 0 0 0 0 0 0 0 0 0 0 
3 1 2 1 0 5 1 0 2 1 0 2 0 0 0 0 0 
0 1 0 0 0 1 1 0 0 0 0 1 1 0 0 0 0 
0 0 0 0 0 0 0 0 0 0 0 0 0 0 0 0 0 
2 0 1 0 0 1 0 0 1 0 0 0 0 0 0 0 0 
0 0 0 0 0 0 0 0 0 0 0 0 0 0 0 0 0 
0 0 0 0 0 2 0 0 0 0 0 0 0 0 0 0 0 
0 0 0 0 0 0 0 0 0 0 0 0 0 0 0 0 0 
0 1 0 0 0 2 1 0 0 0 0 0 0 0 0 0 0 
1 0 0 2 0 4 0 0 4 0 0 0 0 0 0 0 0 
3 1 2 3 0 35 5 0 8 4 0 0 0 0 0 0 0 
1 0 0 0 0 4 0 0 0 0 0 0 0 0 0 0 0 
0 0 0 0 0 0 0 0 0 0 0 0 0 0 0 0 0 
4 1 4 2 0 5 0 0 4 0 0 2 0 0 2 0 0 
2 1 1 1 0 4 0 0 4 0 0 0 0 0 0 0 0 
1 2 0 0 0 4 1 0 2 0 0 0 0 0 0 0 0 
0 0 0 0 0 1 0 0 0 0 0 0 0 0 0 0 0 
0 0 0 0 0 0 0 0 0 0 0 0 0 0 0 0 0 
0 0 0 0 0 1 0 0 0 0 0 0 0 0 0 0 0 
0 0 0 0 0 0 0 0 0 0 0 0 0 0 0 0 0 
0 0 0 0 0 0 0 0 0 0 0 0 0 0 0 0 0 
0 0 0 0 0 0 0 0 0 0 0 0 0 0 0 0 0 
0 0 0 0 0 0 0 0 0 0 0 0 0 0 0 0 0 
0 0 0 0 0 0 0 0 0 0 0 0 0 0 0 0 0 
0 0 0 0 0 0 0 0 0 0 0 0 0 0 0 0 0 
2 1 1 2 0 4 0 0 2 0 0 2 0 0 1 0 0 
1 0 0 1 0 3 3 0 3 3 0 1 1 0 1 1 0 
1 0 0 1 0 4 0 0 4 0 0 1 0 0 1 0 0 
2 1 1 2 0 14 2 0 10 0 0 4 1 0 2 0 0 
1 2 0 1 0 14 2 0 6 0 0 5 1 0 2 0 0 
1 0 0 1 0 4 0 0 4 0 0 1 0 0 1 0 0 
2 1 1 2 0 14 2 0 10 0 0 6 1 0 4 0 0 
2 1 1 2 0 9 2 0 5 0 0 5 1 0 2 0 0 
2 1 1 2 0 10 1 0 8 0 0 6 1 0 4 0 0 
2 2 1 2 0 2 1 0 0 0 0 1 0 0 0 0 0 
2 1 1 2 0 2 2 0 2 2 0 2 2 0 2 2 0 
1 0 0 2 0 0 0 0 0 0 0 0 0 0 0 0 0 
2 0 1 0 0 0 0 0 0 0 0 0 0 0 0 0 0 
0 0 0 0 0 0 0 0 0 0 0 0 0 0 0 0 0 
0 0 0 0 0 0 0 0 0 0 0 0 0 0 0 0 0 
0 0 0 0 0 0 0 0 0 0 0 0 0 0 0 0 0 
0 0 0 0 0 0 0 0 0 0 0 0 0 0 0 0 0 
0 0 0 0 0 0 0 0 0 0 0 0 0 0 0 0 0 
0 0 0 0 0 0 0 0 0 0 0 0 0 0 0 0 0 
