1 1 0.01
2 10 23.09
3 20 40.92
4 10 19.58
5 2 8.13
6 9 23.76
7 18 27.48
8 8 64.85
9 14 55.38
10 23 11.78
11 14 26.34
12 6 9.77
13 6 13.42
14 25 2.25
15 25 1.24
16 1 0.01
17 1 0.01
18 14 22.09
19 9 21.52
20 10 26.11
21 20 32.84
22 18 24.64
23 9 31.48
24 25 6.18
25 14 30.56
26 23 14.25
27 17 12.33
28 17 9.65
29 7 2.84
30 1 1.83
31 1 0.01
32 1 0.01
33 1 2.00
34 1 0.01
35 1 0.01
36 1 0.01
37 24 40.35
38 16 31.14
39 14 24.60
40 14 16.64
41 20 27.39
42 10 27.62
43 21 16.66
44 18 25.82
45 7 5.35
46 2 8.53
47 9 14.71
48 9 23.42
49 2 7.80
50 5 57.73
51 9 22.71
52 13 32.80
53 18 22.20
54 13 23.61
55 2 8.47
56 10 17.48
57 20 21.66
58 5 48.45
59 23 14.06
60 14 14.07
61 17 14.36
62 2 11.69
63 25 7.72
64 25 3.27
65 1 0.01
66 1 0.01
67 1 0.01
68 1 0.01
69 20 38.70
70 20 16.66
71 10 22.65
72 9 20.76
73 18 26.79
74 16 34.43
75 10 20.92
76 9 21.42
77 20 30.66
78 16 19.57
79 14 23.63
80 23 20.56
81 20 21.33
82 16 16.43
83 10 25.34
84 9 28.06
85 7 5.67
86 2 7.99
87 11 24.53
88 20 28.75
89 2 8.54
90 14 11.72
91 23 25.54
92 2 11.23
93 25 4.85
94 2 16.13
95 1 0.01
96 1 0.01
97 1 0.01
98 25 6.03
99 6 3.08
100 7 4.34
101 1 0.01
102 25 1.24
103 1 0.01
104 1 0.01
105 10 42.66
106 18 34.09
107 20 37.87
108 10 25.83
109 5 28.97
110 18 23.93
111 18 24.01
112 11 22.29
113 19 53.78
114 10 56.87
115 11 30.13
116 4 43.85
117 11 59.93
118 10 29.49
119 23 21.48
120 17 11.25
121 17 12.99
122 6 6.45
123 6 6.63
124 1 1.83
125 1 0.01
126 1 0.01
127 1 0.01
128 6 28.39
129 7 5.50
130 1 0.01
131 20 24.68
132 17 19.96
133 7 2.99
134 2 8.20
135 9 25.40
136 13 26.55
137 7 5.62
138 2 7.99
139 20 18.71
140 10 23.30
141 10 38.88
142 9 16.77
143 9 23.53
144 20 13.75
145 14 14.17
146 23 14.25
147 17 14.09
148 2 11.31
149 6 7.23
150 25 2.71
151 1 0.01
152 1 0.01
153 1 0.01
154 7 4.65
155 25 5.90
156 1 0.01
157 1 0.01
158 22 89.68
159 2 9.00
160 11 25.93
161 5 39.72
162 21 42.21
163 11 21.55
164 11 21.04
165 2 8.53
166 11 24.47
167 5 28.40
168 2 16.39
169 25 15.66
170 7 3.86
171 6 6.63
172 6 2.64
173 1 0.01
174 1 0.01
175 1 0.01
176 1 0.01
177 1 0.01
178 20 18.60
179 14 21.31
180 16 21.19
181 10 25.48
182 9 27.57
183 20 21.32
184 10 28.68
185 2 9.10
186 23 23.22
187 14 25.03
188 25 1.52
189 2 13.52
190 17 11.55
191 1 2.00
192 1 0.01
193 25 10.66
194 6 6.86
195 1 0.01
196 7 2.43
197 1 1.83
198 1 0.01
199 1 0.01
200 1 0.01
201 2 38.71
202 1 0.01
203 1 0.01
204 20 31.51
205 7 5.67
206 2 7.99
207 20 23.67
208 20 23.26
209 20 16.75
210 23 23.65
211 21 17.72
212 9 31.52
213 14 24.79
214 9 22.86
215 23 16.66
216 25 5.81
217 17 16.48
218 17 13.28
219 17 10.14
220 7 2.43
221 1 1.83
222 1 0.01
223 1 0.01
224 1 0.01
