1 16 17.50
2 1 0.01
3 9 19.20
4 20 17.83
5 16 13.51
6 14 22.69
7 23 15.75
8 20 23.33
9 2 19.50
10 2 16.46
11 2 22.29
12 25 1.52
13 17 13.55
14 17 11.63
15 1 0.01
16 25 2.80
17 1 1.85
18 1 0.01
19 1 0.01
20 1 0.01
21 7 11.21
22 25 5.81
23 7 2.28
24 6 4.29
25 1 1.84
26 1 0.01
27 1 0.01
28 7 3.20
29 1 0.01
30 1 0.01
31 1 0.01
32 14 20.70
33 10 22.51
34 5 31.44
35 12 21.53
36 5 21.73
37 9 24.24
38 2 9.10
39 12 24.53
40 21 32.66
41 22 50.00
42 9 15.20
43 23 26.97
44 17 11.57
45 17 12.90
46 6 6.26
47 6 9.55
48 1 1.84
49 1 0.01
50 1 0.01
51 1 0.01
52 1 0.01
53 20 30.37
54 10 24.47
55 22 133.65
56 5 20.26
57 23 14.81
58 10 21.59
59 9 24.32
60 2 21.24
61 9 16.26
62 2 23.59
63 25 2.90
64 17 14.76
65 25 2.22
66 25 4.85
67 7 3.53
68 1 0.01
69 1 0.01
70 1 0.01
71 1 0.01
72 1 0.01
73 1 0.01
74 2 25.93
75 7 5.54
76 1 1.83
77 5 15.33
78 18 22.86
79 14 29.08
80 11 29.62
81 25 6.48
82 9 25.30
83 2 20.99
84 21 26.83
85 7 5.68
86 25 2.67
87 17 10.53
88 2 11.81
89 6 3.31
90 25 3.33
91 1 0.01
92 1 0.01
93 1 0.01
94 1 0.01
95 1 0.01
96 1 0.01
97 1 0.01
98 1 0.01
99 17 23.04
100 2 16.21
101 17 7.98
102 7 12.36
103 1 0.01
104 7 19.43
105 7 2.92
106 1 0.01
107 25 2.71
108 1 0.01
109 1 0.01
110 1 0.01
111 1 0.01
112 8 40.45
113 10 32.40
114 10 21.72
115 10 16.81
116 9 15.10
117 13 20.55
118 20 20.72
119 19 42.44
120 14 32.13
121 14 12.45
122 9 24.74
123 17 25.25
124 6 8.35
125 25 6.74
126 25 6.25
127 25 8.13
128 25 1.52
129 1 1.84
130 1 0.01
131 1 1.87
132 1 0.01
133 7 4.65
134 1 0.01
135 20 48.79
136 18 29.13
137 20 33.70
138 25 4.81
139 9 19.19
140 23 10.83
141 1 0.01
142 17 22.38
143 25 5.07
144 6 2.64
145 1 0.01
146 1 0.01
147 2 21.16
148 1 0.01
149 1 0.01
150 1 0.01
151 22 33.52
152 16 44.63
153 25 6.19
154 11 35.88
155 10 24.08
156 5 36.29
157 21 31.57
158 25 6.28
159 11 33.20
160 23 11.97
161 17 15.41
162 17 16.44
163 7 2.89
164 7 2.28
165 1 1.83
166 1 0.01
167 1 0.01
168 7 3.22
169 1 2.00
170 1 0.01
171 25 5.81
172 23 45.39
173 1 0.01
174 1 0.01
175 13 28.27
176 11 30.85
177 7 5.44
178 25 6.19
179 12 24.24
180 12 29.91
181 25 6.49
182 11 31.18
183 7 5.51
184 2 9.20
185 23 15.51
186 25 2.72
187 25 2.69
188 6 3.44
189 6 23.42
190 1 0.01
191 1 0.01
192 1 0.01
193 25 1.24
194 1 0.01
195 1 0.01
196 1 0.01
197 1 0.01
198 2 13.49
199 7 6.84
200 1 1.83
201 7 2.90
202 1 0.01
203 1 0.01
204 1 0.01
205 1 1.86
206 1 0.01
207 1 0.01
208 15 30.46
209 2 13.48
210 7 5.48
211 1 0.01
212 9 20.17
213 20 27.90
214 10 30.31
215 10 19.81
216 9 22.26
217 2 9.30
218 14 17.63
219 17 14.08
220 14 17.47
221 2 14.00
222 25 8.56
223 7 5.50
224 1 0.01
225 25 4.84
226 25 4.32
227 1 0.01
228 1 0.01
229 25 3.17
230 1 0.01
231 1 0.01
232 16 28.30
233 14 18.71
234 6 23.31
235 17 19.56
236 25 4.61
237 25 4.92
238 1 0.01
239 1 0.01
240 7 37.75
241 25 5.82
242 25 4.80
243 7 4.35
244 1 0.01
245 25 5.38
246 6 2.59
247 1 0.01
248 1 0.01
249 1 0.01
250 1 0.01
251 1 0.01
252 1 0.01
253 1 0.01
254 1 0.01
255 1 0.01
256 1 0.01
