32 1 0.01
33 1 0.01
34 9 2.46
35 1 0.01
36 1 0.01
37 1 0.01
38 1 1.80
39 14 0.99
40 14 1.02
41 1 0.01
42 1 0.01
43 1 0.01
44 14 2.69
45 14 11.74
46 10 11.52
47 9 8.13
48 1 0.01
49 14 4.32
50 14 2.77
51 1 0.01
52 14 1.29
53 1 0.01
54 25 9.48
55 1 0.01
56 1 1.76
57 1 0.01
58 1 0.01
59 1 0.01
60 14 1.25
61 1 0.01
62 14 1.02
63 1 0.01
64 25 14.46
65 9 2.84
66 1 1.76
67 1 0.01
68 1 0.01
69 14 0.99
70 14 3.85
71 1 1.80
72 1 0.01
73 1 1.79
74 1 0.01
75 1 0.01
76 1 1.76
77 1 0.01
78 1 0.01
79 1 0.01
80 1 0.01
81 1 5.74
82 1 0.01
83 1 0.01
84 1 0.01
85 1 0.01
86 14 2.86
87 14 15.58
88 10 14.61
89 9 8.68
90 1 0.01
91 1 1.76
92 1 0.01
93 1 0.01
94 1 0.01
95 1 0.01
96 25 15.75
97 14 1.21
98 1 1.78
99 1 0.01
100 1 0.01
101 1 0.01
102 14 1.25
103 14 0.99
104 14 1.02
105 1 0.01
106 25 23.01
107 9 2.46
108 1 1.78
109 1 0.01
110 1 0.01
111 14 0.99
112 14 1.05
113 1 1.79
114 1 0.01
115 25 7.17
116 14 4.25
117 1 0.01
118 1 1.76
119 1 0.01
120 1 0.01
121 14 1.05
122 1 0.01
123 1 0.01
124 1 0.01
125 1 0.01
126 1 0.01
127 1 0.01
128 14 2.85
129 10 25.57
130 9 11.27
131 9 6.44
132 1 0.01
133 1 1.79
134 14 1.29
135 1 0.01
136 1 0.01
137 1 0.01
138 9 4.64
139 1 0.01
140 1 0.01
141 1 0.01
142 1 0.01
143 1 0.01
144 14 1.25
145 1 0.01
146 14 1.02
147 1 0.01
148 25 8.71
149 9 2.77
150 1 1.78
151 1 1.76
152 1 0.01
153 1 0.01
154 9 4.56
155 9 6.76
156 1 0.01
157 6 27.77
158 14 4.25
159 1 0.01
160 1 1.76
161 1 0.01
162 1 0.01
163 1 1.76
164 1 0.01
165 1 1.76
166 1 0.01
167 1 1.79
168 1 0.01
169 14 2.86
170 1 3.77
171 14 15.71
172 10 9.28
173 9 6.26
174 1 0.01
175 14 2.67
176 1 0.01
177 1 0.01
178 1 1.80
179 1 0.01
180 25 10.08
181 1 0.01
182 9 2.40
183 1 1.80
184 1 0.01
185 1 0.01
186 14 1.25
187 1 0.01
188 14 1.02
189 1 0.01
190 25 12.80
191 9 2.40
192 1 1.80
193 1 0.01
194 1 0.01
195 14 1.05
196 14 1.05
197 1 1.79
198 1 0.01
199 25 10.85
200 1 0.01
201 1 0.01
202 1 1.76
203 1 0.01
204 1 1.76
205 1 0.01
206 1 0.01
207 1 1.76
208 1 0.01
209 1 0.01
210 1 0.01
211 1 0.01
212 1 0.01
213 1 0.01
214 1 0.01
215 1 0.01
216 1 0.01
217 1 0.01
218 1 1.80
219 1 0.01
220 1 0.01
221 1 0.01
222 1 0.01
223 25 23.03
224 1 0.01
225 9 5.38
226 1 0.01
227 1 0.01
228 1 0.01
229 1 0.01
230 1 0.01
231 1 0.01
232 1 0.01
233 9 3.43
234 1 0.01
235 1 1.78
236 9 2.46
237 1 0.01
238 1 0.01
239 1 0.01
240 9 6.76
241 1 0.01
242 25 24.54
243 14 0.99
244 1 0.01
245 1 0.01
246 1 0.01
247 1 0.01
248 1 1.76
249 1 0.01
250 1 0.01
251 1 0.01
252 1 0.01
253 14 1.29
254 1 0.01
255 1 0.01
256 9 13.93
257 9 6.87
258 9 2.54
259 1 1.76
260 1 1.79
261 1 0.01
262 1 0.01
263 1 2.00
264 1 0.01
265 1 0.01
266 1 0.01
267 1 0.01
268 1 0.01
269 1 2.00
270 1 0.01
271 1 1.79
272 1 0.01
273 1 0.01
274 1 0.01
275 1 0.01
276 14 1.29
277 1 0.01
278 25 5.10
279 1 0.01
280 14 2.91
281 1 0.01
282 1 0.01
283 1 0.01
284 1 0.01
285 1 1.79
286 1 0.01
287 25 13.16
288 1 0.01
289 1 0.01
290 1 1.78
291 1 0.01
292 1 0.01
293 1 0.01
294 1 0.01
295 1 0.01
296 1 0.01
297 1 0.01
298 1 0.01
299 1 0.01
300 14 1.21
301 14 1.21
302 14 7.69
303 1 1.80
304 1 0.01
305 1 1.79
306 1 0.01
307 1 0.01
308 1 0.01
309 1 0.01
310 25 4.29
311 1 0.01
312 1 0.01
313 1 1.76
314 1 0.01
315 1 0.01
316 14 1.25
317 1 0.01
318 14 1.02
319 1 0.01
320 14 3.96
321 25 37.94
322 14 4.49
323 1 0.01
324 1 1.78
325 1 0.01
326 1 0.01
327 1 0.01
328 1 0.01
329 1 0.01
330 1 0.01
331 1 0.01
332 1 1.78
333 1 0.01
334 1 0.01
