1 0 0 0 0 0 0 0 0 0 0 0 0 0 0 0 0 0 
2 0 0 0 0 0 0 0 0 0 0 0 0 0 0 0 0 0 
3 0 0 0 0 0 0 0 0 0 0 0 0 0 0 0 0 0 
4 0 0 0 0 0 0 0 0 0 0 0 0 0 0 0 0 0 
5 0 0 0 0 0 0 0 0 0 0 0 0 0 0 0 0 0 
6 2 1 1 2 0 31 0 0 6 0 0 4 0 0 2 0 0 
7 2 1 1 2 0 14 2 0 10 0 0 5 1 0 3 0 0 
8 2 1 1 2 0 9 2 0 5 0 0 3 1 0 1 0 0 
9 2 1 1 1 0 4 1 0 2 0 0 3 1 0 1 0 0 
10 2 1 1 1 0 1 0 0 1 0 0 1 0 0 1 0 0 
11 2 1 1 0 0 2 0 0 2 0 0 0 0 0 0 0 0 
12 0 1 0 0 0 1 1 0 0 0 0 0 0 0 0 0 0 
13 0 0 0 0 0 0 0 0 0 0 0 0 0 0 0 0 0 
14 0 0 0 0 0 0 0 0 0 0 0 0 0 0 0 0 0 
15 0 0 0 0 0 0 0 0 0 0 0 0 0 0 0 0 0 
16 0 0 0 0 0 0 0 0 0 0 0 0 0 0 0 0 0 
17 0 0 0 0 0 0 0 0 0 0 0 0 0 0 0 0 0 
18 0 0 0 0 0 0 0 0 0 0 0 0 0 0 0 0 0 
19 0 0 0 0 0 0 0 0 0 0 0 0 0 0 0 0 0 
20 0 0 0 0 0 6 0 0 0 0 0 0 0 0 0 0 0 
21 1 0 0 1 0 1 1 0 1 1 0 0 0 0 0 0 0 
22 1 0 0 0 0 2 0 0 2 0 0 0 0 0 0 0 0 
23 0 0 0 0 0 7 0 0 0 0 0 0 0 0 0 0 0 
24 2 0 1 0 0 0 0 0 0 0 0 0 0 0 0 0 0 
25 0 0 0 0 0 0 0 0 0 0 0 0 0 0 0 0 0 
26 0 0 0 0 0 0 0 0 0 0 0 0 0 0 0 0 0 
27 0 0 0 0 0 0 0 0 0 0 0 0 0 0 0 0 0 
28 2 0 1 1 0 2 0 0 2 0 0 1 0 0 1 0 0 
29 0 0 0 0 0 0 0 0 0 0 0 0 0 0 0 0 0 
30 1 2 0 1 0 10 1 0 4 0 0 2 0 0 1 0 0 
31 0 1 0 0 0 4 0 0 0 0 0 1 0 0 0 0 0 
32 0 1 0 0 0 6 0 0 0 0 0 1 0 0 0 0 0 
33 1 0 0 1 0 4 0 0 4 0 0 1 0 0 1 0 0 
34 2 1 1 2 0 14 2 0 10 0 0 5 1 0 3 0 0 
35 2 1 1 3 0 27 2 0 21 0 0 6 1 0 4 0 0 
36 3 1 2 3 0 23 3 0 12 0 0 5 1 0 3 0 0 
37 2 1 1 2 0 14 2 0 10 0 0 5 1 0 3 0 0 
38 2 1 1 2 0 22 2 0 14 0 0 5 1 0 3 0 0 
39 3 1 1 2 0 22 2 0 10 0 0 5 1 0 3 0 0 
40 2 1 1 2 0 14 2 0 10 0 0 5 1 0 3 0 0 
41 2 1 1 2 0 14 2 0 10 0 0 5 1 0 3 0 0 
42 2 1 1 2 0 14 2 0 10 0 0 4 1 0 2 0 0 
43 2 1 1 1 0 12 2 0 8 0 0 5 1 0 3 0 0 
44 2 1 1 2 0 10 1 0 8 0 0 3 0 0 3 0 0 
45 2 1 1 2 0 14 2 0 10 0 0 4 1 0 2 0 0 
46 1 2 0 1 0 14 2 0 6 0 0 4 1 0 2 0 0 
47 1 0 0 1 0 0 0 0 0 0 0 0 0 0 0 0 0 
48 2 1 1 1 0 7 0 0 7 0 0 2 0 0 2 0 0 
49 2 1 1 2 0 14 2 0 10 0 0 3 0 0 2 0 0 
50 1 1 0 1 0 3 2 0 0 0 0 2 1 0 0 0 0 
51 0 0 0 0 0 0 0 0 0 0 0 0 0 0 0 0 0 
52 1 0 0 2 0 12 0 0 0 0 0 0 0 0 0 0 0 
53 2 0 1 0 0 0 0 0 0 0 0 0 0 0 0 0 0 
54 0 0 0 0 0 0 0 0 0 0 0 0 0 0 0 0 0 
55 0 0 0 0 0 0 0 0 0 0 0 0 0 0 0 0 0 
56 0 1 0 0 0 3 1 0 0 0 0 2 1 0 0 0 0 
57 1 0 0 1 0 18 0 0 3 0 0 1 0 0 1 0 0 
58 1 0 0 2 0 0 0 0 0 0 0 0 0 0 0 0 0 
59 2 1 1 0 0 2 2 0 0 0 0 0 0 0 0 0 0 
60 0 0 0 0 0 0 0 0 0 0 0 0 0 0 0 0 0 
61 0 0 0 0 0 0 0 0 0 0 0 0 0 0 0 0 0 
62 0 0 0 0 0 0 0 0 0 0 0 0 0 0 0 0 0 
63 2 1 1 1 0 20 4 0 12 0 0 4 1 0 2 0 0 
64 1 2 0 1 0 10 1 0 4 0 0 3 0 0 2 0 0 
65 1 0 0 1 0 8 0 0 8 0 0 1 0 0 1 0 0 
66 2 2 0 1 0 38 2 0 6 0 0 5 1 0 2 0 0 
67 1 0 0 1 0 4 0 0 4 0 0 0 0 0 0 0 0 
68 2 1 1 1 0 17 2 0 13 0 0 3 1 0 1 0 0 
69 2 1 1 1 0 12 2 0 8 0 0 1 0 0 1 0 0 
70 2 1 1 1 0 12 1 0 10 0 0 1 0 0 1 0 0 
71 1 1 0 1 0 33 2 0 12 0 0 2 0 0 1 0 0 
72 1 0 0 1 0 16 4 0 4 4 0 1 1 0 1 1 0 
73 0 0 0 0 0 3 0 0 0 0 0 0 0 0 0 0 0 
74 2 1 1 2 0 22 2 0 14 0 0 4 1 0 2 0 0 
75 2 1 1 1 0 63 2 0 8 0 0 5 1 0 3 0 0 
76 2 1 1 2 0 10 1 0 8 0 0 3 0 0 3 0 0 
77 2 1 1 2 0 14 2 0 10 0 0 4 1 0 2 0 0 
78 1 2 0 1 0 14 2 0 6 0 0 5 1 0 2 0 0 
79 1 0 0 1 0 4 0 0 4 0 0 1 0 0 1 0 0 
80 2 1 1 2 0 24 2 0 20 0 0 5 1 0 3 0 0 
81 2 1 1 2 0 22 4 0 14 0 0 4 1 0 2 0 0 
82 2 1 1 1 0 22 2 0 18 0 0 5 1 0 3 0 0 
83 2 1 1 2 0 36 3 0 24 0 0 2 0 0 2 0 0 
84 3 2 1 3 0 98 16 0 24 8 0 5 3 0 3 2 0 
85 1 2 0 0 0 11 2 0 3 0 0 0 0 0 0 0 0 
86 2 1 1 0 0 8 0 0 0 0 0 0 0 0 0 0 0 
87 1 2 0 2 0 24 3 0 3 1 0 0 0 0 0 0 0 
88 0 0 0 0 0 3 0 0 0 0 0 0 0 0 0 0 0 
89 0 0 0 0 0 0 0 0 0 0 0 0 0 0 0 0 0 
90 0 0 0 0 0 0 0 0 0 0 0 0 0 0 0 0 0 
91 3 0 2 0 0 1 0 0 0 0 0 0 0 0 0 0 0 
92 0 0 0 0 0 0 0 0 0 0 0 0 0 0 0 0 0 
93 0 0 0 0 0 3 0 0 0 0 0 0 0 0 0 0 0 
94 0 0 0 0 0 0 0 0 0 0 0 0 0 0 0 0 0 
95 0 0 0 0 0 0 0 0 0 0 0 0 0 0 0 0 0 
96 1 0 0 0 0 4 0 0 0 0 0 0 0 0 0 0 0 
97 0 0 0 0 0 0 0 0 0 0 0 0 0 0 0 0 0 
98 1 0 0 1 0 2 1 0 2 1 0 0 0 0 0 0 0 
99 2 0 1 0 0 0 0 0 0 0 0 0 0 0 0 0 0 
100 0 0 0 0 0 0 0 0 0 0 0 0 0 0 0 0 0 
101 0 0 0 0 0 0 0 0 0 0 0 0 0 0 0 0 0 
102 0 0 0 0 0 0 0 0 0 0 0 0 0 0 0 0 0 
103 0 0 0 0 0 0 0 0 0 0 0 0 0 0 0 0 0 
104 0 0 0 0 0 12 0 0 0 0 0 0 0 0 0 0 0 
105 4 1 4 4 0 14 0 0 8 0 0 4 0 0 2 0 0 
106 2 1 1 1 0 26 1 0 6 0 0 4 1 0 2 0 0 
107 2 1 1 1 0 4 1 0 2 0 0 2 0 0 1 0 0 
108 2 1 1 0 0 4 0 0 4 0 0 2 0 0 2 0 0 
109 0 2 0 0 0 2 1 0 0 0 0 1 0 0 0 0 0 
110 0 1 0 0 0 1 1 0 0 0 0 1 1 0 0 0 0 
111 0 0 0 0 0 0 0 0 0 0 0 0 0 0 0 0 0 
112 1 0 0 0 0 0 0 0 0 0 0 0 0 0 0 0 0 
113 0 0 0 0 0 0 0 0 0 0 0 0 0 0 0 0 0 
114 2 1 1 2 0 14 2 0 10 0 0 5 1 0 3 0 0 
115 2 1 1 2 0 14 2 0 10 0 0 5 1 0 3 0 0 
116 2 1 1 2 0 14 2 0 10 0 0 5 1 0 3 0 0 
117 2 1 1 2 0 14 2 0 10 0 0 5 1 0 3 0 0 
118 2 1 1 2 0 14 2 0 10 0 0 5 1 0 3 0 0 
119 2 1 1 2 0 14 2 0 10 0 0 5 1 0 3 0 0 
120 2 1 1 2 0 14 2 0 10 0 0 5 1 0 3 0 0 
121 2 1 1 2 0 14 2 0 10 0 0 5 1 0 3 0 0 
122 2 1 1 2 0 14 2 0 10 0 0 5 1 0 3 0 0 
123 2 1 1 2 0 14 2 0 10 0 0 5 1 0 3 0 0 
124 2 1 1 2 0 19 2 0 15 0 0 5 1 0 3 0 0 
125 2 1 1 2 0 12 3 0 6 0 0 3 1 0 1 0 0 
126 2 1 1 1 0 4 1 0 2 0 0 3 1 0 1 0 0 
127 2 1 1 1 0 5 0 0 5 0 0 2 0 0 2 0 0 
128 3 1 3 1 0 6 1 0 2 0 0 0 0 0 0 0 0 
129 0 1 0 0 0 2 2 0 0 0 0 1 1 0 0 0 0 
130 0 0 0 0 0 0 0 0 0 0 0 0 0 0 0 0 0 
131 1 0 0 0 0 3 0 0 3 0 0 0 0 0 0 0 0 
132 0 0 0 0 0 3 0 0 0 0 0 0 0 0 0 0 0 
133 0 0 0 0 0 0 0 0 0 0 0 0 0 0 0 0 0 
134 4 1 4 4 0 20 0 0 13 0 0 7 0 0 4 0 0 
135 2 1 1 2 0 14 2 0 10 0 0 5 1 0 3 0 0 
136 2 1 1 2 0 18 2 0 12 0 0 5 1 0 3 0 0 
137 2 1 1 2 0 38 2 0 10 0 0 5 1 0 3 0 0 
138 2 1 1 2 0 14 2 0 10 0 0 5 1 0 3 0 0 
139 2 1 1 2 0 14 2 0 10 0 0 5 1 0 3 0 0 
140 2 1 1 2 0 9 2 0 5 0 0 3 1 0 1 0 0 
141 2 1 1 1 0 8 1 0 6 0 0 4 1 0 2 0 0 
142 2 1 1 1 0 4 1 0 2 0 0 2 0 0 1 0 0 
143 2 1 1 0 0 4 0 0 4 0 0 2 0 0 2 0 0 
144 0 2 0 0 0 2 1 0 0 0 0 0 0 0 0 0 0 
145 0 1 0 0 0 3 3 0 0 0 0 0 0 0 0 0 0 
146 0 0 0 0 0 0 0 0 0 0 0 0 0 0 0 0 0 
147 0 0 0 0 0 9 0 0 0 0 0 0 0 0 0 0 0 
148 1 0 0 1 0 4 0 0 0 0 0 0 0 0 0 0 0 
149 0 0 0 0 0 0 0 0 0 0 0 0 0 0 0 0 0 
150 0 0 0 0 0 2 0 0 0 0 0 0 0 0 0 0 0 
151 1 0 0 1 0 2 1 0 2 1 0 0 0 0 0 0 0 
152 1 0 0 0 0 1 0 0 0 0 0 0 0 0 0 0 0 
153 0 0 0 0 0 0 0 0 0 0 0 0 0 0 0 0 0 
154 0 0 0 0 0 0 0 0 0 0 0 0 0 0 0 0 0 
155 0 1 0 0 0 3 3 0 0 0 0 1 1 0 0 0 0 
156 0 0 0 0 0 0 0 0 0 0 0 0 0 0 0 0 0 
157 2 1 1 2 0 14 2 0 10 0 0 4 1 0 2 0 0 
158 2 1 1 1 0 12 2 0 8 0 0 5 1 0 3 0 0 
159 2 1 1 2 0 10 1 0 8 0 0 3 0 0 3 0 0 
160 2 1 1 2 0 14 2 0 10 0 0 4 1 0 2 0 0 
161 1 2 0 1 0 14 2 0 6 0 0 5 1 0 2 0 0 
162 1 0 0 1 0 4 0 0 4 0 0 1 0 0 1 0 0 
163 2 1 1 2 0 14 2 0 10 0 0 5 1 0 3 0 0 
164 2 1 1 2 0 14 2 0 10 0 0 5 1 0 3 0 0 
165 2 1 1 2 0 14 2 0 10 0 0 5 1 0 3 0 0 
166 2 1 1 2 0 14 2 0 10 0 0 5 1 0 3 0 0 
167 2 1 1 2 0 14 2 0 10 0 0 5 1 0 3 0 0 
168 2 1 1 2 0 14 2 0 10 0 0 4 1 0 2 0 0 
169 2 1 1 1 0 22 2 0 18 0 0 6 1 0 4 0 0 
170 2 1 1 2 0 18 3 0 12 0 0 5 0 0 4 0 0 
171 2 1 1 3 0 11 2 0 7 0 0 4 1 0 2 0 0 
172 1 3 0 1 0 4 1 0 0 0 0 2 1 0 0 0 0 
173 1 1 0 2 0 24 0 0 0 0 0 1 0 0 0 0 0 
174 3 0 0 1 3 2 0 0 2 0 0 0 0 0 0 0 0 
175 2 0 1 0 0 0 0 0 0 0 0 0 0 0 0 0 0 
176 0 0 0 0 0 0 0 0 0 0 0 0 0 0 0 0 0 
177 0 0 0 0 0 0 0 0 0 0 0 0 0 0 0 0 0 
178 0 0 0 0 0 0 0 0 0 0 0 0 0 0 0 0 0 
179 0 0 0 0 0 0 0 0 0 0 0 0 0 0 0 0 0 
180 0 0 0 0 0 0 0 0 0 0 0 0 0 0 0 0 0 
181 0 0 0 0 0 0 0 0 0 0 0 0 0 0 0 0 0 
182 2 0 1 2 0 3 0 0 2 0 0 1 0 0 1 0 0 
183 1 0 0 2 0 3 1 0 3 1 0 1 0 0 1 0 0 
184 3 0 2 1 0 6 0 0 3 0 0 3 0 0 2 0 0 
185 0 0 0 0 0 0 0 0 0 0 0 0 0 0 0 0 0 
186 0 1 0 0 0 4 0 0 0 0 0 1 0 0 0 0 0 
187 1 0 0 1 0 6 0 0 6 0 0 1 0 0 1 0 0 
188 2 1 1 2 0 18 3 0 12 0 0 5 1 0 3 0 0 
189 2 1 1 2 0 14 2 0 10 0 0 5 1 0 3 0 0 
190 2 1 1 3 0 21 2 0 15 0 0 5 1 0 3 0 0 
191 3 2 2 3 0 32 6 0 16 2 0 5 1 0 3 0 0 
192 2 1 1 2 0 14 2 0 10 0 0 5 1 0 3 0 0 
193 2 1 1 2 0 12 2 0 6 0 0 3 1 0 1 0 0 
194 3 1 3 2 0 30 3 0 16 2 0 4 1 0 2 0 0 
195 2 1 1 1 0 22 3 0 16 0 0 4 0 0 3 0 0 
196 2 1 1 1 0 11 2 0 9 0 0 3 0 0 3 0 0 
197 0 2 0 0 0 8 2 0 0 0 0 1 1 0 0 0 0 
198 1 3 0 0 0 30 3 0 2 0 0 1 0 0 0 0 0 
199 2 1 1 2 0 14 2 0 10 0 0 4 1 0 2 0 0 
200 1 2 0 1 0 22 2 0 6 0 0 4 1 0 2 0 0 
201 2 0 0 1 0 6 0 0 2 0 0 1 0 0 1 0 0 
202 2 1 1 2 0 10 1 0 8 0 0 3 0 0 3 0 0 
203 2 1 1 2 0 14 2 0 10 0 0 4 1 0 2 0 0 
204 1 2 0 1 0 14 2 0 6 0 0 4 1 0 2 0 0 
205 1 0 0 1 0 2 0 0 2 0 0 1 0 0 1 0 0 
206 2 1 1 2 0 10 1 0 8 0 0 3 0 0 3 0 0 
207 2 1 1 2 0 14 2 0 10 0 0 4 1 0 2 0 0 
208 1 2 0 1 0 14 2 0 6 0 0 5 1 0 2 0 0 
209 1 0 0 1 0 4 0 0 4 0 0 0 0 0 0 0 0 
210 2 1 1 1 0 12 2 0 8 0 0 5 1 0 3 0 0 
211 2 1 1 2 0 6 1 0 4 0 0 1 0 0 1 0 0 
212 2 1 1 1 0 4 1 0 2 0 0 2 1 0 0 0 0 
213 1 2 0 0 0 7 0 0 3 0 0 1 0 0 1 0 0 
214 1 0 0 0 0 3 0 0 3 0 0 0 0 0 0 0 0 
215 0 1 0 0 0 3 3 0 0 0 0 0 0 0 0 0 0 
216 0 0 0 0 0 0 0 0 0 0 0 0 0 0 0 0 0 
217 1 2 0 0 0 1 0 0 1 0 0 1 0 0 1 0 0 
218 2 0 1 0 0 1 0 0 0 0 0 0 0 0 0 0 0 
219 0 1 0 0 0 1 1 0 0 0 0 0 0 0 0 0 0 
220 0 0 0 0 0 0 0 0 0 0 0 0 0 0 0 0 0 
221 0 0 0 0 0 0 0 0 0 0 0 0 0 0 0 0 0 
222 0 0 0 0 0 0 0 0 0 0 0 0 0 0 0 0 0 
223 0 0 0 0 0 0 0 0 0 0 0 0 0 0 0 0 0 
224 0 0 0 0 0 0 0 0 0 0 0 0 0 0 0 0 0 
225 0 0 0 0 0 0 0 0 0 0 0 0 0 0 0 0 0 
226 2 1 1 1 0 12 2 0 8 0 0 3 1 0 1 0 0 
227 1 2 0 0 0 8 1 0 4 0 0 3 0 0 2 0 0 
228 1 0 0 1 0 4 0 0 4 0 0 1 0 0 1 0 0 
229 1 2 0 1 0 14 2 0 6 0 0 3 1 0 1 0 0 
230 0 1 0 0 0 0 0 0 0 0 0 0 0 0 0 0 0 
231 1 0 0 1 0 2 0 0 2 0 0 1 0 0 1 0 0 
232 2 1 1 2 0 10 1 0 8 0 0 2 0 0 2 0 0 
233 1 1 0 1 0 11 2 0 6 0 0 2 1 0 1 0 0 
234 0 0 0 0 0 0 0 0 0 0 0 0 0 0 0 0 0 
235 1 0 0 1 0 6 0 0 6 0 0 1 0 0 1 0 0 
236 2 1 1 2 0 12 3 0 6 0 0 2 1 0 0 0 0 
237 1 2 0 0 0 4 1 0 2 0 0 3 1 0 1 0 0 
238 1 0 0 2 0 0 0 0 0 0 0 0 0 0 0 0 0 
239 4 1 2 0 3 2 0 0 1 0 0 0 0 0 0 0 0 
240 0 1 0 0 0 1 1 0 0 0 0 1 1 0 0 0 0 
241 0 0 0 0 0 0 0 0 0 0 0 0 0 0 0 0 0 
242 1 0 0 0 0 0 0 0 0 0 0 0 0 0 0 0 0 
243 0 0 0 0 0 0 0 0 0 0 0 0 0 0 0 0 0 
244 0 0 0 0 0 0 0 0 0 0 0 0 0 0 0 0 0 
245 0 0 0 0 0 0 0 0 0 0 0 0 0 0 0 0 0 
246 0 0 0 0 0 0 0 0 0 0 0 0 0 0 0 0 0 
247 0 0 0 0 0 0 0 0 0 0 0 0 0 0 0 0 0 
248 0 0 0 0 0 0 0 0 0 0 0 0 0 0 0 0 0 
249 0 0 0 0 0 0 0 0 0 0 0 0 0 0 0 0 0 
250 0 0 0 0 0 0 0 0 0 0 0 0 0 0 0 0 0 
251 1 0 0 0 0 0 0 0 0 0 0 0 0 0 0 0 0 
252 0 0 0 0 0 0 0 0 0 0 0 0 0 0 0 0 0 
253 0 0 0 0 0 0 0 0 0 0 0 0 0 0 0 0 0 
