#pdb lig overlap PP-crit PP-dst crit4 crit5 crit6 crit6_continue lig_vol pock_vol nb_AS nb_AS_norm mean_as_ray mean_as_solv_acc apol_as_prop apol_as_prop_norm mean_loc_hyd_dens mean_loc_hyd_dens_norm hydrophobicity_score volume_score polarity_score polarity_score_norm charge_score flex prop_polar_atm as_density as_density_norm as_max_dst as_max_dst_norm drug_score pock_asa pock_pol_asa pock_apol_asa ALA ARG ASN ASP CYS GLN GLU GLY HIS ILE LEU LYS MET PHE PRO SER THR TRP TYR VAL
dpoc.receptor.peptide.pdb PEP   8.49  0  10.13 0.00 0.00  0 -1.25  1118.23     916.87   138 1.00   3.99   0.54  0.35 0.35   30.79 0.89     27.08    3.81    11  1.00     1   0.11   38.81  6.69  1.00 15.08  1.00  0.63 485.25 238.89 246.36   1   0   1   1   3   2   1   3   1   3   0   2   1   2   1   2   0   1   0   1
dpoc.receptor.peptide.pdb PEP   0.00  0  19.40 0.00 0.00  0 -1.25  1118.23     130.16    42 0.30   3.27   0.46  0.86 0.86   34.44 1.00     62.90    4.90     4  0.36     0   0.22   14.81  3.03  0.45  7.03  0.50  0.90 31.81 6.45 25.36   0   0   0   0   2   0   1   0   1   3   1   0   0   0   0   0   0   1   1   0
dpoc.receptor.peptide.pdb PEP   0.00  0  25.44 0.00 0.00  0 -1.25  1118.23     756.03    42 0.30   4.34   0.55  0.21 0.21    8.00 0.23      4.73    3.91     8  0.73    -1   0.33   53.85  3.57  0.53  8.13  0.57  0.02 280.79 180.56 100.23   0   0   0   3   0   1   0   1   1   0   0   1   1   0   0   1   0   1   0   1
dpoc.receptor.peptide.pdb PEP   0.00  0  14.14 0.00 0.00  0 -1.25  1118.23     671.98    38 0.27   4.44   0.55  0.50 0.50   18.00 0.52     44.00    4.50     5  0.45     2   0.28   41.67  3.56  0.53  8.00  0.56  0.11 265.03 95.96 169.07   0   0   1   0   0   0   0   0   2   2   0   0   1   0   0   1   0   1   0   0
dpoc.receptor.peptide.pdb PEP   0.00  0  15.38 0.00 0.00  0 -1.25  1118.23     509.34    43 0.31   4.05   0.59  0.37 0.37   15.00 0.44    -13.43    3.43     4  0.36     1   0.32   50.00  3.31  0.49  9.07  0.63  0.01 275.17 177.36 97.82   0   0   3   0   0   0   0   0   1   0   0   0   1   0   2   0   0   0   0   0
dpoc.receptor.peptide.pdb PEP   0.94  0  11.63 0.00 0.00  0 -1.25  1118.23     667.77    52 0.37   3.98   0.53  0.08 0.08    3.00 0.09     -4.00    3.83     7  0.64    -2   0.34   63.64  4.78  0.71 12.68  0.85  0.01 321.32 244.03 77.29   0   0   3   2   0   0   0   0   0   0   0   0   1   1   3   0   1   1   0   0
dpoc.receptor.peptide.pdb PEP   0.00  0  12.50 0.00 0.00  0 -1.25  1118.23     215.20    38 0.27   3.28   0.37  0.16 0.16    5.00 0.15     27.31    3.54     8  0.73     3   0.29   55.56  4.14  0.62 10.33  0.70  0.04 120.49 85.46 35.02   1   0   1   0   0   0   0   1   3   0   0   0   0   1   0   2   1   0   1   2
dpoc.receptor.peptide.pdb PEP   0.00  0  21.38 0.00 0.00  0 -1.25  1118.23     618.46    41 0.29   4.32   0.57  0.05 0.05    1.00 0.03      5.75    3.88     7  0.64     0   0.25   45.83  3.67  0.55  8.17  0.57  0.01 251.14 205.25 45.89   0   0   1   2   0   0   0   0   2   0   0   0   0   0   0   1   0   1   0   1
dpoc.receptor.peptide.pdb PEP   0.00  0  23.97 0.00 0.00  0 -1.25  1118.23     272.08    40 0.28   3.80   0.52  0.30 0.30   11.00 0.32     14.00    4.67     3  0.27     1   0.34   47.62  2.48  0.37  6.77  0.48  0.01 188.04 99.88 88.16   0   0   0   1   0   0   0   0   1   0   0   1   0   2   1   0   0   0   0   0
dpoc.receptor.peptide.pdb PEP   0.00  0  26.03 0.00 0.00  0 -1.25  1118.23     850.49    36 0.26   4.13   0.57  0.39 0.39   13.00 0.38      2.38    4.12     6  0.55     1   0.30   41.67  4.09  0.61 10.52  0.72  0.01 300.57 196.71 103.86   0   0   0   1   1   0   1   0   1   1   0   2   0   0   0   1   0   0   0   0
dpoc.receptor.peptide.pdb PEP   0.00  0  18.18 0.00 0.00  0 -1.25  1118.23     240.72    37 0.26   3.61   0.49  0.24 0.24    8.00 0.23      5.50    4.00     5  0.45     1   0.40   45.83  3.29  0.49  6.97  0.50  0.01 176.35 85.77 90.57   0   0   0   1   0   0   0   0   2   1   0   0   0   0   2   0   1   0   1   0
dpoc.receptor.peptide.pdb PEP   2.83  0   7.22 0.00 0.00  0 -1.25  1118.23     536.64    44 0.31   4.39   0.59  0.09 0.09    2.00 0.06     24.45    3.64     4  0.36    -1   0.18   48.28  3.80  0.57  9.31  0.64  0.01 246.55 154.77 91.78   0   0   0   1   1   0   1   1   1   1   0   0   1   1   1   1   0   0   0   1
dpoc.receptor.peptide.pdb PEP  28.30  1   1.44 1.00 0.98  1  1.98  1118.23     644.37    50 0.36   4.26   0.56  0.16 0.16    7.00 0.20     12.54    3.38     7  0.64     0   0.26   53.33  4.18  0.62  9.16  0.63  0.02 318.40 186.77 131.63   2   0   1   2   0   0   0   2   1   0   0   1   0   1   0   1   0   0   1   1
