1 1 0 0 1 0 3 0 0 3 0 0 1 0 0 1 0 0 
2 1 0 0 2 0 0 0 0 0 0 0 0 0 0 0 0 0 
3 4 0 2 0 3 0 0 0 0 0 0 0 0 0 0 0 0 
4 1 0 0 0 0 0 0 0 0 0 0 0 0 0 0 0 0 
5 0 0 0 0 0 0 0 0 0 0 0 0 0 0 0 0 0 
6 0 0 0 0 0 0 0 0 0 0 0 0 0 0 0 0 0 
7 0 0 0 0 0 0 0 0 0 0 0 0 0 0 0 0 0 
8 0 0 0 0 0 0 0 0 0 0 0 0 0 0 0 0 0 
9 2 0 1 1 0 2 2 0 2 2 0 0 0 0 0 0 0 
10 0 0 0 0 0 0 0 0 0 0 0 0 0 0 0 0 0 
11 1 0 0 1 0 2 2 0 2 2 0 1 1 0 1 1 0 
12 1 0 0 2 0 2 1 0 2 1 0 1 0 0 1 0 0 
13 3 0 0 3 3 18 1 0 18 1 0 4 0 0 4 0 0 
14 3 1 2 3 0 4 0 0 3 0 0 1 0 0 1 0 0 
15 0 0 0 0 0 0 0 0 0 0 0 0 0 0 0 0 0 
16 1 0 0 2 0 0 0 0 0 0 0 0 0 0 0 0 0 
17 5 0 5 0 0 0 0 0 0 0 0 0 0 0 0 0 0 
18 0 0 0 0 0 1 0 0 0 0 0 0 0 0 0 0 0 
19 0 0 0 0 0 0 0 0 0 0 0 0 0 0 0 0 0 
20 0 0 0 0 0 0 0 0 0 0 0 0 0 0 0 0 0 
21 0 0 0 0 0 0 0 0 0 0 0 0 0 0 0 0 0 
22 0 0 0 0 0 0 0 0 0 0 0 0 0 0 0 0 0 
23 1 0 0 0 0 0 0 0 0 0 0 0 0 0 0 0 0 
24 0 0 0 0 0 0 0 0 0 0 0 0 0 0 0 0 0 
25 0 0 0 0 0 0 0 0 0 0 0 0 0 0 0 0 0 
26 0 0 0 0 0 0 0 0 0 0 0 0 0 0 0 0 0 
27 0 0 0 0 0 0 0 0 0 0 0 0 0 0 0 0 0 
28 0 0 0 0 0 0 0 0 0 0 0 0 0 0 0 0 0 
29 0 0 0 0 0 0 0 0 0 0 0 0 0 0 0 0 0 
30 0 0 0 0 0 0 0 0 0 0 0 0 0 0 0 0 0 
31 0 0 0 0 0 0 0 0 0 0 0 0 0 0 0 0 0 
32 1 0 0 1 0 8 0 0 8 0 0 0 0 0 0 0 0 
33 2 0 1 1 0 5 0 0 1 0 0 0 0 0 0 0 0 
34 4 1 0 1 3 15 1 0 5 0 0 2 0 0 1 0 0 
35 2 0 1 1 0 1 0 0 1 0 0 0 0 0 0 0 0 
36 0 0 0 0 0 0 0 0 0 0 0 0 0 0 0 0 0 
37 1 0 0 1 0 6 6 0 6 6 0 0 0 0 0 0 0 
38 1 0 0 2 0 12 12 0 12 12 0 2 2 0 2 2 0 
39 2 1 1 2 0 36 2 0 30 0 0 5 1 0 3 0 0 
40 2 2 1 2 0 42 7 0 8 0 0 6 2 0 1 0 0 
41 2 1 1 1 0 8 1 0 6 0 0 5 1 0 3 0 0 
42 2 1 1 2 0 19 1 0 14 0 0 3 0 0 2 0 0 
43 3 2 3 1 0 85 3 0 18 0 0 4 1 0 2 0 0 
44 0 2 0 0 0 6 3 0 0 0 0 1 0 0 0 0 0 
45 1 0 0 1 0 2 1 0 2 1 0 1 1 0 1 1 0 
46 1 0 0 1 0 16 0 0 0 0 0 0 0 0 0 0 0 
47 2 0 1 0 0 6 0 0 0 0 0 0 0 0 0 0 0 
48 0 0 0 0 0 0 0 0 0 0 0 0 0 0 0 0 0 
49 0 0 0 0 0 0 0 0 0 0 0 0 0 0 0 0 0 
50 0 0 0 0 0 1 0 0 0 0 0 0 0 0 0 0 0 
51 0 0 0 0 0 0 0 0 0 0 0 0 0 0 0 0 0 
52 0 0 0 0 0 0 0 0 0 0 0 0 0 0 0 0 0 
53 0 0 0 0 0 0 0 0 0 0 0 0 0 0 0 0 0 
54 0 0 0 0 0 0 0 0 0 0 0 0 0 0 0 0 0 
55 0 0 0 0 0 1 0 0 0 0 0 0 0 0 0 0 0 
56 0 0 0 0 0 0 0 0 0 0 0 0 0 0 0 0 0 
57 1 0 0 2 0 6 3 0 6 3 0 2 0 0 2 0 0 
58 3 0 0 4 3 14 3 0 14 3 0 5 1 0 5 1 0 
59 4 2 4 5 0 9 0 0 5 0 0 2 0 0 1 0 0 
60 2 1 1 3 0 5 2 0 2 1 0 1 1 0 1 1 0 
61 4 0 2 1 3 8 0 0 6 0 0 0 0 0 0 0 0 
62 2 0 1 0 0 3 0 0 0 0 0 0 0 0 0 0 0 
63 0 0 0 0 0 1 0 0 0 0 0 0 0 0 0 0 0 
64 0 0 0 0 0 0 0 0 0 0 0 0 0 0 0 0 0 
65 1 1 0 1 0 13 1 0 6 0 0 0 0 0 0 0 0 
66 0 0 0 0 0 0 0 0 0 0 0 0 0 0 0 0 0 
67 0 1 0 0 0 13 1 0 0 0 0 1 1 0 0 0 0 
68 5 0 2 1 6 1 0 0 1 0 0 0 0 0 0 0 0 
69 1 0 0 1 0 1 0 0 1 0 0 1 0 0 1 0 0 
70 1 0 0 1 0 1 0 0 1 0 0 0 0 0 0 0 0 
71 1 0 0 1 0 2 2 0 2 2 0 0 0 0 0 0 0 
72 1 0 0 0 0 0 0 0 0 0 0 0 0 0 0 0 0 
73 0 0 0 0 0 0 0 0 0 0 0 0 0 0 0 0 0 
74 0 1 0 0 0 0 0 0 0 0 0 0 0 0 0 0 0 
75 1 0 0 0 0 3 0 0 1 0 0 0 0 0 0 0 0 
76 0 0 0 0 0 0 0 0 0 0 0 0 0 0 0 0 0 
77 6 0 6 1 0 15 4 0 8 4 0 0 0 0 0 0 0 
78 0 0 0 0 0 0 0 0 0 0 0 0 0 0 0 0 0 
79 0 0 0 0 0 0 0 0 0 0 0 0 0 0 0 0 0 
80 0 0 0 0 0 4 0 0 0 0 0 0 0 0 0 0 0 
81 0 0 0 0 0 0 0 0 0 0 0 0 0 0 0 0 0 
82 0 0 0 0 0 0 0 0 0 0 0 0 0 0 0 0 0 
83 0 0 0 0 0 0 0 0 0 0 0 0 0 0 0 0 0 
84 0 1 0 0 0 1 1 0 0 0 0 0 0 0 0 0 0 
85 0 0 0 0 0 0 0 0 0 0 0 0 0 0 0 0 0 
86 0 0 0 0 0 0 0 0 0 0 0 0 0 0 0 0 0 
87 0 0 0 0 0 0 0 0 0 0 0 0 0 0 0 0 0 
88 0 1 0 0 0 1 1 0 0 0 0 1 1 0 0 0 0 
89 0 0 0 0 0 0 0 0 0 0 0 0 0 0 0 0 0 
90 1 0 0 0 0 0 0 0 0 0 0 0 0 0 0 0 0 
91 0 0 0 0 0 0 0 0 0 0 0 0 0 0 0 0 0 
92 4 1 4 1 0 11 0 0 5 0 0 3 0 0 2 0 0 
93 0 2 0 0 0 8 2 0 0 0 0 2 1 0 0 0 0 
94 1 2 0 1 0 16 2 0 3 0 0 1 0 0 1 0 0 
95 1 0 0 1 0 0 0 0 0 0 0 0 0 0 0 0 0 
96 1 2 0 0 0 1 0 0 1 0 0 1 0 0 1 0 0 
97 2 0 1 2 0 16 8 0 10 8 0 0 0 0 0 0 0 
98 0 1 0 0 0 3 3 0 0 0 0 0 0 0 0 0 0 
99 0 0 0 0 0 0 0 0 0 0 0 0 0 0 0 0 0 
100 0 0 0 0 0 0 0 0 0 0 0 0 0 0 0 0 0 
101 3 0 0 0 3 0 0 0 0 0 0 0 0 0 0 0 0 
102 1 0 0 0 0 0 0 0 0 0 0 0 0 0 0 0 0 
103 0 0 0 0 0 0 0 0 0 0 0 0 0 0 0 0 0 
104 3 1 2 2 0 3 0 0 1 0 0 0 0 0 0 0 0 
105 0 0 0 0 0 0 0 0 0 0 0 0 0 0 0 0 0 
106 2 0 1 1 0 2 0 0 1 0 0 0 0 0 0 0 0 
107 1 0 0 1 0 1 1 0 1 1 0 1 1 0 1 1 0 
108 1 0 0 1 0 0 0 0 0 0 0 0 0 0 0 0 0 
109 1 0 0 0 0 0 0 0 0 0 0 0 0 0 0 0 0 
110 0 0 0 0 0 0 0 0 0 0 0 0 0 0 0 0 0 
111 0 0 0 0 0 0 0 0 0 0 0 0 0 0 0 0 0 
112 0 0 0 0 0 0 0 0 0 0 0 0 0 0 0 0 0 
113 1 0 0 1 0 1 0 0 1 0 0 1 0 0 1 0 0 
114 1 0 0 1 0 0 0 0 0 0 0 0 0 0 0 0 0 
115 1 0 0 0 0 0 0 0 0 0 0 0 0 0 0 0 0 
116 0 0 0 0 0 0 0 0 0 0 0 0 0 0 0 0 0 
117 0 0 0 0 0 0 0 0 0 0 0 0 0 0 0 0 0 
