1 9 6.00
2 9 6.56
3 25 14.52
4 1 1.80
5 1 0.01
6 1 0.01
7 1 0.01
8 1 0.01
9 9 3.46
10 1 0.01
11 10 7.49
12 2 11.37
13 11 43.45
14 10 28.04
15 1 0.01
16 9 4.51
17 25 33.60
18 1 0.01
19 1 0.01
20 1 0.01
21 1 0.01
22 1 0.01
23 1 1.79
24 1 0.01
25 1 0.01
26 1 0.01
27 1 0.01
28 1 0.01
29 1 0.01
30 1 0.01
31 1 0.01
32 9 2.54
33 9 3.97
34 10 16.31
35 9 6.61
36 1 0.01
37 9 2.33
38 2 28.01
39 3 17.33
40 3 42.35
41 11 22.69
42 7 28.42
43 11 28.76
44 14 5.49
45 2 9.93
46 9 2.40
47 9 3.57
48 1 0.01
49 1 0.01
50 1 0.01
51 1 0.01
52 1 0.01
53 1 0.01
54 1 0.01
55 1 0.01
56 1 0.01
57 10 13.43
58 11 48.76
59 25 50.52
60 10 14.41
61 25 25.34
62 9 3.67
63 1 0.01
64 1 0.01
65 9 3.75
66 1 0.01
67 14 7.74
68 25 22.98
69 9 6.42
70 9 2.92
71 9 2.33
72 1 1.80
73 1 0.01
74 14 1.02
75 1 1.80
76 1 0.01
77 6 24.05
78 1 0.01
79 1 0.01
80 1 0.01
81 1 0.01
82 1 0.01
83 1 0.01
84 14 0.99
85 1 0.01
86 1 0.01
87 1 0.01
88 14 4.44
89 1 0.01
90 1 1.80
91 1 0.01
92 25 35.02
93 14 20.05
94 2 15.04
95 9 2.46
96 14 7.53
97 9 9.67
98 14 1.05
99 1 0.01
100 1 0.01
101 9 11.47
102 1 1.78
103 1 0.01
104 9 23.85
105 1 0.01
106 9 3.75
107 9 7.77
108 9 2.33
109 1 1.80
110 1 0.01
111 1 0.01
112 1 0.01
113 9 5.86
114 9 2.77
115 1 1.78
116 1 0.01
117 1 0.01
