1 1 0.01
2 1 0.01
3 1 0.01
4 1 0.01
5 1 1.76
6 1 0.01
7 1 0.01
8 1 0.01
9 1 0.01
10 1 0.01
11 1 0.01
12 1 1.79
13 1 1.80
14 1 0.01
15 1 0.01
16 1 2.00
17 1 0.01
18 1 0.01
19 1 1.78
20 14 2.85
21 1 0.01
22 14 1.02
23 1 0.01
24 1 0.01
25 1 0.01
26 1 0.01
27 1 0.01
28 1 0.01
29 1 0.01
30 1 0.01
31 1 0.01
32 1 0.01
33 1 1.80
34 1 0.01
35 1 1.80
36 1 0.01
37 1 0.01
38 1 1.80
39 1 1.76
40 1 0.01
41 1 0.01
42 1 0.01
43 1 0.01
44 1 0.01
45 14 1.14
46 1 0.01
47 14 1.30
48 1 0.01
49 14 1.28
50 1 0.01
51 1 0.01
52 1 0.01
53 1 0.01
54 1 0.01
55 1 0.01
56 9 2.84
57 9 5.10
58 14 1.02
59 1 0.01
60 1 0.01
61 1 0.01
62 1 0.01
63 1 0.01
64 1 0.01
65 1 0.01
66 1 0.01
67 1 0.01
68 1 0.01
69 1 0.01
70 1 0.01
