3 1 2.00
4 18 16.23
5 2 25.09
6 2 8.24
7 11 25.52
8 9 6.46
9 8 24.35
10 3 31.21
11 11 34.43
12 14 2.77
13 2 14.89
14 9 12.50
15 25 18.56
16 9 2.54
17 1 1.76
18 1 0.01
19 1 0.01
20 18 20.51
21 15 21.34
22 23 30.90
23 24 39.48
24 15 31.18
25 8 28.61
26 17 12.32
27 15 39.95
28 17 8.29
29 10 8.27
30 9 5.63
31 14 2.48
32 14 1.05
33 1 0.01
34 1 0.01
35 1 2.00
36 1 0.01
37 1 0.01
38 1 0.01
39 13 44.41
40 9 6.07
41 2 20.11
42 14 2.66
43 2 10.78
44 2 15.16
45 14 6.39
46 14 2.62
47 14 2.68
48 9 5.94
49 2 16.82
50 2 21.78
51 14 2.64
52 14 2.93
53 2 8.20
54 7 27.65
55 7 29.70
56 14 6.37
57 2 8.49
58 23 16.48
59 3 23.61
60 9 2.98
61 8 35.06
62 11 16.01
63 17 15.96
64 10 17.79
65 1 0.01
66 9 6.72
67 9 6.02
68 1 0.01
69 1 0.01
70 1 0.01
71 1 0.01
72 1 1.78
73 1 0.01
74 13 51.88
75 13 25.31
76 14 6.09
77 2 8.49
78 3 21.31
79 23 35.92
80 2 9.16
81 8 30.61
82 13 46.49
83 2 7.53
84 8 19.96
85 3 17.87
86 2 8.58
87 3 21.77
88 8 29.70
89 12 30.15
90 7 23.26
91 12 18.88
92 8 27.15
93 2 8.83
94 23 29.00
95 8 25.26
96 11 12.94
97 11 16.54
98 11 11.47
99 2 28.02
100 9 8.58
101 14 5.66
102 10 9.08
103 1 0.01
104 1 0.01
105 1 0.01
106 14 1.14
107 1 1.80
108 14 0.99
109 1 0.01
110 1 0.01
111 1 0.01
112 1 0.01
113 13 31.59
114 23 21.26
115 18 28.43
116 11 21.43
117 24 24.51
118 17 22.99
119 9 6.45
120 8 25.83
121 8 42.39
122 23 34.36
123 7 31.66
124 2 11.81
125 7 55.07
126 23 51.97
127 17 40.55
128 17 18.29
129 10 17.67
130 14 2.11
131 9 6.96
132 9 5.10
133 1 0.01
134 1 0.01
135 1 0.01
136 12 61.70
137 2 9.05
138 2 29.98
139 13 37.88
140 14 6.11
141 2 8.83
142 13 31.01
143 9 5.91
144 7 37.38
145 13 22.23
146 23 17.73
147 12 23.78
148 2 8.83
149 18 18.22
150 8 25.98
151 15 26.22
152 3 15.92
153 11 21.92
154 17 13.83
155 10 14.55
156 9 2.40
157 9 7.60
158 9 6.70
159 1 0.01
160 1 0.01
161 1 0.01
162 14 4.47
163 14 1.21
164 1 0.01
165 1 0.01
166 18 69.70
167 24 30.92
168 15 31.55
169 14 6.37
170 2 8.98
171 7 31.44
172 8 27.70
173 2 8.33
174 7 24.29
175 11 29.07
176 2 32.96
177 10 13.86
178 14 7.20
179 9 9.66
180 14 7.19
181 1 0.01
182 1 0.01
183 1 0.01
184 1 0.01
185 1 0.01
186 2 21.17
187 2 15.34
188 14 6.25
189 14 6.39
190 14 2.61
191 9 5.98
192 23 28.55
193 2 18.43
194 15 29.21
195 14 2.74
196 9 5.94
197 17 7.23
198 10 10.62
199 9 5.70
200 14 2.56
201 14 1.14
202 1 0.01
203 1 0.01
204 14 2.05
205 14 0.99
206 1 0.01
207 1 0.01
208 1 0.01
209 2 33.92
210 14 5.95
211 1 0.01
212 3 19.43
213 7 38.03
214 23 26.00
215 24 29.01
216 2 8.49
217 11 19.50
218 8 19.27
219 15 20.92
220 8 28.04
221 10 11.08
222 14 2.78
223 2 8.46
224 10 11.69
225 10 11.23
226 14 1.29
227 9 2.77
228 14 2.66
229 1 0.01
230 1 0.01
231 1 0.01
232 1 0.01
