2 1 0.01
3 14 47.49
4 1 0.01
5 1 1.76
6 1 0.01
7 14 1.14
8 1 0.01
9 1 1.76
10 1 1.80
11 1 0.01
12 9 2.84
13 1 1.76
14 1 0.01
15 1 0.01
16 1 0.01
17 1 0.01
18 1 0.01
19 1 0.01
20 1 0.01
21 1 1.78
22 1 0.01
23 1 0.01
24 1 1.80
25 14 2.60
26 1 0.01
27 1 0.01
28 1 0.01
29 8 33.49
30 23 18.40
31 2 13.18
32 11 22.36
33 7 18.35
34 11 15.05
35 9 4.68
36 2 16.95
37 9 6.90
38 9 7.99
39 1 0.01
40 1 0.01
41 1 1.76
42 14 0.99
43 1 0.01
44 1 0.01
45 1 0.01
46 1 0.01
47 1 0.01
48 14 5.55
49 14 2.32
50 1 1.79
51 1 0.01
52 1 0.01
53 1 0.01
54 9 8.92
55 1 0.01
56 9 2.33
57 9 7.36
58 1 1.80
59 14 0.99
60 1 0.01
61 1 0.01
62 1 0.01
63 14 1.02
64 1 0.01
65 10 10.59
66 6 19.48
67 14 1.28
68 1 0.01
69 1 1.78
70 1 0.01
71 1 1.76
72 14 1.28
73 1 0.01
74 1 0.01
75 1 0.01
76 1 0.01
77 25 9.19
78 1 0.01
79 1 0.01
80 1 0.01
81 1 0.01
82 14 1.05
83 9 2.77
84 9 5.47
85 14 1.21
86 1 0.01
87 1 1.80
88 1 0.01
89 1 0.01
90 1 0.01
91 1 1.78
92 25 75.58
93 1 0.01
94 14 4.40
95 1 0.01
96 1 1.79
97 1 0.01
98 1 1.80
99 1 0.01
100 1 0.01
101 1 0.01
102 9 2.98
103 1 1.79
104 14 1.22
105 1 0.01
106 1 0.01
107 1 0.01
108 1 0.01
109 1 0.01
110 1 0.01
111 1 0.01
112 1 0.01
113 1 1.79
114 1 0.01
115 1 0.01
116 1 0.01
117 1 0.01
118 1 0.01
119 9 8.02
120 9 3.97
121 1 0.01
122 9 6.28
123 1 1.76
124 1 0.01
125 1 0.01
126 1 0.01
127 1 0.01
128 1 0.01
129 1 0.01
130 1 0.01
131 1 0.01
132 1 0.01
133 1 0.01
134 1 0.01
135 15 21.80
136 17 31.29
137 23 17.61
138 17 27.04
139 17 10.67
140 14 8.80
141 14 2.11
142 9 4.51
143 9 3.82
144 1 0.01
145 1 0.01
146 1 0.01
147 14 5.83
148 1 0.01
149 1 1.76
150 1 0.01
151 1 0.01
152 1 1.78
153 1 0.01
154 1 0.01
155 1 0.01
156 1 0.01
157 1 1.80
158 1 0.01
159 1 0.01
160 1 0.01
161 1 0.01
162 1 0.01
163 1 0.01
164 1 0.01
165 1 0.01
