1 1 0.01
2 1 0.01
3 1 1.83
4 1 0.01
5 1 0.01
6 1 0.01
7 1 0.01
8 1 1.84
9 1 1.87
10 1 0.01
11 1 0.01
12 1 3.70
13 1 0.01
14 1 0.01
15 1 1.85
16 7 3.20
17 1 0.01
18 1 1.83
19 1 0.01
20 1 0.01
21 1 0.01
22 1 0.01
23 1 1.84
24 1 0.01
25 1 0.01
26 1 0.01
27 1 0.01
28 1 0.01
29 1 0.01
30 1 0.01
31 1 1.86
32 1 0.01
33 1 0.01
34 7 20.99
35 1 0.01
36 25 3.53
37 7 8.89
38 1 0.01
39 1 0.01
40 1 0.01
41 1 0.01
42 1 0.01
43 1 0.01
44 1 0.01
45 6 3.96
46 1 0.01
47 1 0.01
48 1 0.01
49 1 0.01
50 1 0.01
51 1 0.01
52 1 0.01
53 25 5.06
54 6 2.59
55 1 0.01
56 1 0.01
57 1 0.01
58 1 0.01
59 1 0.01
60 1 0.01
