1 1 0.01
2 1 0.01
3 1 0.01
4 1 0.01
5 1 1.83
6 1 1.83
7 25 2.69
8 25 2.62
9 1 1.87
10 1 0.01
11 1 0.01
12 15 4.13
13 1 2.00
14 1 0.01
15 1 0.01
16 1 0.01
17 1 1.83
18 1 1.84
19 1 1.83
20 1 1.85
21 1 1.85
22 1 0.01
23 1 0.01
24 1 0.01
25 1 0.01
26 1 0.01
27 1 0.01
28 1 0.01
29 1 0.01
30 1 0.01
31 1 0.01
32 1 0.01
33 25 2.67
34 25 3.17
35 1 0.01
36 1 0.01
37 1 0.01
38 1 0.01
39 1 0.01
40 1 0.01
41 25 5.07
42 6 10.95
43 25 9.96
44 1 0.01
45 1 0.01
46 1 0.01
47 7 14.98
48 1 1.84
49 1 0.01
50 1 0.01
51 1 0.01
52 1 0.01
53 1 0.01
54 1 0.01
55 7 2.81
56 1 1.83
57 1 0.01
58 1 0.01
59 1 0.01
60 1 0.01
61 1 0.01
62 1 0.01
63 1 0.01
64 1 0.01
65 25 12.82
66 25 2.84
67 7 4.60
68 1 1.85
69 1 0.01
70 1 0.01
71 25 2.82
72 25 4.94
73 25 1.24
74 1 0.01
75 1 0.01
76 1 0.01
77 1 0.01
78 1 0.01
79 1 0.01
80 1 0.01
81 1 0.01
82 1 1.85
83 1 0.01
84 1 0.01
85 1 0.01
86 1 0.01
87 25 4.58
88 1 0.01
89 1 0.01
90 25 2.67
91 15 19.35
92 1 0.01
93 1 0.01
94 1 0.01
95 25 4.81
96 7 5.49
97 25 4.61
98 25 1.24
99 1 0.01
100 1 0.01
101 1 0.01
102 1 0.01
103 1 0.01
104 1 0.01
105 1 0.01
106 1 0.01
107 1 0.01
108 1 0.01
109 1 0.01
110 1 0.01
111 1 0.01
112 25 3.56
113 1 0.01
114 1 0.01
115 1 0.01
116 1 0.01
117 1 0.01
118 1 0.01
119 7 4.41
120 1 0.01
121 1 0.01
122 20 56.42
123 20 27.59
124 2 13.81
125 17 9.14
126 17 11.48
127 1 0.01
128 25 1.52
129 1 1.84
130 1 0.01
131 25 7.93
132 25 2.90
133 1 1.87
134 1 0.01
135 1 0.01
136 7 2.28
137 1 1.83
138 1 0.01
139 1 0.01
140 1 1.83
141 1 0.01
142 1 0.01
143 25 2.89
144 1 0.01
145 1 0.01
146 1 0.01
147 1 0.01
148 1 0.01
149 1 0.01
150 1 0.01
151 1 0.01
152 1 1.84
153 1 0.01
154 1 0.01
155 1 0.01
156 1 0.01
157 1 0.01
158 1 0.01
159 1 0.01
160 1 0.01
161 1 1.84
162 14 36.49
163 14 51.82
164 25 14.25
165 17 24.93
166 25 6.58
167 25 5.90
168 1 0.01
169 1 0.01
170 25 1.24
171 1 0.01
172 1 0.01
173 1 0.01
174 1 0.01
175 25 5.92
176 25 1.24
177 25 6.63
178 1 0.01
179 1 0.01
180 1 0.01
181 1 0.01
182 1 0.01
183 1 0.01
184 7 3.62
185 7 4.41
186 1 0.01
187 25 1.24
188 1 0.01
189 1 0.01
190 25 1.50
191 1 1.86
192 1 0.01
193 1 0.01
194 1 1.84
195 1 0.01
196 1 0.01
197 25 6.78
198 25 2.62
199 1 1.87
200 1 0.01
201 1 0.01
202 1 1.87
203 1 0.01
204 1 0.01
205 1 0.01
206 15 8.38
207 1 0.01
208 1 0.01
209 25 3.26
210 1 0.01
211 1 0.01
212 1 0.01
213 25 2.69
214 1 1.86
215 1 0.01
216 1 0.01
217 1 1.84
218 1 0.01
219 1 1.86
220 1 0.01
221 1 0.01
222 1 0.01
223 1 0.01
224 1 0.01
225 1 0.01
226 1 1.84
227 1 0.01
228 1 0.01
229 1 0.01
230 1 0.01
231 1 0.01
232 1 0.01
233 1 0.01
234 2 17.90
235 15 43.18
236 2 24.63
237 7 5.53
238 1 0.01
239 9 13.25
240 20 23.35
241 2 7.69
242 23 11.43
243 17 10.50
244 2 10.48
245 25 4.85
246 7 3.53
247 1 0.01
248 1 0.01
249 1 0.01
250 1 0.01
