1 1 0.01
2 1 0.01
3 25 4.68
4 1 0.01
5 1 0.01
6 1 0.01
7 1 0.01
8 25 1.24
9 1 0.01
10 1 0.01
11 7 5.88
12 25 1.50
13 1 1.86
14 1 0.01
15 1 0.01
16 1 0.01
17 1 0.01
18 1 0.01
19 25 4.68
20 1 0.01
21 1 1.83
22 1 0.01
23 1 0.01
24 1 0.01
25 1 0.01
26 25 2.25
27 25 1.24
28 1 0.01
29 1 0.01
30 1 0.01
31 1 0.01
32 1 0.01
33 1 0.01
34 1 1.86
35 1 0.01
36 1 0.01
37 25 2.67
38 25 3.17
39 1 0.01
40 1 0.01
41 1 0.01
42 1 1.83
43 1 1.83
44 1 1.84
45 1 0.01
46 25 4.32
47 1 0.01
48 1 0.01
49 1 1.85
50 1 0.01
51 1 0.01
52 1 0.01
53 1 0.01
54 1 0.01
55 1 0.01
56 7 2.89
57 1 1.83
58 1 0.01
59 1 0.01
60 1 0.01
61 1 0.01
62 1 0.01
63 1 0.01
64 1 0.01
65 1 0.01
66 1 0.01
67 1 0.01
