#pdb lig overlap PP-crit PP-dst crit4 crit5 crit6 crit6_continue lig_vol pock_vol nb_AS nb_AS_norm mean_as_ray mean_as_solv_acc apol_as_prop apol_as_prop_norm mean_loc_hyd_dens mean_loc_hyd_dens_norm hydrophobicity_score volume_score polarity_score polarity_score_norm charge_score flex prop_polar_atm as_density as_density_norm as_max_dst as_max_dst_norm drug_score pock_asa pock_pol_asa pock_apol_asa ALA ARG ASN ASP CYS GLN GLU GLY HIS ILE LEU LYS MET PHE PRO SER THR TRP TYR VAL
dpoc.receptor.peptide.pdb PEP   0.00  0  26.28 0.00 0.00  0 -1.25   582.21    1033.42   116 0.89   3.95   0.49  0.33 0.33   28.42 0.81     25.26    3.74    11  1.00     2   0.16   43.55  6.43  0.84 16.26  0.82  0.47 494.46 243.28 251.19   2   0   0   2   1   2   0   1   3   1   1   1   2   0   1   2   0   0   1   3
dpoc.receptor.peptide.pdb PEP   0.00  0  29.76 0.00 0.00  0 -1.25   582.21    1256.57   130 1.00   4.30   0.59  0.34 0.34   34.95 1.00     11.40    3.20     5  0.45    -2   0.20   44.87  7.65  1.00 19.98  1.00  0.28 616.42 300.02 316.40   1   0   1   2   0   0   0   0   0   0   1   0   0   0   1   1   1   0   0   2
dpoc.receptor.peptide.pdb PEP   0.00  0  24.14 0.00 0.00  0 -1.25   582.21     837.92    90 0.69   4.04   0.51  0.41 0.41   30.32 0.87     29.71    3.88     7  0.64     2   0.16   46.81  5.13  0.67 14.07  0.72  0.39 361.48 192.41 169.07   1   0   0   1   1   1   0   1   2   1   0   1   2   0   1   1   0   0   1   3
dpoc.receptor.peptide.pdb PEP   0.00  0  39.78 0.00 0.00  0 -1.25   582.21     815.01    85 0.65   4.01   0.52  0.42 0.42   31.67 0.91     31.06    3.88     6  0.55     1   0.17   46.67  4.83  0.63 11.24  0.58  0.42 336.62 177.21 159.41   1   0   0   1   1   1   0   1   1   1   0   1   2   0   1   1   0   0   1   3
dpoc.receptor.peptide.pdb PEP   0.00  0  24.51 0.00 0.00  0 -1.25   582.21    1017.33    87 0.67   4.14   0.50  0.41 0.41   20.44 0.58     32.70    4.15     8  0.73     3   0.27   33.33  6.03  0.79 13.27  0.68  0.12 475.77 260.26 215.51   1   0   1   0   1   1   1   1   1   4   1   3   0   1   1   1   0   0   0   2
dpoc.receptor.peptide.pdb PEP   0.00  0  25.17 0.00 0.00  0 -1.25   582.21     953.85    71 0.54   4.29   0.51  0.45 0.45   24.81 0.71     33.82    4.29     8  0.73     3   0.26   35.90  5.42  0.71 11.37  0.59  0.25 431.09 237.73 193.36   1   0   1   0   0   1   1   1   1   4   1   3   0   1   0   1   0   0   0   1
dpoc.receptor.peptide.pdb PEP  25.35  0  49.96 0.00 0.00  0 -1.25   582.21     399.40    58 0.44   3.64   0.53  0.48 0.48   20.29 0.58     19.14    3.71     8  0.73     1   0.19   34.29  4.92  0.64 12.89  0.66  0.06 187.15 99.80 87.35   1   1   2   0   2   1   0   0   0   1   0   0   1   0   1   3   0   1   0   0
dpoc.receptor.peptide.pdb PEP   0.00  0  44.72 0.00 0.00  0 -1.25   582.21     682.21    47 0.36   4.42   0.55  0.43 0.43   18.40 0.53     28.92    3.85     6  0.55     2   0.26   41.38  3.64  0.47  7.93  0.43  0.05 343.75 208.50 135.25   0   0   0   0   0   2   0   1   1   3   0   1   0   0   1   1   1   0   0   2
dpoc.receptor.peptide.pdb PEP   0.00  0  19.21 0.00 0.00  0 -1.25   582.21     851.19    68 0.52   4.17   0.48  0.16 0.16    8.36 0.24     23.86    3.93     6  0.55     2   0.24   51.43  5.16  0.67 11.10  0.58  0.02 342.28 204.61 137.67   2   0   2   0   1   1   0   0   2   0   0   0   2   1   2   0   0   1   0   0
dpoc.receptor.peptide.pdb PEP  25.35  0  50.34 0.00 0.00  0 -1.25   582.21     386.18    36 0.27   4.05   0.64  0.61 0.61   20.91 0.60      8.11    3.00     5  0.45     0   0.22   31.82  2.69  0.35  6.91  0.38  0.02 180.52 82.70 97.82   0   0   1   0   2   1   0   0   0   0   0   0   1   0   1   3   0   0   0   0
dpoc.receptor.peptide.pdb PEP   0.00  0  28.98 0.00 0.00  0 -1.25   582.21     914.58    58 0.44   4.17   0.54  0.76 0.76   31.73 0.91     37.29    3.86     3  0.27     0   0.83   25.00  5.84  0.76 16.21  0.82  0.41 458.46 43.04 415.42   1   0   1   1   0   0   0   0   1   2   1   0   0   0   0   0   0   0   0   0
dpoc.receptor.peptide.pdb PEP   0.00  0  35.38 0.00 0.00  0 -1.25   582.21     646.29    40 0.30   4.39   0.63  0.47 0.47   18.00 0.51     32.89    4.22     4  0.36    -1   0.54   36.36  3.03  0.39  8.69  0.46  0.04 237.33 109.32 128.01   2   0   1   1   1   0   0   0   0   0   0   0   0   1   1   0   0   2   0   0
dpoc.receptor.peptide.pdb PEP   0.00  0  50.91 0.00 0.00  0 -1.25   582.21     238.05    40 0.30   3.52   0.47  0.17 0.17    6.00 0.17      6.71    3.29     7  0.64     1   0.24   57.69  4.21  0.55 10.21  0.53  0.01 156.91 113.43 43.47   2   0   4   0   1   1   0   0   1   0   0   0   1   1   2   1   0   0   0   0
dpoc.receptor.peptide.pdb PEP   0.00  0  52.87 0.00 0.00  0 -1.25   582.21     601.97    39 0.29   4.19   0.58  0.08 0.08    2.00 0.06     25.10    4.70     5  0.45     1   0.36   48.00  3.34  0.44  9.94  0.52  0.02 273.94 160.42 113.52   1   0   1   0   0   0   1   0   0   2   0   2   0   1   1   0   0   0   1   0
