1 0 0 0 0 0 0 0 0 0 0 0 0 0 0 0 0 0 
2 0 1 0 0 0 1 1 0 0 0 0 0 0 0 0 0 0 
3 0 0 0 0 0 0 0 0 0 0 0 0 0 0 0 0 0 
4 1 1 0 1 0 8 4 0 4 2 0 1 0 0 1 0 0 
5 0 0 0 0 0 0 0 0 0 0 0 0 0 0 0 0 0 
6 1 0 0 0 0 1 0 0 1 0 0 0 0 0 0 0 0 
7 0 0 0 0 0 1 0 0 0 0 0 0 0 0 0 0 0 
8 0 0 0 0 0 0 0 0 0 0 0 0 0 0 0 0 0 
9 2 1 1 2 0 14 2 0 10 0 0 5 1 0 3 0 0 
10 2 1 1 2 0 14 2 0 10 0 0 5 1 0 3 0 0 
11 2 1 1 2 0 14 2 0 10 0 0 5 1 0 3 0 0 
12 2 1 1 2 0 9 2 0 5 0 0 3 1 0 1 0 0 
13 2 1 1 1 0 4 1 0 2 0 0 3 1 0 1 0 0 
14 2 1 1 1 0 1 0 0 1 0 0 1 0 0 1 0 0 
15 2 1 1 0 0 4 0 0 4 0 0 0 0 0 0 0 0 
16 0 1 0 0 0 2 2 0 0 0 0 0 0 0 0 0 0 
17 0 0 0 0 0 0 0 0 0 0 0 0 0 0 0 0 0 
18 0 0 0 0 0 0 0 0 0 0 0 0 0 0 0 0 0 
19 1 0 0 0 0 3 0 0 3 0 0 0 0 0 0 0 0 
20 0 0 0 0 0 9 0 0 0 0 0 0 0 0 0 0 0 
21 2 1 1 2 0 10 1 0 8 0 0 3 0 0 3 0 0 
22 2 1 1 2 0 14 2 0 10 0 0 3 1 0 1 0 0 
23 1 2 0 0 0 12 2 0 6 0 0 5 1 0 2 0 0 
24 1 0 0 1 0 4 0 0 4 0 0 1 0 0 1 0 0 
25 2 1 1 2 0 14 2 0 10 0 0 4 1 0 2 0 0 
26 1 2 0 1 0 14 2 0 6 0 0 4 1 0 2 0 0 
27 1 0 0 1 0 0 0 0 0 0 0 0 0 0 0 0 0 
28 2 1 1 1 0 1 0 0 1 0 0 1 0 0 1 0 0 
29 2 1 1 1 0 4 0 0 4 0 0 0 0 0 0 0 0 
30 1 1 0 0 0 1 1 0 0 0 0 0 0 0 0 0 0 
31 0 0 0 0 0 0 0 0 0 0 0 0 0 0 0 0 0 
32 0 0 0 0 0 0 0 0 0 0 0 0 0 0 0 0 0 
33 0 0 0 0 0 0 0 0 0 0 0 0 0 0 0 0 0 
34 0 0 0 0 0 0 0 0 0 0 0 0 0 0 0 0 0 
35 0 1 0 0 0 1 1 0 0 0 0 0 0 0 0 0 0 
36 0 0 0 0 0 0 0 0 0 0 0 0 0 0 0 0 0 
37 1 0 0 1 0 12 0 0 6 0 0 1 0 0 1 0 0 
38 2 1 1 2 0 18 2 0 12 0 0 5 1 0 3 0 0 
39 2 1 1 2 0 38 2 0 10 0 0 5 1 0 3 0 0 
40 2 1 1 2 0 14 2 0 10 0 0 5 1 0 3 0 0 
41 2 1 1 2 0 14 2 0 10 0 0 5 1 0 3 0 0 
42 2 1 1 2 0 14 2 0 10 0 0 5 1 0 3 0 0 
43 2 1 1 2 0 24 2 0 20 0 0 5 1 0 3 0 0 
44 2 1 1 2 0 22 4 0 14 0 0 5 1 0 3 0 0 
45 2 1 1 2 0 14 2 0 10 0 0 5 1 0 3 0 0 
46 2 1 1 2 0 22 2 0 14 0 0 5 1 0 3 0 0 
47 3 1 1 3 0 58 2 0 14 0 0 6 1 0 4 0 0 
48 2 1 1 2 0 14 2 0 10 0 0 5 1 0 3 0 0 
49 2 1 1 2 0 14 2 0 10 0 0 5 1 0 3 0 0 
50 2 1 1 2 0 14 2 0 10 0 0 5 1 0 3 0 0 
51 2 1 1 2 0 14 2 0 10 0 0 5 1 0 3 0 0 
52 2 1 1 2 0 19 2 0 15 0 0 5 1 0 3 0 0 
53 2 1 1 2 0 12 3 0 6 0 0 3 1 0 1 0 0 
54 2 1 1 1 0 4 1 0 2 0 0 3 1 0 1 0 0 
55 2 1 1 1 0 1 0 0 1 0 0 1 0 0 1 0 0 
56 2 2 1 0 0 18 0 0 6 0 0 1 0 0 0 0 0 
57 0 1 0 0 0 3 3 0 0 0 0 0 0 0 0 0 0 
58 0 0 0 0 0 0 0 0 0 0 0 0 0 0 0 0 0 
59 0 0 0 0 0 0 0 0 0 0 0 0 0 0 0 0 0 
60 0 1 0 0 0 14 1 0 0 0 0 1 0 0 0 0 0 
61 1 0 0 1 0 4 0 0 4 0 0 0 0 0 0 0 0 
62 2 1 1 0 0 3 0 0 3 0 0 0 0 0 0 0 0 
63 0 2 0 0 0 11 4 0 0 0 0 0 0 0 0 0 0 
64 0 0 0 0 0 0 0 0 0 0 0 0 0 0 0 0 0 
65 0 0 0 0 0 0 0 0 0 0 0 0 0 0 0 0 0 
66 0 0 0 0 0 0 0 0 0 0 0 0 0 0 0 0 0 
67 2 1 1 2 0 22 4 0 14 0 0 5 1 0 3 0 0 
68 2 1 1 2 0 14 2 0 10 0 0 5 1 0 3 0 0 
69 2 1 1 2 0 22 2 0 14 0 0 5 1 0 3 0 0 
70 3 1 1 3 0 48 2 0 12 0 0 6 1 0 4 0 0 
71 2 1 1 2 0 14 2 0 10 0 0 4 1 0 2 0 0 
72 2 1 1 1 0 7 2 0 3 0 0 3 1 0 1 0 0 
73 2 1 1 1 0 4 0 0 4 0 0 1 0 0 1 0 0 
74 2 1 1 1 0 12 1 0 10 0 0 1 0 0 1 0 0 
75 1 1 0 1 0 11 2 0 6 0 0 1 0 0 1 0 0 
76 0 0 0 0 0 0 0 0 0 0 0 0 0 0 0 0 0 
77 0 0 0 0 0 3 0 0 0 0 0 0 0 0 0 0 0 
78 2 1 1 1 0 16 3 0 10 0 0 6 2 0 3 0 0 
79 2 1 1 2 0 13 1 0 10 0 0 3 0 0 3 0 0 
80 3 1 2 2 0 38 2 0 16 0 0 4 1 0 2 0 0 
81 1 2 0 1 0 38 2 0 6 0 0 4 1 0 2 0 0 
82 1 0 0 1 0 2 0 0 2 0 0 1 0 0 1 0 0 
83 2 1 1 2 0 10 1 0 8 0 0 3 0 0 3 0 0 
84 2 1 1 2 0 14 2 0 10 0 0 4 1 0 2 0 0 
85 1 2 0 1 0 14 2 0 6 0 0 5 1 0 2 0 0 
86 1 0 0 1 0 4 0 0 4 0 0 1 0 0 1 0 0 
87 2 1 1 2 0 19 2 0 15 0 0 4 1 0 2 0 0 
88 2 1 1 1 0 10 3 0 4 0 0 3 1 0 1 0 0 
89 2 1 1 1 0 1 0 0 1 0 0 1 0 0 1 0 0 
90 2 1 1 1 0 5 0 0 5 0 0 0 0 0 0 0 0 
91 1 1 0 0 0 8 1 0 2 0 0 0 0 0 0 0 0 
92 0 0 0 0 0 0 0 0 0 0 0 0 0 0 0 0 0 
93 0 0 0 0 0 0 0 0 0 0 0 0 0 0 0 0 0 
94 0 0 0 0 0 1 0 0 0 0 0 0 0 0 0 0 0 
95 0 0 0 0 0 0 0 0 0 0 0 0 0 0 0 0 0 
96 0 1 0 0 0 2 2 0 0 0 0 0 0 0 0 0 0 
97 0 0 0 0 0 0 0 0 0 0 0 0 0 0 0 0 0 
98 0 1 0 0 0 6 3 0 0 0 0 1 1 0 0 0 0 
99 0 1 0 0 0 6 3 0 0 0 0 0 0 0 0 0 0 
100 0 0 0 0 0 1 0 0 0 0 0 0 0 0 0 0 0 
101 0 0 0 0 0 0 0 0 0 0 0 0 0 0 0 0 0 
102 4 0 2 0 3 0 0 0 0 0 0 0 0 0 0 0 0 
103 0 0 0 0 0 0 0 0 0 0 0 0 0 0 0 0 0 
104 1 0 0 0 0 0 0 0 0 0 0 0 0 0 0 0 0 
105 0 0 0 0 0 0 0 0 0 0 0 0 0 0 0 0 0 
106 0 0 0 0 0 0 0 0 0 0 0 0 0 0 0 0 0 
107 0 0 0 0 0 0 0 0 0 0 0 0 0 0 0 0 0 
108 0 0 0 0 0 0 0 0 0 0 0 0 0 0 0 0 0 
109 2 1 1 2 0 14 2 0 10 0 0 4 1 0 2 0 0 
110 2 1 1 1 0 7 2 0 3 0 0 3 1 0 1 0 0 
111 2 1 1 1 0 1 0 0 1 0 0 1 0 0 1 0 0 
112 2 1 1 1 0 1 0 0 1 0 0 0 0 0 0 0 0 
113 1 1 0 0 0 2 0 0 1 0 0 0 0 0 0 0 0 
114 0 0 0 0 0 0 0 0 0 0 0 0 0 0 0 0 0 
115 0 0 0 0 0 0 0 0 0 0 0 0 0 0 0 0 0 
116 0 0 0 0 0 0 0 0 0 0 0 0 0 0 0 0 0 
117 0 0 0 0 0 0 0 0 0 0 0 0 0 0 0 0 0 
118 0 1 0 0 0 4 0 0 0 0 0 1 0 0 0 0 0 
119 1 0 0 1 0 4 0 0 4 0 0 1 0 0 1 0 0 
120 2 1 1 2 0 14 2 0 10 0 0 5 1 0 3 0 0 
121 2 1 1 2 0 14 2 0 10 0 0 5 1 0 3 0 0 
122 2 1 1 2 0 14 2 0 10 0 0 5 1 0 3 0 0 
123 2 1 1 2 0 19 2 0 15 0 0 5 1 0 3 0 0 
124 2 1 1 2 0 18 3 0 12 0 0 5 1 0 3 0 0 
125 2 1 1 2 0 14 2 0 10 0 0 5 1 0 3 0 0 
126 2 1 1 2 0 18 2 0 12 0 0 5 1 0 3 0 0 
127 2 1 1 2 0 38 2 0 10 0 0 5 1 0 3 0 0 
128 2 1 1 2 0 14 2 0 10 0 0 5 1 0 3 0 0 
129 2 1 1 2 0 14 2 0 10 0 0 5 1 0 3 0 0 
130 2 1 1 2 0 19 2 0 15 0 0 5 1 0 3 0 0 
131 2 1 1 2 0 24 3 0 18 0 0 5 1 0 3 0 0 
132 2 1 1 2 0 12 3 0 6 0 0 3 1 0 1 0 0 
133 2 1 1 1 0 5 1 0 2 0 0 3 1 0 1 0 0 
134 2 1 1 1 0 16 0 0 1 0 0 1 0 0 1 0 0 
135 3 1 3 0 0 5 0 0 3 0 0 0 0 0 0 0 0 
136 0 1 0 0 0 2 2 0 0 0 0 0 0 0 0 0 0 
137 0 0 0 0 0 0 0 0 0 0 0 0 0 0 0 0 0 
138 0 0 0 0 0 0 0 0 0 0 0 0 0 0 0 0 0 
139 0 0 0 0 0 3 0 0 0 0 0 0 0 0 0 0 0 
140 0 0 0 0 0 0 0 0 0 0 0 0 0 0 0 0 0 
141 5 2 6 3 0 78 6 0 11 0 0 6 0 0 4 0 0 
142 1 2 0 1 0 18 2 0 6 0 0 5 1 0 2 0 0 
143 1 0 0 1 0 19 0 0 4 0 0 1 0 0 1 0 0 
144 2 1 1 2 0 14 2 0 10 0 0 5 1 0 3 0 0 
145 2 1 1 2 0 14 2 0 10 0 0 5 1 0 3 0 0 
146 2 1 1 2 0 14 2 0 10 0 0 5 1 0 3 0 0 
147 2 1 1 2 0 9 2 0 5 0 0 3 1 0 1 0 0 
148 2 1 1 1 0 8 1 0 6 0 0 5 1 0 3 0 0 
149 2 1 1 2 0 6 1 0 4 0 0 3 0 0 2 0 0 
150 2 1 1 1 0 5 1 0 4 0 0 2 1 0 1 0 0 
151 0 2 0 0 0 2 1 0 0 0 0 0 0 0 0 0 0 
152 1 0 0 1 0 1 1 0 1 1 0 0 0 0 0 0 0 
153 1 0 0 0 0 1 0 0 1 0 0 0 0 0 0 0 0 
154 0 1 0 0 0 3 3 0 0 0 0 0 0 0 0 0 0 
155 0 0 0 0 0 0 0 0 0 0 0 0 0 0 0 0 0 
156 0 0 0 0 0 9 0 0 0 0 0 0 0 0 0 0 0 
157 3 0 0 1 3 0 0 0 0 0 0 0 0 0 0 0 0 
158 3 0 2 1 0 3 3 0 3 3 0 0 0 0 0 0 0 
159 0 0 0 0 0 0 0 0 0 0 0 0 0 0 0 0 0 
160 0 0 0 0 0 0 0 0 0 0 0 0 0 0 0 0 0 
161 1 0 0 1 0 3 3 0 3 3 0 1 1 0 1 1 0 
162 1 0 0 1 0 4 0 0 4 0 0 1 0 0 1 0 0 
163 2 1 1 2 0 14 2 0 10 0 0 5 1 0 3 0 0 
164 2 1 1 2 0 14 2 0 10 0 0 5 1 0 3 0 0 
165 2 1 1 2 0 14 2 0 10 0 0 5 1 0 3 0 0 
166 2 1 1 2 0 14 2 0 10 0 0 5 1 0 3 0 0 
167 2 1 1 2 0 14 2 0 10 0 0 5 1 0 3 0 0 
168 2 1 1 2 0 14 2 0 10 0 0 5 1 0 3 0 0 
169 2 1 1 2 0 14 2 0 10 0 0 5 1 0 3 0 0 
170 2 1 1 2 0 14 2 0 10 0 0 5 1 0 3 0 0 
171 2 1 1 2 0 14 2 0 10 0 0 5 1 0 3 0 0 
172 2 1 1 2 0 14 2 0 10 0 0 4 1 0 2 0 0 
173 2 1 1 1 0 12 2 0 8 0 0 4 1 0 2 0 0 
174 2 1 1 1 0 8 1 0 6 0 0 3 0 0 3 0 0 
175 2 1 1 2 0 10 1 0 8 0 0 2 0 0 2 0 0 
176 1 2 0 1 0 14 2 0 6 0 0 4 1 0 1 0 0 
177 0 1 0 0 0 4 0 0 0 0 0 0 0 0 0 0 0 
178 1 0 0 1 0 2 0 0 2 0 0 0 0 0 0 0 0 
179 2 1 1 1 0 4 1 0 2 0 0 1 0 0 1 0 0 
180 2 1 1 1 0 1 0 0 1 0 0 0 0 0 0 0 0 
181 1 2 0 0 0 1 0 0 1 0 0 0 0 0 0 0 0 
182 0 0 0 0 0 3 0 0 0 0 0 0 0 0 0 0 0 
183 0 0 0 0 0 0 0 0 0 0 0 0 0 0 0 0 0 
184 0 0 0 0 0 0 0 0 0 0 0 0 0 0 0 0 0 
185 0 0 0 0 0 0 0 0 0 0 0 0 0 0 0 0 0 
186 1 1 0 0 0 10 1 0 6 0 0 1 1 0 0 0 0 
187 0 0 0 0 0 0 0 0 0 0 0 0 0 0 0 0 0 
188 1 0 0 0 0 1 0 0 1 0 0 0 0 0 0 0 0 
189 0 1 0 0 0 3 3 0 0 0 0 1 1 0 0 0 0 
190 0 0 0 0 0 0 0 0 0 0 0 0 0 0 0 0 0 
191 2 1 1 2 0 14 2 0 10 0 0 5 1 0 3 0 0 
192 2 1 1 2 0 14 2 0 10 0 0 5 1 0 3 0 0 
193 2 1 1 2 0 14 2 0 10 0 0 5 1 0 3 0 0 
194 2 1 1 2 0 14 2 0 10 0 0 5 1 0 3 0 0 
195 2 1 1 2 0 14 2 0 10 0 0 5 1 0 3 0 0 
196 2 1 1 2 0 14 2 0 10 0 0 5 1 0 3 0 0 
197 2 1 1 2 0 14 2 0 10 0 0 5 1 0 3 0 0 
198 2 1 1 2 0 14 2 0 10 0 0 5 1 0 3 0 0 
199 2 1 1 2 0 14 2 0 10 0 0 5 1 0 3 0 0 
200 2 1 1 2 0 14 2 0 10 0 0 5 1 0 3 0 0 
201 2 1 1 2 0 14 2 0 10 0 0 5 1 0 3 0 0 
202 2 1 1 2 0 14 2 0 10 0 0 5 1 0 3 0 0 
203 2 1 1 2 0 14 2 0 10 0 0 5 1 0 3 0 0 
204 2 1 1 2 0 14 2 0 10 0 0 5 1 0 3 0 0 
205 2 1 1 2 0 14 2 0 10 0 0 5 1 0 3 0 0 
206 2 1 1 2 0 14 2 0 10 0 0 5 1 0 3 0 0 
207 2 1 1 2 0 14 2 0 10 0 0 5 1 0 3 0 0 
208 2 1 1 2 0 14 2 0 10 0 0 5 1 0 3 0 0 
209 2 1 1 2 0 14 2 0 10 0 0 5 1 0 3 0 0 
210 2 1 1 2 0 14 2 0 10 0 0 5 1 0 3 0 0 
211 2 1 1 2 0 14 2 0 10 0 0 5 1 0 3 0 0 
212 2 1 1 2 0 14 2 0 10 0 0 5 1 0 3 0 0 
213 2 1 1 2 0 19 2 0 15 0 0 5 1 0 3 0 0 
214 2 1 1 2 0 12 3 0 6 0 0 3 1 0 1 0 0 
215 2 1 1 1 0 4 1 0 2 0 0 3 1 0 1 0 0 
216 2 1 1 1 0 1 0 0 1 0 0 1 0 0 1 0 0 
217 3 1 3 0 0 2 0 0 0 0 0 0 0 0 0 0 0 
218 0 1 0 0 0 1 1 0 0 0 0 0 0 0 0 0 0 
219 0 0 0 0 0 0 0 0 0 0 0 0 0 0 0 0 0 
220 0 0 0 0 0 0 0 0 0 0 0 0 0 0 0 0 0 
221 0 0 0 0 0 0 0 0 0 0 0 0 0 0 0 0 0 
222 0 0 0 0 0 0 0 0 0 0 0 0 0 0 0 0 0 
223 1 0 0 0 0 1 0 0 1 0 0 0 0 0 0 0 0 
224 0 1 0 0 0 4 4 0 0 0 0 0 0 0 0 0 0 
225 0 0 0 0 0 0 0 0 0 0 0 0 0 0 0 0 0 
226 0 0 0 0 0 0 0 0 0 0 0 0 0 0 0 0 0 
227 4 1 4 4 0 15 0 0 9 0 0 7 0 0 4 0 0 
228 2 1 1 2 0 9 2 0 5 0 0 3 1 0 1 0 0 
229 2 1 1 1 0 4 1 0 2 0 0 3 1 0 1 0 0 
230 2 1 1 1 0 1 0 0 1 0 0 1 0 0 1 0 0 
231 2 1 1 0 0 0 0 0 0 0 0 0 0 0 0 0 0 
232 0 1 0 0 0 0 0 0 0 0 0 0 0 0 0 0 0 
233 0 0 0 0 0 0 0 0 0 0 0 0 0 0 0 0 0 
234 0 0 0 0 0 0 0 0 0 0 0 0 0 0 0 0 0 
235 0 0 0 0 0 0 0 0 0 0 0 0 0 0 0 0 0 
