192 2 0 1 0 0 0 0 0 0 0 0 0 0 0 0 0 0 
193 0 0 0 0 0 0 0 0 0 0 0 0 0 0 0 0 0 
194 0 0 0 0 0 0 0 0 0 0 0 0 0 0 0 0 0 
195 0 0 0 0 0 0 0 0 0 0 0 0 0 0 0 0 0 
196 0 0 0 0 0 0 0 0 0 0 0 0 0 0 0 0 0 
197 0 0 0 0 0 1 0 0 0 0 0 0 0 0 0 0 0 
198 0 0 0 0 0 0 0 0 0 0 0 0 0 0 0 0 0 
199 0 1 0 0 0 2 1 0 0 0 0 0 0 0 0 0 0 
200 0 1 0 0 0 2 1 0 0 0 0 0 0 0 0 0 0 
201 0 0 0 0 0 2 0 0 0 0 0 0 0 0 0 0 0 
202 0 0 0 0 0 15 0 0 0 0 0 0 0 0 0 0 0 
203 2 3 1 0 0 28 2 0 0 0 0 0 0 0 0 0 0 
204 4 0 2 0 3 0 0 0 0 0 0 0 0 0 0 0 0 
205 0 0 0 0 0 0 0 0 0 0 0 0 0 0 0 0 0 
206 1 0 0 0 0 0 0 0 0 0 0 0 0 0 0 0 0 
207 0 0 0 0 0 0 0 0 0 0 0 0 0 0 0 0 0 
208 0 0 0 0 0 0 0 0 0 0 0 0 0 0 0 0 0 
209 1 0 0 1 0 18 0 0 6 0 0 1 0 0 1 0 0 
210 0 0 0 0 0 2 0 0 0 0 0 0 0 0 0 0 0 
211 0 0 0 0 0 0 0 0 0 0 0 0 0 0 0 0 0 
212 1 0 0 0 0 2 0 0 0 0 0 0 0 0 0 0 0 
213 0 2 0 0 0 4 2 0 0 0 0 1 1 0 0 0 0 
214 0 1 0 0 0 4 2 0 0 0 0 0 0 0 0 0 0 
215 1 0 0 0 0 6 0 0 6 0 0 0 0 0 0 0 0 
216 0 1 0 0 0 14 1 0 0 0 0 1 1 0 0 0 0 
217 0 1 0 0 0 9 3 0 0 0 0 0 0 0 0 0 0 
218 1 0 0 0 0 1 0 0 0 0 0 0 0 0 0 0 0 
219 0 0 0 0 0 0 0 0 0 0 0 0 0 0 0 0 0 
220 0 0 0 0 0 0 0 0 0 0 0 0 0 0 0 0 0 
221 0 0 0 0 0 0 0 0 0 0 0 0 0 0 0 0 0 
222 1 0 0 1 0 4 4 0 4 4 0 0 0 0 0 0 0 
223 1 0 0 0 0 0 0 0 0 0 0 0 0 0 0 0 0 
224 0 0 0 0 0 0 0 0 0 0 0 0 0 0 0 0 0 
225 4 1 4 3 0 4 0 0 3 0 0 2 0 0 1 0 0 
226 2 1 1 1 0 1 0 0 1 0 0 1 0 0 1 0 0 
227 3 1 3 0 0 2 0 0 0 0 0 0 0 0 0 0 0 
228 0 1 0 0 0 1 1 0 0 0 0 0 0 0 0 0 0 
229 0 0 0 0 0 0 0 0 0 0 0 0 0 0 0 0 0 
230 0 0 0 0 0 0 0 0 0 0 0 0 0 0 0 0 0 
231 0 0 0 0 0 0 0 0 0 0 0 0 0 0 0 0 0 
232 0 0 0 0 0 0 0 0 0 0 0 0 0 0 0 0 0 
233 0 0 0 0 0 0 0 0 0 0 0 0 0 0 0 0 0 
234 0 0 0 0 0 0 0 0 0 0 0 0 0 0 0 0 0 
235 0 0 0 0 0 0 0 0 0 0 0 0 0 0 0 0 0 
236 0 0 0 0 0 0 0 0 0 0 0 0 0 0 0 0 0 
237 1 0 0 0 0 3 0 0 0 0 0 0 0 0 0 0 0 
238 0 0 0 0 0 0 0 0 0 0 0 0 0 0 0 0 0 
239 1 0 0 0 0 5 0 0 1 0 0 0 0 0 0 0 0 
240 0 0 0 0 0 2 0 0 0 0 0 0 0 0 0 0 0 
241 0 1 0 0 0 4 1 0 0 0 0 0 0 0 0 0 0 
242 1 1 0 0 0 8 1 0 1 0 0 0 0 0 0 0 0 
243 0 0 0 0 0 0 0 0 0 0 0 0 0 0 0 0 0 
244 0 0 0 0 0 0 0 0 0 0 0 0 0 0 0 0 0 
245 1 0 0 0 0 1 0 0 1 0 0 0 0 0 0 0 0 
246 0 1 0 0 0 1 1 0 0 0 0 0 0 0 0 0 0 
247 0 0 0 0 0 0 0 0 0 0 0 0 0 0 0 0 0 
248 0 0 0 0 0 0 0 0 0 0 0 0 0 0 0 0 0 
249 0 0 0 0 0 0 0 0 0 0 0 0 0 0 0 0 0 
250 2 1 1 2 0 14 2 0 10 0 0 4 1 0 2 0 0 
251 1 2 0 1 0 14 2 0 6 0 0 4 1 0 2 0 0 
252 1 0 0 1 0 2 0 0 2 0 0 1 0 0 1 0 0 
253 2 1 1 2 0 10 1 0 8 0 0 3 0 0 3 0 0 
254 2 1 1 2 0 9 2 0 5 0 0 2 1 0 0 0 0 
255 1 2 0 0 0 4 1 0 2 0 0 3 1 0 1 0 0 
256 1 0 0 1 0 0 0 0 0 0 0 0 0 0 0 0 0 
257 2 1 1 0 0 4 0 0 4 0 0 0 0 0 0 0 0 
258 0 1 0 0 0 2 2 0 0 0 0 0 0 0 0 0 0 
259 0 0 0 0 0 0 0 0 0 0 0 0 0 0 0 0 0 
260 0 0 0 0 0 0 0 0 0 0 0 0 0 0 0 0 0 
261 0 1 0 0 0 1 1 0 0 0 0 0 0 0 0 0 0 
262 0 0 0 0 0 0 0 0 0 0 0 0 0 0 0 0 0 
263 0 0 0 0 0 0 0 0 0 0 0 0 0 0 0 0 0 
264 0 0 0 0 0 0 0 0 0 0 0 0 0 0 0 0 0 
265 0 0 0 0 0 0 0 0 0 0 0 0 0 0 0 0 0 
266 0 0 0 0 0 0 0 0 0 0 0 0 0 0 0 0 0 
267 0 0 0 0 0 0 0 0 0 0 0 0 0 0 0 0 0 
268 0 0 0 0 0 0 0 0 0 0 0 0 0 0 0 0 0 
269 0 0 0 0 0 0 0 0 0 0 0 0 0 0 0 0 0 
270 0 0 0 0 0 0 0 0 0 0 0 0 0 0 0 0 0 
271 0 0 0 0 0 0 0 0 0 0 0 0 0 0 0 0 0 
272 0 0 0 0 0 0 0 0 0 0 0 0 0 0 0 0 0 
273 0 0 0 0 0 0 0 0 0 0 0 0 0 0 0 0 0 
