0 0 0 0 0 3 0 0 0 0 0 0 0 0 0 0 0 
1 0 0 2 0 20 2 0 6 2 0 2 1 0 2 1 0 
4 1 4 4 0 20 0 0 12 0 0 5 0 0 3 0 0 
2 1 1 1 0 26 2 0 8 0 0 5 1 0 3 0 0 
2 1 1 2 0 10 1 0 8 0 0 3 0 0 3 0 0 
2 1 1 2 0 14 2 0 10 0 0 4 1 0 2 0 0 
1 2 0 1 0 14 2 0 6 0 0 3 1 0 1 0 0 
1 0 0 1 0 2 0 0 2 0 0 1 0 0 1 0 0 
2 1 1 2 0 14 1 0 12 0 0 3 0 0 2 0 0 
2 1 1 1 0 14 3 0 8 0 0 2 1 0 1 0 0 
0 4 0 0 0 22 9 0 0 0 0 0 0 0 0 0 0 
1 0 0 1 0 3 1 0 3 1 0 0 0 0 0 0 0 
2 0 0 2 0 21 2 0 7 2 0 3 1 0 3 1 0 
0 0 0 0 0 4 0 0 0 0 0 0 0 0 0 0 0 
0 0 0 0 0 0 0 0 0 0 0 0 0 0 0 0 0 
3 0 0 1 3 28 1 0 10 1 0 0 0 0 0 0 0 
2 0 1 0 0 7 0 0 4 0 0 0 0 0 0 0 0 
0 0 0 0 0 2 0 0 0 0 0 0 0 0 0 0 0 
0 1 0 0 0 3 1 0 0 0 0 0 0 0 0 0 0 
2 0 1 0 0 3 0 0 2 0 0 0 0 0 0 0 0 
0 0 0 0 0 2 0 0 0 0 0 0 0 0 0 0 0 
0 1 0 0 0 2 1 0 0 0 0 0 0 0 0 0 0 
0 1 0 0 0 6 2 0 0 0 0 0 0 0 0 0 0 
0 1 0 0 0 33 5 0 0 0 0 1 0 0 0 0 0 
2 0 1 0 0 12 0 0 0 0 0 0 0 0 0 0 0 
0 0 0 0 0 3 0 0 0 0 0 0 0 0 0 0 0 
0 0 0 0 0 0 0 0 0 0 0 0 0 0 0 0 0 
1 0 0 0 0 1 0 0 1 0 0 0 0 0 0 0 0 
0 0 0 0 0 3 0 0 0 0 0 1 0 0 0 0 0 
0 0 0 0 0 0 0 0 0 0 0 0 0 0 0 0 0 
1 1 0 2 0 9 7 0 4 4 0 1 1 0 1 1 0 
0 0 0 0 0 0 0 0 0 0 0 0 0 0 0 0 0 
2 1 1 0 0 12 1 0 0 0 0 1 0 0 0 0 0 
0 0 0 0 0 3 0 0 0 0 0 0 0 0 0 0 0 
0 0 0 0 0 0 0 0 0 0 0 0 0 0 0 0 0 
0 0 0 0 0 0 0 0 0 0 0 0 0 0 0 0 0 
0 0 0 0 0 0 0 0 0 0 0 0 0 0 0 0 0 
0 0 0 0 0 2 0 0 0 0 0 0 0 0 0 0 0 
0 0 0 0 0 0 0 0 0 0 0 0 0 0 0 0 0 
0 0 0 0 0 1 0 0 0 0 0 0 0 0 0 0 0 
0 0 0 0 0 0 0 0 0 0 0 0 0 0 0 0 0 
0 1 0 0 0 5 1 0 0 0 0 0 0 0 0 0 0 
4 0 4 1 0 14 0 0 7 0 0 0 0 0 0 0 0 
0 0 0 0 0 9 0 0 0 0 0 0 0 0 0 0 0 
0 0 0 0 0 0 0 0 0 0 0 0 0 0 0 0 0 
2 1 1 0 0 2 0 0 2 0 0 0 0 0 0 0 0 
0 1 0 0 0 1 1 0 0 0 0 0 0 0 0 0 0 
0 0 0 0 0 0 0 0 0 0 0 0 0 0 0 0 0 
0 0 0 0 0 0 0 0 0 0 0 0 0 0 0 0 0 
0 0 0 0 0 0 0 0 0 0 0 0 0 0 0 0 0 
0 0 0 0 0 0 0 0 0 0 0 0 0 0 0 0 0 
0 0 0 0 0 0 0 0 0 0 0 0 0 0 0 0 0 
1 0 0 0 0 29 0 0 3 0 0 0 0 0 0 0 0 
0 0 0 0 0 3 0 0 0 0 0 0 0 0 0 0 0 
0 0 0 0 0 0 0 0 0 0 0 0 0 0 0 0 0 
0 0 0 0 0 1 0 0 0 0 0 0 0 0 0 0 0 
0 0 0 0 0 0 0 0 0 0 0 0 0 0 0 0 0 
0 0 0 0 0 4 0 0 0 0 0 1 0 0 0 0 0 
0 0 0 0 0 12 0 0 0 0 0 0 0 0 0 0 0 
6 0 6 0 3 5 0 0 2 0 0 0 0 0 0 0 0 
0 1 0 0 0 3 3 0 0 0 0 1 1 0 0 0 0 
0 0 0 0 0 0 0 0 0 0 0 0 0 0 0 0 0 
1 0 0 0 0 2 0 0 2 0 0 0 0 0 0 0 0 
0 1 0 0 0 4 1 0 0 0 0 0 0 0 0 0 0 
0 0 0 0 0 0 0 0 0 0 0 0 0 0 0 0 0 
0 2 0 0 0 8 4 0 0 0 0 0 0 0 0 0 0 
0 0 0 0 0 3 0 0 0 0 0 0 0 0 0 0 0 
0 1 0 0 0 6 2 0 0 0 0 0 0 0 0 0 0 
0 0 0 0 0 0 0 0 0 0 0 0 0 0 0 0 0 
3 1 2 0 0 14 0 0 4 0 0 0 0 0 0 0 0 
1 1 0 0 0 13 1 0 4 0 0 0 0 0 0 0 0 
1 1 0 0 0 13 3 0 8 0 0 0 0 0 0 0 0 
0 0 0 0 0 0 0 0 0 0 0 0 0 0 0 0 0 
0 0 0 0 0 15 0 0 0 0 0 0 0 0 0 0 0 
2 1 1 1 0 27 2 0 21 0 0 6 1 0 4 0 0 
2 1 1 2 0 36 3 0 6 0 0 3 0 0 2 0 0 
2 1 1 2 0 6 1 0 4 0 0 2 1 0 1 0 0 
1 3 0 0 0 2 0 0 2 0 0 0 0 0 0 0 0 
3 0 3 1 0 2 0 0 1 0 0 0 0 0 0 0 0 
1 0 0 0 0 1 0 0 1 0 0 0 0 0 0 0 0 
0 1 0 0 0 1 1 0 0 0 0 0 0 0 0 0 0 
0 0 0 0 0 0 0 0 0 0 0 0 0 0 0 0 0 
0 0 0 0 0 0 0 0 0 0 0 0 0 0 0 0 0 
0 0 0 0 0 0 0 0 0 0 0 0 0 0 0 0 0 
0 0 0 0 0 0 0 0 0 0 0 0 0 0 0 0 0 
0 0 0 0 0 0 0 0 0 0 0 0 0 0 0 0 0 
2 1 1 2 0 10 1 0 8 0 0 3 0 0 3 0 0 
2 1 1 2 0 14 2 0 10 0 0 4 1 0 2 0 0 
1 2 0 1 0 14 2 0 6 0 0 5 1 0 2 0 0 
1 0 0 1 0 4 0 0 4 0 0 1 0 0 1 0 0 
2 1 1 2 0 14 2 0 10 0 0 4 1 0 2 0 0 
2 1 1 1 0 7 2 0 3 0 0 3 1 0 1 0 0 
2 1 1 1 0 1 0 0 1 0 0 1 0 0 1 0 0 
2 1 1 1 0 1 0 0 1 0 0 0 0 0 0 0 0 
1 1 0 0 0 8 0 0 4 0 0 0 0 0 0 0 0 
0 0 0 0 0 0 0 0 0 0 0 0 0 0 0 0 0 
0 0 0 0 0 0 0 0 0 0 0 0 0 0 0 0 0 
0 0 0 0 0 0 0 0 0 0 0 0 0 0 0 0 0 
4 0 2 0 3 0 0 0 0 0 0 0 0 0 0 0 0 
0 0 0 0 0 0 0 0 0 0 0 0 0 0 0 0 0 
1 0 0 0 0 0 0 0 0 0 0 0 0 0 0 0 0 
0 0 0 0 0 0 0 0 0 0 0 0 0 0 0 0 0 
0 0 0 0 0 0 0 0 0 0 0 0 0 0 0 0 0 
0 0 0 0 0 0 0 0 0 0 0 0 0 0 0 0 0 
0 0 0 0 0 0 0 0 0 0 0 0 0 0 0 0 0 
0 0 0 0 0 0 0 0 0 0 0 0 0 0 0 0 0 
0 0 0 0 0 0 0 0 0 0 0 0 0 0 0 0 0 
0 0 0 0 0 0 0 0 0 0 0 0 0 0 0 0 0 
1 0 0 0 0 0 0 0 0 0 0 0 0 0 0 0 0 
0 0 0 0 0 0 0 0 0 0 0 0 0 0 0 0 0 
0 0 0 0 0 0 0 0 0 0 0 0 0 0 0 0 0 
0 1 0 0 0 13 3 0 0 0 0 1 1 0 0 0 0 
0 0 0 0 0 6 0 0 0 0 0 1 0 0 0 0 0 
1 0 0 0 0 3 0 0 3 0 0 0 0 0 0 0 0 
0 1 0 0 0 3 3 0 0 0 0 0 0 0 0 0 0 
0 0 0 0 0 0 0 0 0 0 0 0 0 0 0 0 0 
1 0 0 0 0 3 0 0 0 0 0 0 0 0 0 0 0 
1 1 0 0 0 24 0 0 6 0 0 0 0 0 0 0 0 
1 0 0 0 0 6 0 0 0 0 0 0 0 0 0 0 0 
2 1 1 2 0 14 2 0 10 0 0 5 1 0 3 0 0 
2 1 1 2 0 14 2 0 10 0 0 5 1 0 3 0 0 
2 1 1 2 0 14 2 0 10 0 0 5 1 0 3 0 0 
2 1 1 2 0 14 2 0 10 0 0 5 1 0 3 0 0 
2 1 1 2 0 14 2 0 10 0 0 5 1 0 3 0 0 
2 1 1 2 0 14 2 0 10 0 0 5 1 0 3 0 0 
2 1 1 2 0 19 2 0 15 0 0 5 1 0 3 0 0 
2 1 1 2 0 18 3 0 12 0 0 5 1 0 3 0 0 
2 1 1 2 0 9 2 0 5 0 0 3 1 0 1 0 0 
2 1 1 1 0 5 1 0 2 0 0 3 1 0 1 0 0 
2 3 1 1 0 10 4 0 1 0 0 2 0 0 1 0 0 
2 1 1 0 0 8 0 0 8 0 0 0 0 0 0 0 0 
0 1 0 0 0 4 4 0 0 0 0 0 0 0 0 0 0 
0 0 0 0 0 0 0 0 0 0 0 0 0 0 0 0 0 
0 0 0 0 0 0 0 0 0 0 0 0 0 0 0 0 0 
2 1 1 0 0 6 2 0 0 0 0 1 1 0 0 0 0 
0 0 0 0 0 0 0 0 0 0 0 0 0 0 0 0 0 
0 0 0 0 0 0 0 0 0 0 0 0 0 0 0 0 0 
2 1 1 1 0 14 5 0 13 4 0 1 1 0 1 1 0 
0 1 0 0 0 4 4 0 0 0 0 0 0 0 0 0 0 
0 0 0 0 0 0 0 0 0 0 0 0 0 0 0 0 0 
1 0 0 1 0 3 0 0 3 0 0 0 0 0 0 0 0 
1 0 0 1 0 3 1 0 3 1 0 1 0 0 1 0 0 
3 1 2 0 0 2 0 0 2 0 0 1 0 0 1 0 0 
0 0 0 0 0 0 0 0 0 0 0 0 0 0 0 0 0 
0 2 0 0 0 0 0 0 0 0 0 0 0 0 0 0 0 
0 1 0 0 0 1 1 0 0 0 0 0 0 0 0 0 0 
0 0 0 0 0 0 0 0 0 0 0 0 0 0 0 0 0 
0 0 0 0 0 0 0 0 0 0 0 0 0 0 0 0 0 
0 0 0 0 0 0 0 0 0 0 0 0 0 0 0 0 0 
0 0 0 0 0 3 0 0 0 0 0 0 0 0 0 0 0 
0 0 0 0 0 0 0 0 0 0 0 0 0 0 0 0 0 
0 0 0 0 0 0 0 0 0 0 0 0 0 0 0 0 0 
1 0 0 2 0 2 1 0 2 1 0 0 0 0 0 0 0 
2 0 1 0 0 2 0 0 2 0 0 1 0 0 1 0 0 
0 0 0 0 0 0 0 0 0 0 0 0 0 0 0 0 0 
0 2 0 0 0 4 2 0 0 0 0 0 0 0 0 0 0 
0 1 0 0 0 3 3 0 0 0 0 0 0 0 0 0 0 
0 0 0 0 0 0 0 0 0 0 0 0 0 0 0 0 0 
2 1 1 1 0 11 2 0 9 0 0 1 0 0 1 0 0 
0 1 0 0 0 3 3 0 0 0 0 1 1 0 0 0 0 
0 0 0 0 0 0 0 0 0 0 0 0 0 0 0 0 0 
2 1 1 2 0 14 2 0 10 0 0 5 1 0 3 0 0 
2 1 1 2 0 19 2 0 15 0 0 5 1 0 3 0 0 
2 1 1 2 0 18 3 0 12 0 0 5 1 0 3 0 0 
2 1 1 2 0 14 2 0 10 0 0 5 1 0 3 0 0 
2 1 1 2 0 24 2 0 18 0 0 5 1 0 3 0 0 
2 1 1 2 0 36 3 0 12 0 0 5 1 0 3 0 0 
2 1 1 2 0 14 2 0 10 0 0 5 1 0 3 0 0 
2 1 1 2 0 18 2 0 12 0 0 5 1 0 3 0 0 
3 1 3 3 0 33 3 0 19 1 0 6 2 0 4 1 0 
2 1 1 2 0 22 4 0 14 0 0 5 1 0 3 0 0 
2 1 1 2 0 14 2 0 10 0 0 5 1 0 3 0 0 
2 1 1 2 0 22 2 0 14 0 0 4 1 0 2 0 0 
3 2 1 2 0 46 4 0 13 0 0 4 1 0 2 0 0 
2 1 1 1 0 7 2 0 3 0 0 1 0 0 1 0 0 
2 1 1 1 0 1 0 0 1 0 0 0 0 0 0 0 0 
1 2 0 0 0 13 0 0 4 0 0 0 0 0 0 0 0 
1 0 0 0 0 7 0 0 3 0 0 0 0 0 0 0 0 
0 0 0 0 0 0 0 0 0 0 0 0 0 0 0 0 0 
0 0 0 0 0 0 0 0 0 0 0 0 0 0 0 0 0 
4 1 4 4 0 10 0 0 6 0 0 4 0 0 2 0 0 
2 1 1 1 0 4 1 0 2 0 0 3 1 0 1 0 0 
2 1 1 1 0 7 0 0 7 0 0 2 0 0 2 0 0 
2 1 1 1 0 11 2 0 9 0 0 1 0 0 1 0 0 
0 1 0 0 0 3 3 0 0 0 0 1 1 0 0 0 0 
0 0 0 0 0 0 0 0 0 0 0 0 0 0 0 0 0 
2 1 1 2 0 14 2 0 10 0 0 5 1 0 3 0 0 
2 1 1 2 0 14 2 0 10 0 0 5 1 0 3 0 0 
2 1 1 2 0 14 2 0 10 0 0 4 1 0 2 0 0 
2 1 1 1 0 7 2 0 3 0 0 3 1 0 1 0 0 
2 1 1 1 0 1 0 0 1 0 0 1 0 0 1 0 0 
2 1 1 1 0 4 0 0 4 0 0 0 0 0 0 0 0 
1 1 0 0 0 4 1 0 2 0 0 0 0 0 0 0 0 
0 0 0 0 0 0 0 0 0 0 0 0 0 0 0 0 0 
0 0 0 0 0 0 0 0 0 0 0 0 0 0 0 0 0 
0 1 0 0 0 1 1 0 0 0 0 0 0 0 0 0 0 
0 0 0 0 0 0 0 0 0 0 0 0 0 0 0 0 0 
0 1 0 0 0 1 1 0 0 0 0 0 0 0 0 0 0 
0 0 0 0 0 0 0 0 0 0 0 0 0 0 0 0 0 
0 0 0 0 0 0 0 0 0 0 0 0 0 0 0 0 0 
0 0 0 0 0 0 0 0 0 0 0 0 0 0 0 0 0 
0 0 0 0 0 0 0 0 0 0 0 0 0 0 0 0 0 
0 0 0 0 0 0 0 0 0 0 0 0 0 0 0 0 0 
