1 7 2.90
2 1 0.01
3 1 1.84
4 1 0.01
5 1 0.01
6 7 4.65
7 1 0.01
8 25 6.19
9 14 27.99
10 14 14.28
11 2 29.04
12 17 18.22
13 7 3.54
14 7 7.05
15 1 1.83
16 25 6.25
17 7 4.68
18 1 0.01
19 25 5.90
20 1 1.84
21 1 1.83
22 1 0.01
23 1 0.01
24 1 1.87
25 1 1.83
26 1 1.84
27 15 7.34
28 1 0.01
29 1 0.01
30 1 0.01
31 1 0.01
32 1 0.01
33 1 0.01
34 1 0.01
35 1 0.01
36 1 0.01
37 1 0.01
38 1 0.01
39 25 1.50
40 25 1.24
41 1 0.01
42 1 0.01
43 1 1.83
44 1 1.83
45 1 0.01
46 1 0.01
47 1 1.83
48 1 0.01
49 1 1.83
50 1 0.01
51 15 64.88
52 1 0.01
53 1 1.85
54 1 0.01
55 1 0.01
56 1 1.83
57 1 0.01
58 1 0.01
59 25 4.68
60 1 0.01
61 1 0.01
62 1 0.01
63 1 0.01
64 1 0.01
65 1 0.01
66 17 16.82
67 17 15.71
68 17 13.05
69 25 8.18
70 6 4.47
71 1 1.83
72 1 0.01
73 25 1.24
74 1 0.01
75 25 1.24
76 1 0.01
77 1 0.01
78 25 1.24
79 1 0.01
80 1 0.01
81 1 0.01
82 1 1.85
83 1 0.01
84 1 0.01
85 1 0.01
86 25 2.62
87 1 1.87
88 1 0.01
89 1 0.01
90 1 0.01
91 1 0.01
92 1 0.01
93 1 0.01
94 1 0.01
95 1 0.01
96 1 0.01
97 1 0.01
98 1 0.01
99 25 6.35
100 1 1.86
101 1 0.01
102 1 0.01
103 1 0.01
104 1 0.01
105 1 0.01
106 1 0.01
107 1 0.01
108 1 0.01
109 1 1.83
110 15 13.42
111 1 0.01
112 1 0.01
113 1 0.01
114 1 0.01
115 25 2.69
116 1 1.84
117 1 0.01
118 25 1.24
119 1 0.01
120 1 0.01
121 1 0.01
122 1 0.01
123 1 0.01
124 1 0.01
125 1 0.01
126 1 1.84
127 1 0.01
128 1 0.01
129 25 7.89
130 7 2.28
131 1 1.83
132 1 0.01
133 1 0.01
134 1 0.01
135 1 0.01
136 1 0.01
137 1 0.01
138 1 0.01
139 7 4.56
140 9 19.88
141 20 35.07
142 10 17.72
143 14 13.05
144 17 15.64
145 17 10.11
146 25 11.09
147 25 4.97
148 1 1.83
149 1 0.01
150 1 0.01
151 1 0.01
152 1 0.01
153 7 4.80
154 1 1.84
155 1 0.01
156 25 13.72
157 1 0.01
158 7 2.94
159 1 1.84
160 1 0.01
161 1 0.01
162 1 0.01
163 1 0.01
164 1 0.01
165 25 1.50
166 25 1.24
167 25 1.24
168 1 0.01
169 22 63.38
170 16 22.93
171 10 14.61
172 11 24.37
173 14 22.61
174 17 12.92
175 25 2.69
176 25 11.86
177 6 10.86
178 1 1.84
179 1 0.01
180 1 0.01
181 1 0.01
182 1 1.86
183 1 0.01
184 1 0.01
185 1 0.01
186 1 0.01
187 1 0.01
188 1 0.01
189 25 6.28
190 1 0.01
191 25 4.68
192 1 0.01
193 1 0.01
194 1 0.01
195 1 0.01
196 1 0.01
197 1 0.01
198 1 0.01
199 1 0.01
200 1 1.84
201 1 0.01
202 1 0.01
203 25 5.90
204 1 0.01
205 1 0.01
206 1 0.01
207 1 0.01
208 1 1.84
209 1 0.01
210 1 0.01
211 1 0.01
212 1 0.01
213 1 0.01
214 1 0.01
215 1 0.01
216 1 0.01
217 15 43.55
218 1 1.84
219 1 0.01
220 1 0.01
221 1 0.01
222 1 0.01
223 1 0.01
224 1 0.01
225 1 0.01
226 1 0.01
227 1 0.01
228 1 0.01
229 2 16.11
230 1 0.01
231 20 27.61
232 2 24.05
233 2 7.99
234 11 31.93
235 25 2.22
236 2 20.39
237 17 16.83
238 17 17.27
239 1 5.98
240 1 0.01
241 6 5.21
242 6 6.20
243 1 0.01
244 1 0.01
245 1 0.01
246 1 0.01
