1 1 0.01
2 1 0.01
3 1 0.01
4 1 0.01
5 1 0.01
6 1 0.01
7 25 1.24
8 1 0.01
9 1 0.01
10 2 14.23
11 17 18.15
12 14 22.02
13 16 34.31
14 2 7.69
15 9 22.07
16 20 37.03
17 10 21.49
18 2 7.99
19 9 23.74
20 9 16.14
21 16 23.55
22 14 14.49
23 17 10.50
24 2 10.48
25 25 4.85
26 7 3.53
27 1 0.01
28 1 0.01
29 1 0.01
30 1 0.01
31 1 0.01
32 11 45.56
33 5 29.18
34 2 7.80
35 5 23.74
36 21 31.82
37 25 6.25
38 23 14.35
39 13 20.96
40 17 14.09
41 2 18.11
42 25 2.22
43 7 3.91
44 1 3.67
45 1 0.01
46 1 0.01
47 1 0.01
48 1 0.01
49 7 2.99
50 1 0.01
51 25 2.64
52 1 2.00
53 1 1.83
54 1 0.01
55 1 0.01
56 1 0.01
57 1 0.01
58 1 0.01
59 1 0.01
60 1 0.01
61 1 0.01
62 1 0.01
63 1 0.01
64 1 0.01
65 1 0.01
66 1 1.83
67 25 6.25
68 1 1.85
69 1 0.01
70 1 0.01
71 1 0.01
72 1 0.01
73 1 0.01
74 1 0.01
75 1 0.01
76 1 1.84
77 1 0.01
78 1 0.01
79 1 0.01
80 1 0.01
81 1 0.01
82 1 0.01
83 1 0.01
84 1 0.01
85 1 0.01
86 1 0.01
87 1 0.01
