1 25 4.01
2 1 0.01
3 7 3.53
4 1 0.01
5 1 0.01
6 1 0.01
7 1 0.01
8 1 0.01
9 17 16.77
10 25 6.67
11 6 2.59
12 1 0.01
13 1 0.01
14 1 0.01
15 1 0.01
16 16 38.43
17 2 9.13
18 18 16.98
19 10 26.40
20 14 15.44
21 17 14.90
22 17 18.21
23 25 8.72
24 6 24.45
25 1 1.83
26 1 0.01
27 1 0.01
28 2 20.14
29 10 40.68
30 21 24.49
31 11 24.00
32 5 28.09
33 21 13.66
34 18 18.17
35 23 15.85
36 23 19.63
37 17 10.35
38 2 11.02
39 6 3.28
40 7 3.59
41 1 0.01
42 1 0.01
43 1 0.01
44 2 31.97
45 7 6.68
46 2 8.54
47 10 26.44
48 20 25.22
49 7 5.34
50 2 9.06
51 9 23.27
52 5 39.62
53 25 4.84
54 9 34.12
55 23 26.77
56 2 9.39
57 17 12.61
58 7 15.16
59 25 2.80
60 25 3.52
61 1 0.01
62 1 0.01
63 2 31.62
64 5 30.36
65 7 5.51
66 2 9.20
67 21 36.76
68 18 23.16
69 23 20.90
70 23 10.01
71 17 10.28
72 2 12.74
73 25 8.51
74 7 3.50
75 1 0.01
76 1 0.01
77 1 0.01
78 16 26.92
79 7 5.11
80 2 20.94
81 22 71.41
82 11 29.23
83 25 6.48
84 11 23.52
85 5 17.90
86 2 27.42
87 18 35.58
88 7 2.90
89 25 2.67
90 17 21.41
91 25 11.08
92 16 49.57
93 1 1.84
94 1 0.01
95 1 0.01
96 2 7.99
97 5 21.93
98 18 23.72
99 5 29.23
100 2 8.42
101 11 20.52
102 23 12.50
103 25 6.26
104 17 26.67
105 6 9.34
106 7 9.56
107 1 1.83
108 1 1.84
109 1 1.83
110 1 0.01
111 1 0.01
112 25 4.84
113 7 4.61
114 1 1.83
115 1 1.86
116 1 0.01
117 1 0.01
118 1 1.87
119 1 1.84
120 1 0.01
121 1 0.01
122 2 8.67
123 14 27.74
124 16 25.58
125 25 5.05
126 13 29.74
127 16 13.63
128 10 24.56
129 7 5.35
130 2 8.54
131 10 32.42
132 23 31.15
133 17 9.86
134 17 12.67
135 6 6.33
136 6 4.46
137 1 1.84
138 1 0.01
139 1 0.01
140 1 1.84
141 1 0.01
142 1 7.99
143 22 30.47
144 7 5.26
145 25 5.09
146 11 49.56
147 5 26.50
148 11 22.64
149 5 38.74
150 25 6.29
151 17 14.11
152 9 17.82
153 6 12.02
154 6 26.07
155 7 4.41
156 1 0.01
157 25 5.82
158 2 16.39
159 10 28.69
160 7 5.25
161 2 8.51
162 10 22.80
163 9 18.69
164 18 18.25
165 13 44.99
166 14 15.11
167 17 11.54
168 17 9.76
169 25 8.68
170 6 4.46
171 1 1.84
172 1 0.01
173 1 0.01
174 25 12.88
175 1 1.83
176 1 0.01
177 20 31.78
178 25 6.38
179 10 16.00
180 18 23.92
181 2 8.53
182 5 39.27
183 25 4.85
184 9 19.64
185 23 22.23
186 23 17.81
187 17 7.98
188 7 13.23
189 25 2.82
190 25 1.24
191 1 0.01
192 1 0.01
193 20 25.13
194 20 19.52
195 10 22.91
196 14 20.49
197 21 23.06
198 18 22.68
199 14 23.86
200 23 11.18
201 23 27.17
202 25 2.25
203 25 5.40
204 1 3.67
205 1 0.01
206 1 0.01
207 1 0.01
208 2 10.61
209 1 0.01
210 2 17.16
211 12 17.96
212 9 25.68
213 2 7.69
214 11 23.05
215 21 35.89
216 21 25.93
217 20 17.03
218 23 15.69
219 25 2.67
220 17 17.32
221 25 8.75
222 6 14.72
223 1 1.84
224 1 0.01
225 1 0.01
226 2 16.38
227 5 21.75
228 7 2.90
229 25 5.08
230 11 20.10
231 2 20.97
232 18 33.45
233 7 5.68
234 2 9.00
235 17 17.44
236 1 1.83
237 25 2.63
238 6 7.89
239 6 2.95
240 1 1.84
241 1 0.01
242 1 0.01
243 1 0.01
244 10 34.45
245 10 29.11
246 10 18.91
247 21 14.20
248 11 14.52
249 14 23.24
250 21 17.39
251 9 24.39
252 2 15.43
253 2 13.39
254 17 11.48
255 1 1.84
256 25 1.52
257 1 1.84
258 1 0.01
259 1 0.01
260 15 28.93
261 17 14.23
262 1 0.01
263 23 23.68
264 7 4.85
265 7 2.89
266 7 2.28
267 1 1.83
268 1 0.01
269 1 0.01
270 1 0.01
271 1 0.01
272 6 9.11
273 7 9.09
274 1 1.83
275 1 1.87
276 1 1.83
277 1 0.01
278 1 0.01
279 1 0.01
