460 1 0 0 0 0 0 0 0 0 0 0 0 0 0 0 0 0 
461 0 0 0 0 0 0 0 0 0 0 0 0 0 0 0 0 0 
462 0 0 0 0 0 2 0 0 0 0 0 0 0 0 0 0 0 
463 0 0 0 0 0 0 0 0 0 0 0 0 0 0 0 0 0 
464 0 0 0 0 0 0 0 0 0 0 0 0 0 0 0 0 0 
465 0 0 0 0 0 5 0 0 0 0 0 0 0 0 0 0 0 
466 0 0 0 0 0 0 0 0 0 0 0 0 0 0 0 0 0 
467 0 0 0 0 0 1 0 0 0 0 0 0 0 0 0 0 0 
468 0 0 0 0 0 0 0 0 0 0 0 0 0 0 0 0 0 
469 0 0 0 0 0 1 0 0 0 0 0 0 0 0 0 0 0 
470 0 0 0 0 0 0 0 0 0 0 0 0 0 0 0 0 0 
471 2 3 0 0 0 23 3 0 3 0 0 2 2 0 0 0 0 
472 0 0 0 0 0 0 0 0 0 0 0 0 0 0 0 0 0 
473 1 0 0 0 0 0 0 0 0 0 0 0 0 0 0 0 0 
474 0 0 0 0 0 0 0 0 0 0 0 0 0 0 0 0 0 
475 0 0 0 0 0 0 0 0 0 0 0 0 0 0 0 0 0 
476 0 0 0 0 0 6 0 0 0 0 0 0 0 0 0 0 0 
477 0 0 0 0 0 2 0 0 0 0 0 0 0 0 0 0 0 
478 0 0 0 0 0 0 0 0 0 0 0 0 0 0 0 0 0 
479 1 0 0 0 0 2 0 0 0 0 0 0 0 0 0 0 0 
480 0 1 0 0 0 6 3 0 0 0 0 0 0 0 0 0 0 
481 0 0 0 0 0 4 0 0 0 0 0 0 0 0 0 0 0 
482 1 0 0 0 0 9 0 0 9 0 0 0 0 0 0 0 0 
483 2 0 1 1 0 11 0 0 1 0 0 0 0 0 0 0 0 
484 1 0 0 1 0 1 1 0 1 1 0 0 0 0 0 0 0 
485 1 0 0 0 0 0 0 0 0 0 0 0 0 0 0 0 0 
486 0 0 0 0 0 0 0 0 0 0 0 0 0 0 0 0 0 
487 0 0 0 0 0 0 0 0 0 0 0 0 0 0 0 0 0 
488 0 0 0 0 0 0 0 0 0 0 0 0 0 0 0 0 0 
489 0 0 0 0 0 2 0 0 0 0 0 0 0 0 0 0 0 
490 0 0 0 0 0 3 0 0 0 0 0 0 0 0 0 0 0 
491 1 0 0 0 0 3 0 0 1 0 0 0 0 0 0 0 0 
492 0 0 0 0 0 0 0 0 0 0 0 0 0 0 0 0 0 
493 0 0 0 0 0 0 0 0 0 0 0 0 0 0 0 0 0 
494 0 0 0 0 0 0 0 0 0 0 0 0 0 0 0 0 0 
495 1 0 0 1 0 3 3 0 3 3 0 1 1 0 1 1 0 
496 1 0 0 1 0 2 0 0 2 0 0 1 0 0 1 0 0 
497 1 0 0 1 0 2 0 0 2 0 0 0 0 0 0 0 0 
498 2 1 1 1 0 4 1 0 2 0 0 3 1 0 1 0 0 
499 2 1 1 1 0 4 0 0 4 0 0 2 0 0 2 0 0 
500 2 1 1 1 0 2 1 0 1 0 0 0 0 0 0 0 0 
501 0 1 0 0 0 1 1 0 0 0 0 1 1 0 0 0 0 
502 0 0 0 0 0 0 0 0 0 0 0 0 0 0 0 0 0 
503 1 0 0 0 0 0 0 0 0 0 0 0 0 0 0 0 0 
504 0 0 0 0 0 0 0 0 0 0 0 0 0 0 0 0 0 
505 1 0 0 0 0 0 0 0 0 0 0 0 0 0 0 0 0 
506 0 0 0 0 0 0 0 0 0 0 0 0 0 0 0 0 0 
507 0 1 0 0 0 1 1 0 0 0 0 0 0 0 0 0 0 
508 0 0 0 0 0 0 0 0 0 0 0 0 0 0 0 0 0 
509 0 0 0 0 0 2 0 0 0 0 0 0 0 0 0 0 0 
510 0 0 0 0 0 0 0 0 0 0 0 0 0 0 0 0 0 
511 0 1 0 0 0 10 2 0 0 0 0 0 0 0 0 0 0 
512 0 0 0 0 0 0 0 0 0 0 0 0 0 0 0 0 0 
513 2 0 0 1 0 8 0 0 2 0 0 0 0 0 0 0 0 
514 0 0 0 0 0 2 0 0 0 0 0 0 0 0 0 0 0 
515 1 0 0 1 0 4 1 0 4 1 0 0 0 0 0 0 0 
516 1 1 0 0 0 8 1 0 0 0 0 0 0 0 0 0 0 
517 0 0 0 0 0 0 0 0 0 0 0 0 0 0 0 0 0 
518 0 0 0 0 0 0 0 0 0 0 0 0 0 0 0 0 0 
519 1 0 0 1 0 1 0 0 1 0 0 0 0 0 0 0 0 
520 1 0 0 1 0 1 1 0 1 1 0 0 0 0 0 0 0 
521 1 0 0 0 0 0 0 0 0 0 0 0 0 0 0 0 0 
522 0 0 0 0 0 0 0 0 0 0 0 0 0 0 0 0 0 
523 0 0 0 0 0 0 0 0 0 0 0 0 0 0 0 0 0 
524 2 1 1 2 0 14 2 0 10 0 0 3 1 0 1 0 0 
525 1 2 0 0 0 12 2 0 6 0 0 5 1 0 2 0 0 
526 1 0 0 1 0 4 0 0 4 0 0 1 0 0 1 0 0 
527 2 1 1 2 0 14 2 0 10 0 0 4 1 0 2 0 0 
528 1 2 0 1 0 9 2 0 3 0 0 3 1 0 1 0 0 
529 1 0 0 1 0 0 0 0 0 0 0 0 0 0 0 0 0 
530 2 1 1 1 0 4 0 0 4 0 0 2 0 0 2 0 0 
531 2 1 1 1 0 2 1 0 1 0 0 0 0 0 0 0 0 
532 0 1 0 0 0 1 1 0 0 0 0 1 1 0 0 0 0 
533 0 0 0 0 0 0 0 0 0 0 0 0 0 0 0 0 0 
534 1 0 0 0 0 0 0 0 0 0 0 0 0 0 0 0 0 
535 0 0 0 0 0 0 0 0 0 0 0 0 0 0 0 0 0 
536 0 0 0 0 0 0 0 0 0 0 0 0 0 0 0 0 0 
537 0 0 0 0 0 0 0 0 0 0 0 0 0 0 0 0 0 
538 0 0 0 0 0 0 0 0 0 0 0 0 0 0 0 0 0 
539 0 0 0 0 0 0 0 0 0 0 0 0 0 0 0 0 0 
540 0 0 0 0 0 0 0 0 0 0 0 0 0 0 0 0 0 
541 0 0 0 0 0 0 0 0 0 0 0 0 0 0 0 0 0 
542 0 0 0 0 0 0 0 0 0 0 0 0 0 0 0 0 0 
543 0 0 0 0 0 0 0 0 0 0 0 0 0 0 0 0 0 
544 1 0 0 0 0 0 0 0 0 0 0 0 0 0 0 0 0 
545 0 0 0 0 0 0 0 0 0 0 0 0 0 0 0 0 0 
546 1 0 0 1 0 6 0 0 6 0 0 3 0 0 3 0 0 
547 2 1 1 4 0 16 3 0 10 0 0 4 1 0 2 0 0 
548 1 3 0 1 0 4 2 0 0 0 0 3 2 0 0 0 0 
549 1 0 0 2 0 0 0 0 0 0 0 0 0 0 0 0 0 
550 5 0 2 1 6 0 0 0 0 0 0 0 0 0 0 0 0 
551 3 0 2 0 0 0 0 0 0 0 0 0 0 0 0 0 0 
552 0 0 0 0 0 0 0 0 0 0 0 0 0 0 0 0 0 
553 0 0 0 0 0 0 0 0 0 0 0 0 0 0 0 0 0 
554 0 0 0 0 0 0 0 0 0 0 0 0 0 0 0 0 0 
555 0 0 0 0 0 0 0 0 0 0 0 0 0 0 0 0 0 
