1310 0 0 0 0 0 0 0 0 0 0 0 0 0 0 0 0 0 
1311 0 0 0 0 0 0 0 0 0 0 0 0 0 0 0 0 0 
1312 3 0 0 0 3 0 0 0 0 0 0 0 0 0 0 0 0 
1313 1 0 0 0 0 0 0 0 0 0 0 0 0 0 0 0 0 
1314 0 0 0 0 0 0 0 0 0 0 0 0 0 0 0 0 0 
1315 0 0 0 0 0 0 0 0 0 0 0 0 0 0 0 0 0 
1316 0 0 0 0 0 0 0 0 0 0 0 0 0 0 0 0 0 
1317 0 0 0 0 0 0 0 0 0 0 0 0 0 0 0 0 0 
1318 0 0 0 0 0 1 0 0 0 0 0 0 0 0 0 0 0 
1319 0 0 0 0 0 0 0 0 0 0 0 0 0 0 0 0 0 
1320 0 0 0 0 0 1 0 0 0 0 0 0 0 0 0 0 0 
1321 0 0 0 0 0 0 0 0 0 0 0 0 0 0 0 0 0 
1322 0 0 0 0 0 1 0 0 0 0 0 0 0 0 0 0 0 
1323 0 0 0 0 0 0 0 0 0 0 0 0 0 0 0 0 0 
1324 0 0 0 0 0 1 0 0 0 0 0 0 0 0 0 0 0 
1325 0 0 0 0 0 0 0 0 0 0 0 0 0 0 0 0 0 
1326 0 1 0 0 0 2 1 0 0 0 0 0 0 0 0 0 0 
1327 0 1 0 0 0 4 1 0 0 0 0 0 0 0 0 0 0 
1328 1 1 0 0 0 12 1 0 1 0 0 0 0 0 0 0 0 
1329 1 0 0 0 0 0 0 0 0 0 0 0 0 0 0 0 0 
1330 0 0 0 0 0 0 0 0 0 0 0 0 0 0 0 0 0 
1331 0 0 0 0 0 0 0 0 0 0 0 0 0 0 0 0 0 
1332 0 0 0 0 0 0 0 0 0 0 0 0 0 0 0 0 0 
1333 0 0 0 0 0 3 0 0 0 0 0 0 0 0 0 0 0 
1334 0 0 0 0 0 0 0 0 0 0 0 0 0 0 0 0 0 
1335 1 0 0 0 0 2 0 0 0 0 0 0 0 0 0 0 0 
1336 0 0 0 0 0 0 0 0 0 0 0 0 0 0 0 0 0 
1337 0 1 0 0 0 6 1 0 0 0 0 0 0 0 0 0 0 
1338 0 1 0 0 0 4 1 0 0 0 0 0 0 0 0 0 0 
1339 1 1 0 0 0 6 1 0 0 0 0 0 0 0 0 0 0 
1340 0 0 0 0 0 1 0 0 0 0 0 0 0 0 0 0 0 
1341 0 0 0 0 0 0 0 0 0 0 0 0 0 0 0 0 0 
1342 0 0 0 0 0 0 0 0 0 0 0 0 0 0 0 0 0 
1343 0 0 0 0 0 0 0 0 0 0 0 0 0 0 0 0 0 
1344 0 0 0 0 0 0 0 0 0 0 0 0 0 0 0 0 0 
1345 3 0 2 0 0 5 0 0 3 0 0 0 0 0 0 0 0 
1346 0 0 0 0 0 0 0 0 0 0 0 0 0 0 0 0 0 
1347 0 0 0 0 0 2 0 0 0 0 0 0 0 0 0 0 0 
1348 0 1 0 0 0 2 2 0 0 0 0 0 0 0 0 0 0 
1349 0 0 0 0 0 0 0 0 0 0 0 0 0 0 0 0 0 
1350 0 0 0 0 0 0 0 0 0 0 0 0 0 0 0 0 0 
1351 1 0 0 0 0 0 0 0 0 0 0 0 0 0 0 0 0 
1352 0 0 0 0 0 0 0 0 0 0 0 0 0 0 0 0 0 
1353 0 0 0 0 0 0 0 0 0 0 0 0 0 0 0 0 0 
1354 0 0 0 0 0 1 0 0 0 0 0 0 0 0 0 0 0 
1355 0 0 0 0 0 0 0 0 0 0 0 0 0 0 0 0 0 
1356 1 0 0 0 0 1 0 0 0 0 0 0 0 0 0 0 0 
1357 0 0 0 0 0 0 0 0 0 0 0 0 0 0 0 0 0 
1358 1 0 0 0 0 0 0 0 0 0 0 0 0 0 0 0 0 
1359 0 0 0 0 0 0 0 0 0 0 0 0 0 0 0 0 0 
1360 1 2 0 2 0 7 6 0 3 2 0 0 0 0 0 0 0 
1361 0 0 0 0 0 0 0 0 0 0 0 0 0 0 0 0 0 
1362 1 0 0 1 0 2 1 0 2 1 0 0 0 0 0 0 0 
1363 2 0 1 0 0 2 0 0 2 0 0 0 0 0 0 0 0 
1364 0 0 0 0 0 0 0 0 0 0 0 0 0 0 0 0 0 
1365 1 1 0 0 0 4 1 0 2 0 0 0 0 0 0 0 0 
1366 0 0 0 0 0 0 0 0 0 0 0 0 0 0 0 0 0 
1367 0 0 0 0 0 0 0 0 0 0 0 0 0 0 0 0 0 
1368 0 0 0 0 0 1 0 0 0 0 0 0 0 0 0 0 0 
1369 0 0 0 0 0 0 0 0 0 0 0 0 0 0 0 0 0 
1370 0 1 0 0 0 1 1 0 0 0 0 0 0 0 0 0 0 
1371 0 0 0 0 0 0 0 0 0 0 0 0 0 0 0 0 0 
1372 0 0 0 0 0 0 0 0 0 0 0 0 0 0 0 0 0 
1373 0 0 0 0 0 0 0 0 0 0 0 0 0 0 0 0 0 
1374 0 0 0 0 0 1 0 0 0 0 0 0 0 0 0 0 0 
1375 0 0 0 0 0 0 0 0 0 0 0 0 0 0 0 0 0 
1376 1 0 0 0 0 3 0 0 1 0 0 0 0 0 0 0 0 
1377 0 0 0 0 0 2 0 0 0 0 0 0 0 0 0 0 0 
1378 1 0 0 1 0 4 1 0 4 1 0 0 0 0 0 0 0 
1379 1 1 0 0 0 8 1 0 0 0 0 0 0 0 0 0 0 
1380 0 0 0 0 0 0 0 0 0 0 0 0 0 0 0 0 0 
1381 0 0 0 0 0 0 0 0 0 0 0 0 0 0 0 0 0 
1382 1 0 0 0 0 0 0 0 0 0 0 0 0 0 0 0 0 
1383 0 0 0 0 0 0 0 0 0 0 0 0 0 0 0 0 0 
1384 0 0 0 0 0 0 0 0 0 0 0 0 0 0 0 0 0 
1385 0 0 0 0 0 0 0 0 0 0 0 0 0 0 0 0 0 
1386 0 0 0 0 0 0 0 0 0 0 0 0 0 0 0 0 0 
1387 2 1 1 2 0 10 1 0 8 0 0 2 0 0 2 0 0 
1388 2 1 1 1 0 12 2 0 8 0 0 4 1 0 2 0 0 
1389 1 2 0 1 0 10 1 0 4 0 0 3 0 0 2 0 0 
1390 1 0 0 1 0 4 0 0 4 0 0 1 0 0 1 0 0 
1391 1 2 0 1 0 9 2 0 3 0 0 3 1 0 1 0 0 
1392 1 0 0 1 0 0 0 0 0 0 0 0 0 0 0 0 0 
1393 2 1 1 1 0 1 0 0 1 0 0 1 0 0 1 0 0 
1394 2 1 1 0 0 2 0 0 2 0 0 0 0 0 0 0 0 
1395 0 1 0 0 0 1 1 0 0 0 0 0 0 0 0 0 0 
1396 0 0 0 0 0 0 0 0 0 0 0 0 0 0 0 0 0 
1397 0 0 0 0 0 0 0 0 0 0 0 0 0 0 0 0 0 
1398 0 0 0 0 0 0 0 0 0 0 0 0 0 0 0 0 0 
1399 0 0 0 0 0 0 0 0 0 0 0 0 0 0 0 0 0 
1400 0 0 0 0 0 0 0 0 0 0 0 0 0 0 0 0 0 
1401 0 0 0 0 0 0 0 0 0 0 0 0 0 0 0 0 0 
1402 0 0 0 0 0 0 0 0 0 0 0 0 0 0 0 0 0 
1403 0 0 0 0 0 0 0 0 0 0 0 0 0 0 0 0 0 
1404 0 0 0 0 0 0 0 0 0 0 0 0 0 0 0 0 0 
1405 0 0 0 0 0 0 0 0 0 0 0 0 0 0 0 0 0 
1406 0 0 0 0 0 0 0 0 0 0 0 0 0 0 0 0 0 
1407 0 0 0 0 0 0 0 0 0 0 0 0 0 0 0 0 0 
1408 0 0 0 0 0 0 0 0 0 0 0 0 0 0 0 0 0 
1409 0 0 0 0 0 0 0 0 0 0 0 0 0 0 0 0 0 
1410 0 0 0 0 0 0 0 0 0 0 0 0 0 0 0 0 0 
1411 0 0 0 0 0 0 0 0 0 0 0 0 0 0 0 0 0 
1412 0 0 0 0 0 0 0 0 0 0 0 0 0 0 0 0 0 
