pdb lig overlap PP-crit PP-dst crit4 crit5 crit6 crit6_continue lig_vol pock_vol nb_AS nb_AS_norm mean_as_ray mean_as_solv_acc apol_as_prop apol_as_prop_norm mean_loc_hyd_dens mean_loc_hyd_dens_norm hydrophobicity_score volume_score polarity_score polarity_score_norm charge_score flex prop_polar_atm as_density as_density_norm as_max_dst as_max_dst_norm drug_score pock_asa pock_pol_asa pock_apol_asa ALA ARG ASN ASP CYS GLN GLU GLY HIS ILE LEU LYS MET PHE PRO SER THR TRP TYR VAL
dpoc.receptor.peptide.pdb PEP   1.22  0  14.74 0.00 0.00  0 -1.25  1049.12    1028.94   121 1.00   4.24   0.51  0.25 0.25   24.73 0.66     24.00    4.15    14  1.00     2   0.18   51.67  6.60  0.98 16.78  0.96  0.21 516.36 268.90 247.46   2   1   2   2   0   3   0   0   2   3   1   1   0   2   2   1   1   1   0   2
dpoc.receptor.peptide.pdb PEP   0.00  0  17.70 0.00 0.00  0 -1.25  1049.12     950.74    82 0.68   4.14   0.56  0.49 0.49   32.40 0.87      7.50    3.38     9  0.64     0   0.15   47.83  5.95  0.89 15.69  0.90  0.19 406.52 177.07 229.45   3   0   0   1   0   2   1   1   2   0   0   0   1   0   2   1   1   1   0   0
dpoc.receptor.peptide.pdb PEP   0.00  0  27.44 0.00 0.00  0 -1.25  1049.12     537.87    91 0.75   3.53   0.44  0.30 0.30   17.33 0.46     25.58    3.63    10  0.71     0   0.40   44.23  6.72  1.00 17.42  0.99  0.05 279.34 159.31 120.03   3   0   2   1   0   0   0   0   1   1   1   0   0   0   2   2   2   2   0   2
dpoc.receptor.peptide.pdb PEP   0.00  0  35.56 0.00 0.00  0 -1.25  1049.12     719.57    84 0.69   3.65   0.54  0.40 0.40   24.53 0.66     23.50    3.86     8  0.57     2   0.32   36.73  6.68  1.00 15.45  0.89  0.08 436.73 224.19 212.54   0   0   1   2   2   0   0   0   3   3   0   1   0   0   0   1   0   0   0   1
dpoc.receptor.peptide.pdb PEP   0.00  0  21.42 0.00 0.00  0 -1.25  1049.12     611.42    44 0.36   4.49   0.59  0.89 0.89   37.44 1.00     12.38    3.88     5  0.36    -1   0.46   25.00  3.26  0.48  8.73  0.53  0.25 223.47 72.52 150.95   0   0   0   1   2   0   1   1   0   0   0   1   0   0   0   0   1   1   0   0
dpoc.receptor.peptide.pdb PEP   0.00  0  23.92 0.00 0.00  0 -1.25  1049.12     472.47    60 0.49   3.56   0.52  0.60 0.60   29.50 0.79     -7.20    2.50     4  0.29     1   0.15   40.00  4.50  0.67 10.38  0.61  0.05 187.45 106.54 80.91   0   0   0   1   1   0   0   4   1   0   0   1   0   0   1   1   0   0   0   0
dpoc.receptor.peptide.pdb PEP   0.00  0  32.78 0.00 0.00  0 -1.25  1049.12     560.84    58 0.47   3.98   0.53  0.09 0.09    4.00 0.11     14.20    4.40     6  0.43     2   0.45   55.17  3.53  0.52  8.71  0.52  0.01 246.27 154.49 91.78   0   0   1   1   1   0   0   0   0   0   0   3   1   1   0   1   0   0   0   1
dpoc.receptor.peptide.pdb PEP  18.29  0   4.43 0.45 0.25  0 -0.02  1049.12     554.01    55 0.45   4.00   0.54  0.20 0.20    9.09 0.24     23.18    4.09     5  0.36     1   0.20   53.33  3.98  0.59 10.40  0.62  0.01 278.82 168.93 109.89   0   0   2   1   0   0   0   0   1   1   0   1   0   1   1   0   0   0   0   3
dpoc.receptor.peptide.pdb PEP   0.00  0  16.08 0.00 0.00  0 -1.25  1049.12     363.12    36 0.29   3.98   0.56  0.44 0.44   15.00 0.40     24.11    4.11     6  0.43    -1   0.18   33.33  2.88  0.43  6.37  0.40  0.02 174.77 68.50 106.27   0   0   0   1   0   0   1   0   1   0   0   0   2   0   0   1   1   0   1   1
dpoc.receptor.peptide.pdb PEP   0.00  0  19.65 0.00 0.00  0 -1.25  1049.12     674.66    50 0.41   4.19   0.65  0.38 0.38   16.11 0.43     10.22    4.11     5  0.36    -2   0.24   40.00  4.44  0.66 12.02  0.70  0.01 257.68 168.32 89.36   0   0   0   2   0   0   1   1   1   0   0   0   1   1   1   0   0   1   0   0
dpoc.receptor.peptide.pdb PEP   0.00  0  11.58 0.00 0.00  0 -1.25  1049.12     757.90    68 0.56   3.74   0.52  0.43 0.43   15.31 0.41     31.25    4.08     3  0.21     1   0.26   35.71  5.94  0.88 17.51  1.00  0.02 242.58 125.44 117.14   0   0   1   0   1   0   0   2   0   2   0   1   1   1   2   0   0   1   0   0
dpoc.receptor.peptide.pdb PEP   0.00  0  29.72 0.00 0.00  0 -1.25  1049.12     761.73    38 0.31   4.17   0.62  0.45 0.45   14.59 0.39      5.70    3.30     5  0.36     1   0.45   40.74  5.04  0.75 10.49  0.62  0.01 323.61 115.89 207.71   3   1   1   1   0   0   0   0   1   0   0   0   1   0   1   1   0   0   0   0
dpoc.receptor.peptide.pdb PEP   0.00  0  24.70 0.00 0.00  0 -1.25  1049.12     226.44    38 0.31   3.63   0.45  0.63 0.63   22.83 0.61     52.80    3.10     0  0.00     0   0.29   29.17  3.15  0.47  8.62  0.52  0.18 132.63 61.38 71.25   2   0   0   0   1   0   0   3   0   3   0   0   0   1   0   0   0   0   0   0
