253 1 0.01
254 1 0.01
255 1 0.01
256 1 0.01
257 1 0.01
258 9 5.37
259 10 9.70
260 9 4.07
261 1 0.01
262 9 2.33
263 10 17.54
264 2 38.71
265 7 23.17
266 24 26.64
267 1 5.78
268 14 5.56
269 9 10.58
270 9 3.85
271 1 1.80
272 14 1.25
273 1 0.01
274 1 0.01
275 14 2.91
276 1 0.01
277 1 0.01
278 1 0.01
279 1 0.01
280 21 43.18
281 11 26.21
282 2 15.65
283 9 18.22
284 25 29.09
285 9 2.40
286 1 1.80
287 1 0.01
288 1 0.01
289 1 0.01
290 1 0.01
291 1 0.01
292 14 0.99
293 1 0.01
294 9 2.40
295 1 1.80
296 1 1.76
297 1 0.01
298 1 0.01
299 1 0.01
300 6 33.34
301 1 0.01
302 1 0.01
303 10 9.22
304 1 0.01
305 1 0.01
306 1 0.01
307 14 0.99
308 1 0.01
309 1 0.01
310 1 0.01
311 9 5.47
312 1 0.01
313 1 0.01
314 1 0.01
315 21 24.90
316 10 15.39
317 9 2.33
318 9 8.32
319 14 3.82
320 9 2.41
321 1 0.01
322 1 0.01
323 1 0.01
324 9 5.30
325 1 0.01
326 1 0.01
327 21 27.52
328 10 9.62
329 2 11.38
330 9 4.99
331 14 2.84
332 1 0.01
333 1 0.01
334 1 0.01
335 15 25.04
336 3 13.96
337 2 7.90
338 15 30.64
339 8 21.26
340 3 23.77
341 9 5.93
342 7 29.65
343 11 22.74
344 8 22.64
345 11 21.19
346 14 2.85
347 9 5.85
348 17 12.15
349 10 9.22
350 14 2.05
351 9 2.41
352 1 1.79
353 1 0.01
354 1 0.01
355 1 0.01
