999 1 0.01
1000 14 1.14
1001 1 0.01
1002 1 1.80
1003 1 0.01
1004 1 0.01
1005 1 0.01
1006 1 1.80
1007 14 0.99
1008 14 1.19
1009 14 1.05
1010 14 1.02
1011 1 0.01
1012 14 4.31
1013 14 2.63
1014 1 0.01
1015 14 2.67
1016 1 0.01
1017 14 1.21
1018 1 0.01
1019 1 0.01
1020 1 0.01
1021 1 0.01
1022 1 0.01
1023 1 0.01
1024 1 0.01
1025 1 0.01
1026 1 0.01
1027 1 0.01
1028 1 1.78
1029 1 0.01
1030 1 0.01
1031 1 0.01
1032 1 0.01
1033 1 0.01
1034 1 0.01
1035 1 0.01
1036 1 0.01
1037 1 0.01
1038 9 11.23
1039 6 12.19
1040 14 1.21
1041 1 0.01
1042 1 0.01
1043 9 6.55
1044 1 0.01
1045 14 0.99
1046 14 1.05
1047 1 0.01
1048 1 0.01
1049 1 1.80
1050 1 0.01
1051 14 1.05
1052 1 0.01
1053 1 0.01
1054 1 0.01
1055 1 0.01
1056 1 0.01
1057 1 0.01
1058 1 0.01
1059 14 1.02
1060 1 0.01
1061 1 0.01
1062 14 1.05
1063 1 0.01
1064 1 0.01
1065 1 0.01
1066 1 0.01
1067 1 0.01
1068 14 1.21
1069 1 0.01
1070 9 3.69
1071 9 2.40
1072 1 1.76
1073 1 0.01
1074 1 0.01
1075 1 0.01
1076 1 0.01
1077 1 0.01
1078 1 0.01
1079 6 16.05
1080 14 4.44
1081 1 0.01
1082 1 1.80
1083 1 0.01
1084 1 0.01
1085 1 0.01
1086 1 0.01
1087 1 0.01
1088 1 0.01
1089 1 0.01
1090 1 0.01
1091 2 8.41
1092 3 19.42
1093 3 19.77
1094 13 14.52
1095 3 17.29
1096 15 31.44
1097 23 20.89
1098 18 15.96
1099 8 29.62
1100 8 30.29
1101 13 22.26
1102 12 19.49
1103 8 23.59
1104 13 32.75
1105 3 15.74
1106 2 8.46
1107 18 13.87
1108 3 14.68
1109 17 44.89
1110 17 8.71
1111 10 7.54
1112 9 8.37
1113 9 7.34
1114 14 1.21
1115 1 0.01
1116 1 0.01
1117 1 0.01
