1 1 0.01
2 1 0.01
3 2 12.41
4 1 0.01
5 14 17.13
6 17 23.34
7 17 10.35
8 2 11.09
9 6 3.28
10 7 3.53
11 1 0.01
12 1 0.01
13 1 0.01
14 1 1.84
15 1 0.01
16 1 0.01
17 1 0.01
18 1 0.01
19 1 1.84
20 1 0.01
21 1 0.01
22 1 0.01
23 1 0.01
24 1 0.01
25 1 1.87
26 1 0.01
27 1 0.01
28 1 0.01
29 1 0.01
30 1 0.01
31 1 0.01
32 1 0.01
33 1 2.00
34 1 0.01
35 18 24.19
36 16 14.19
37 16 38.41
38 2 9.33
39 10 24.47
40 10 36.64
41 10 29.93
42 10 17.48
43 11 18.99
44 2 8.42
45 5 38.30
46 9 21.14
47 14 28.47
48 21 20.89
49 23 22.02
50 17 11.07
51 17 13.94
52 7 4.30
53 6 17.63
54 1 1.83
55 1 0.01
56 1 0.01
57 1 0.01
58 1 0.01
59 1 0.01
60 1 0.01
61 7 3.18
62 1 0.01
63 1 0.01
64 1 0.01
65 1 0.01
66 1 0.01
67 1 0.01
68 25 10.16
69 1 0.01
70 1 2.00
71 1 0.01
72 1 0.01
73 1 0.01
74 1 1.86
75 1 0.01
76 15 5.41
77 1 0.01
78 1 0.01
79 1 1.86
80 1 0.01
81 1 0.01
82 1 0.01
83 1 0.01
84 1 0.01
85 1 0.01
86 1 0.01
87 6 8.71
88 6 2.64
89 1 1.84
90 1 0.01
91 1 0.01
92 1 1.86
93 1 0.01
94 1 0.01
95 1 0.01
96 25 1.50
97 15 5.49
98 1 0.01
99 1 0.01
100 25 3.17
101 1 0.01
102 25 1.50
103 1 0.01
104 1 0.01
105 1 0.01
106 1 0.01
107 1 0.01
108 1 0.01
109 1 0.01
110 7 4.61
111 1 0.01
112 1 1.86
113 1 0.01
114 1 0.01
115 1 0.01
116 1 0.01
117 1 0.01
118 1 0.01
119 1 0.01
120 1 0.01
121 25 1.24
122 1 0.01
123 1 0.01
124 1 0.01
125 9 15.98
126 5 29.24
127 2 7.99
128 11 21.79
129 18 19.98
130 13 44.49
131 10 25.35
132 9 21.32
133 10 20.82
134 2 9.13
135 21 36.94
136 9 20.28
137 20 14.36
138 23 9.44
139 17 15.98
140 17 17.19
141 25 8.20
142 17 42.52
143 1 1.84
144 1 0.01
145 1 0.01
146 25 2.22
147 25 8.18
148 6 4.47
149 1 1.83
150 1 0.01
151 1 0.01
152 1 0.01
