1 1 0.01
2 1 0.01
3 1 0.01
4 1 0.01
5 1 0.01
6 9 4.74
7 10 19.01
8 1 0.01
9 1 0.01
10 1 0.01
11 13 24.28
12 18 24.55
13 8 37.44
14 23 16.92
15 13 36.41
16 3 14.89
17 17 16.37
18 2 19.84
19 10 21.35
20 2 15.80
21 9 2.40
22 14 9.25
23 14 1.22
24 1 0.01
25 1 0.01
26 1 0.01
27 14 1.21
28 1 0.01
29 1 0.01
30 1 0.01
31 1 0.01
32 14 2.94
33 14 1.30
34 14 4.17
35 14 0.99
36 14 2.30
37 1 0.01
38 9 5.30
39 1 0.01
40 1 0.01
41 9 5.47
42 1 0.01
43 1 0.01
44 1 0.01
45 1 0.01
46 1 0.01
47 1 0.01
48 1 0.01
49 1 0.01
50 1 0.01
51 1 0.01
52 1 0.01
53 1 0.01
54 1 0.01
55 9 2.40
56 1 1.76
57 1 0.01
58 1 0.01
59 3 16.20
60 15 20.40
61 18 13.87
62 12 15.49
63 17 27.86
64 17 8.68
65 10 7.23
66 9 8.42
67 9 6.62
68 14 1.05
69 1 0.01
70 1 0.01
71 1 1.79
72 1 0.01
73 1 0.01
74 14 2.67
75 1 0.01
76 1 0.01
77 1 0.01
78 1 0.01
79 1 0.01
80 1 0.01
81 1 0.01
82 1 0.01
83 9 6.76
84 1 1.76
85 1 0.01
86 1 0.01
87 1 0.01
88 1 1.79
89 1 0.01
90 1 0.01
91 1 0.01
92 1 0.01
93 1 0.01
94 11 19.78
95 14 0.99
96 14 1.21
97 9 2.40
98 9 4.91
99 14 2.87
100 1 0.01
101 1 0.01
102 1 0.01
103 1 0.01
104 9 3.31
105 1 0.01
106 1 0.01
107 1 0.01
108 1 1.80
109 1 0.01
110 1 0.01
111 1 0.01
112 1 0.01
113 1 0.01
114 1 0.01
115 1 0.01
116 1 0.01
117 1 0.01
118 1 0.01
119 1 0.01
120 1 0.01
