1 0 0 0 0 0 0 0 0 0 0 0 0 0 0 0 0 0 
2 0 0 0 0 0 0 0 0 0 0 0 0 0 0 0 0 0 
3 0 0 0 0 0 2 0 0 0 0 0 0 0 0 0 0 0 
4 0 0 0 0 0 0 0 0 0 0 0 0 0 0 0 0 0 
5 0 0 0 0 0 0 0 0 0 0 0 0 0 0 0 0 0 
6 2 0 1 0 0 6 0 0 0 0 0 0 0 0 0 0 0 
7 1 2 0 2 0 28 5 0 2 1 0 3 1 0 1 0 0 
8 2 0 1 1 0 1 0 0 1 0 0 0 0 0 0 0 0 
9 0 0 0 0 0 0 0 0 0 0 0 0 0 0 0 0 0 
10 1 0 0 1 0 5 5 0 5 5 0 0 0 0 0 0 0 
11 1 0 0 2 0 10 10 0 10 10 0 2 2 0 2 2 0 
12 2 1 1 2 0 24 2 0 20 0 0 2 1 0 0 0 0 
13 1 2 0 0 0 20 4 0 10 0 0 4 1 0 2 0 0 
14 1 0 0 1 0 2 0 0 2 0 0 1 0 0 1 0 0 
15 2 1 1 1 0 20 1 0 16 0 0 2 0 0 2 0 0 
16 0 4 0 0 0 68 6 0 0 0 0 2 1 0 0 0 0 
17 0 2 0 0 0 2 1 0 0 0 0 0 0 0 0 0 0 
18 1 0 0 1 0 4 2 0 4 2 0 0 0 0 0 0 0 
19 1 0 0 0 0 11 0 0 2 0 0 1 0 0 1 0 0 
20 0 2 0 0 0 4 2 0 0 0 0 0 0 0 0 0 0 
21 0 1 0 0 0 1 1 0 0 0 0 0 0 0 0 0 0 
22 0 0 0 0 0 0 0 0 0 0 0 0 0 0 0 0 0 
23 1 0 0 0 0 7 0 0 1 0 0 1 0 0 0 0 0 
24 0 1 0 0 0 2 2 0 0 0 0 1 1 0 0 0 0 
25 0 0 0 0 0 0 0 0 0 0 0 0 0 0 0 0 0 
26 1 0 0 0 0 1 0 0 1 0 0 0 0 0 0 0 0 
27 0 1 0 0 0 3 3 0 0 0 0 0 0 0 0 0 0 
28 0 0 0 0 0 0 0 0 0 0 0 0 0 0 0 0 0 
29 1 0 0 0 0 7 0 0 1 0 0 0 0 0 0 0 0 
30 2 1 1 2 0 14 2 0 10 0 0 2 1 0 0 0 0 
31 1 2 0 0 0 12 2 0 6 0 0 5 1 0 2 0 0 
32 1 0 0 1 0 2 0 0 2 0 0 1 0 0 1 0 0 
33 2 1 1 1 0 8 1 0 6 0 0 2 1 0 1 0 0 
34 0 4 0 0 0 7 3 0 0 0 0 0 0 0 0 0 0 
35 1 0 0 1 0 2 2 0 2 2 0 0 0 0 0 0 0 
36 1 0 0 0 0 2 0 0 2 0 0 0 0 0 0 0 0 
37 0 0 0 0 0 6 0 0 0 0 0 0 0 0 0 0 0 
38 0 0 0 0 0 1 0 0 0 0 0 0 0 0 0 0 0 
39 0 0 0 0 0 0 0 0 0 0 0 0 0 0 0 0 0 
40 0 0 0 0 0 6 0 0 0 0 0 0 0 0 0 0 0 
41 1 1 0 0 0 4 1 0 1 0 0 0 0 0 0 0 0 
42 0 1 0 0 0 2 2 0 0 0 0 0 0 0 0 0 0 
43 0 0 0 0 0 0 0 0 0 0 0 0 0 0 0 0 0 
44 0 1 0 0 0 2 2 0 0 0 0 0 0 0 0 0 0 
45 0 0 0 0 0 0 0 0 0 0 0 0 0 0 0 0 0 
46 1 1 0 0 0 3 0 0 1 0 0 0 0 0 0 0 0 
47 0 1 0 0 0 2 1 0 0 0 0 0 0 0 0 0 0 
48 0 0 0 0 0 2 0 0 0 0 0 0 0 0 0 0 0 
49 1 0 0 2 0 0 0 0 0 0 0 0 0 0 0 0 0 
50 7 1 7 1 3 22 4 0 8 4 0 1 0 0 0 0 0 
51 0 0 0 0 0 0 0 0 0 0 0 0 0 0 0 0 0 
52 0 1 0 0 0 9 3 0 0 0 0 1 1 0 0 0 0 
53 1 0 0 0 0 4 0 0 0 0 0 0 0 0 0 0 0 
54 0 0 0 0 0 0 0 0 0 0 0 0 0 0 0 0 0 
55 0 0 0 0 0 0 0 0 0 0 0 0 0 0 0 0 0 
56 0 0 0 0 0 0 0 0 0 0 0 0 0 0 0 0 0 
57 0 0 0 0 0 0 0 0 0 0 0 0 0 0 0 0 0 
58 0 0 0 0 0 0 0 0 0 0 0 0 0 0 0 0 0 
59 0 0 0 0 0 0 0 0 0 0 0 0 0 0 0 0 0 
60 0 0 0 0 0 0 0 0 0 0 0 0 0 0 0 0 0 
61 0 1 0 0 0 1 1 0 0 0 0 0 0 0 0 0 0 
62 0 0 0 0 0 0 0 0 0 0 0 0 0 0 0 0 0 
63 0 0 0 0 0 0 0 0 0 0 0 0 0 0 0 0 0 
64 0 0 0 0 0 0 0 0 0 0 0 0 0 0 0 0 0 
65 2 1 1 2 0 19 2 0 15 0 0 4 1 0 2 0 0 
66 2 1 1 1 0 22 3 0 16 0 0 4 1 0 2 0 0 
67 2 1 1 1 0 7 2 0 3 0 0 1 0 0 1 0 0 
68 2 1 1 1 0 1 0 0 1 0 0 0 0 0 0 0 0 
69 2 2 1 0 0 11 0 0 3 0 0 0 0 0 0 0 0 
70 1 0 0 1 0 15 4 0 8 4 0 1 0 0 1 0 0 
71 0 0 0 0 0 0 0 0 0 0 0 0 0 0 0 0 0 
72 0 0 0 0 0 0 0 0 0 0 0 0 0 0 0 0 0 
73 0 0 0 0 0 6 0 0 0 0 0 0 0 0 0 0 0 
74 2 1 1 0 0 3 0 0 0 0 0 0 0 0 0 0 0 
75 0 1 0 0 0 3 3 0 0 0 0 0 0 0 0 0 0 
76 0 0 0 0 0 0 0 0 0 0 0 0 0 0 0 0 0 
77 3 2 2 2 0 17 0 0 9 0 0 3 0 0 3 0 0 
78 1 0 0 1 0 0 0 0 0 0 0 0 0 0 0 0 0 
79 1 2 0 0 0 1 0 0 1 0 0 0 0 0 0 0 0 
80 2 0 1 1 0 4 0 0 4 0 0 1 0 0 1 0 0 
81 1 0 0 1 0 9 0 0 4 0 0 1 0 0 1 0 0 
82 0 0 0 0 0 0 0 0 0 0 0 0 0 0 0 0 0 
83 0 0 0 0 0 0 0 0 0 0 0 0 0 0 0 0 0 
84 0 0 0 0 0 0 0 0 0 0 0 0 0 0 0 0 0 
85 2 1 1 1 0 12 2 0 8 0 0 5 1 0 3 0 0 
86 2 1 1 2 0 10 1 0 8 0 0 3 0 0 3 0 0 
87 2 1 1 2 0 14 2 0 10 0 0 6 1 0 3 0 0 
88 1 2 0 2 0 11 2 0 3 0 0 5 1 0 1 0 0 
89 1 0 0 1 0 0 0 0 0 0 0 0 0 0 0 0 0 
90 2 1 1 3 0 1 1 0 1 1 0 1 1 0 1 1 0 
91 3 0 0 1 3 6 0 0 6 0 0 0 0 0 0 0 0 
92 2 0 1 0 0 0 0 0 0 0 0 0 0 0 0 0 0 
93 0 0 0 0 0 0 0 0 0 0 0 0 0 0 0 0 0 
94 0 0 0 0 0 0 0 0 0 0 0 0 0 0 0 0 0 
95 2 1 1 2 0 14 2 0 10 0 0 4 1 0 2 0 0 
96 1 2 0 1 0 14 2 0 6 0 0 5 1 0 2 0 0 
97 1 0 0 1 0 2 0 0 2 0 0 0 0 0 0 0 0 
98 2 1 1 1 0 4 1 0 2 0 0 3 1 0 1 0 0 
99 2 1 1 1 0 1 0 0 1 0 0 1 0 0 1 0 0 
100 2 1 1 0 0 2 0 0 2 0 0 0 0 0 0 0 0 
101 0 1 0 0 0 1 1 0 0 0 0 0 0 0 0 0 0 
102 0 0 0 0 0 0 0 0 0 0 0 0 0 0 0 0 0 
103 0 0 0 0 0 0 0 0 0 0 0 0 0 0 0 0 0 
104 0 0 0 0 0 0 0 0 0 0 0 0 0 0 0 0 0 
105 0 0 0 0 0 0 0 0 0 0 0 0 0 0 0 0 0 
