#pdb lig overlap PP-crit PP-dst crit4 crit5 crit6 crit6_continue lig_vol pock_vol nb_AS nb_AS_norm mean_as_ray mean_as_solv_acc apol_as_prop apol_as_prop_norm mean_loc_hyd_dens mean_loc_hyd_dens_norm hydrophobicity_score volume_score polarity_score polarity_score_norm charge_score flex prop_polar_atm as_density as_density_norm as_max_dst as_max_dst_norm drug_score pock_asa pock_pol_asa pock_apol_asa ALA ARG ASN ASP CYS GLN GLU GLY HIS ILE LEU LYS MET PHE PRO SER THR TRP TYR VAL
dpoc.receptor.peptide.pdb PEP   0.00  0  15.75 0.00 0.00  0 -1.25  1097.92     575.70   112 0.79   3.83   0.50  0.73 0.73   71.68 1.00     58.78    4.57     7  0.58     2   0.02   24.14  5.08  0.57 12.94  0.57  0.92 233.57 63.42 170.16   1   1   0   0   3   0   0   0   0   7   3   1   0   1   1   2   1   1   1   0
dpoc.receptor.peptide.pdb PEP   0.00  0  15.90 0.00 0.00  0 -1.25  1097.92    1022.38   142 1.00   3.61   0.44  0.53 0.53   34.40 0.48     43.29    4.07    12  1.00    -3   0.15   35.80  8.84  1.00 23.60  1.00  0.29 392.78 151.25 241.53   1   0   1   2   2   0   1   1   0   6   2   0   1   1   1   4   1   2   1   1
dpoc.receptor.peptide.pdb PEP   0.00  0  14.41 0.00 0.00  0 -1.25  1097.92     600.96   107 0.75   3.57   0.42  0.36 0.36   23.53 0.33     39.55    4.32    10  0.83    -1   0.12   44.83  6.12  0.69 16.05  0.69  0.12 280.29 114.77 165.52   2   0   0   2   2   0   1   1   2   1   1   0   1   2   1   1   0   2   2   1
dpoc.receptor.peptide.pdb PEP   0.00  0  21.84 0.00 0.00  0 -1.25  1097.92     142.51    40 0.28   3.30   0.40  0.55 0.55   19.55 0.27     32.67    4.08     5  0.42     2   0.29   38.46  3.44  0.39  8.33  0.38  0.03 64.49 27.05 37.44   0   0   2   0   1   0   0   0   1   3   0   1   1   0   1   0   1   0   0   1
dpoc.receptor.peptide.pdb PEP   0.00  0  26.13 0.00 0.00  0 -1.25  1097.92     366.51    43 0.30   3.72   0.55  0.12 0.12    4.00 0.06     -7.71    3.29     5  0.42     0   0.39   50.00  3.43  0.39  9.07  0.41  0.01 206.50 103.86 102.65   0   0   2   0   0   0   1   0   1   0   0   0   0   0   1   1   0   0   0   1
dpoc.receptor.peptide.pdb PEP   0.00  0  16.76 0.00 0.00  0 -1.25  1097.92     290.08    39 0.27   3.93   0.57  0.62 0.62   23.00 0.32     33.29    4.57     3  0.25     0   0.30   33.33  2.60  0.29  5.11  0.25  0.02 145.85 50.45 95.40   0   0   0   1   0   1   0   0   0   0   1   1   2   0   0   0   0   0   0   1
dpoc.receptor.peptide.pdb PEP   0.00  0  24.44 0.00 0.00  0 -1.25  1097.92     807.42    43 0.30   4.47   0.70  0.72 0.72   28.71 0.40     14.14    3.43     4  0.33    -2   0.13   25.00  3.84  0.43 10.59  0.47  0.01 281.51 84.67 196.84   0   0   1   2   1   0   0   0   0   1   0   0   0   0   0   0   1   0   0   1
dpoc.receptor.peptide.pdb PEP   0.00  0   9.69 0.00 0.00  0 -1.25  1097.92     200.44    46 0.32   3.44   0.47  0.52 0.52   21.00 0.29     49.71    4.86     3  0.25     2   0.23   25.93  3.85  0.43  8.40  0.38  0.08 128.04 64.03 64.00   0   0   0   0   0   0   0   0   1   0   0   1   1   2   0   0   1   0   0   1
dpoc.receptor.peptide.pdb PEP   0.00  0  30.97 0.00 0.00  0 -1.25  1097.92     511.94    36 0.25   4.03   0.65  0.50 0.50   17.00 0.24     53.88    4.38     2  0.17     1   0.23   30.77  3.74  0.42  9.40  0.42  0.09 207.85 78.64 129.22   0   0   0   0   0   0   0   0   1   2   0   0   0   2   1   1   0   0   0   1
dpoc.receptor.peptide.pdb PEP  38.71  1   1.27 1.00 0.65  1  1.56  1097.92     334.64    37 0.26   3.67   0.45  0.84 0.84   30.00 0.42     42.00    3.75     2  0.17    -1   0.21   23.08  3.60  0.40  7.47  0.34  0.05 177.28 52.50 124.78   0   0   0   1   0   0   0   3   0   0   2   0   0   1   0   0   0   1   0   0
