1 0 1 0 0 0 8 4 0 0 0 0 1 1 0 0 0 0 
2 1 0 0 2 0 6 6 0 6 6 0 2 2 0 2 2 0 
3 2 1 1 2 0 14 2 0 10 0 0 4 1 0 2 0 0 
4 1 2 0 1 0 14 2 0 6 0 0 5 1 0 2 0 0 
5 1 0 0 1 0 6 0 0 6 0 0 1 0 0 1 0 0 
6 2 1 1 2 0 24 3 0 18 0 0 4 1 0 2 0 0 
7 2 1 1 1 0 10 3 0 4 0 0 3 1 0 1 0 0 
8 2 1 1 1 0 1 0 0 1 0 0 1 0 0 1 0 0 
9 2 1 1 1 0 29 0 0 13 0 0 1 0 0 1 0 0 
10 1 1 0 2 0 42 5 0 8 2 0 0 0 0 0 0 0 
11 0 0 0 0 0 0 0 0 0 0 0 0 0 0 0 0 0 
12 0 0 0 0 0 0 0 0 0 0 0 0 0 0 0 0 0 
13 3 0 2 1 0 6 3 0 6 3 0 0 0 0 0 0 0 
14 0 0 0 0 0 0 0 0 0 0 0 0 0 0 0 0 0 
15 0 0 0 0 0 0 0 0 0 0 0 0 0 0 0 0 0 
16 1 0 0 1 0 8 3 0 3 3 0 1 1 0 1 1 0 
17 0 0 0 0 0 0 0 0 0 0 0 0 0 0 0 0 0 
18 0 0 0 0 0 0 0 0 0 0 0 0 0 0 0 0 0 
19 1 0 0 1 0 4 0 0 4 0 0 1 0 0 1 0 0 
20 2 1 1 2 0 14 2 0 10 0 0 4 1 0 2 0 0 
21 1 2 0 1 0 14 2 0 6 0 0 5 1 0 2 0 0 
22 1 0 0 1 0 4 0 0 4 0 0 1 0 0 1 0 0 
23 2 1 1 2 0 14 2 0 10 0 0 5 1 0 3 0 0 
24 2 1 1 2 0 14 2 0 10 0 0 3 1 0 1 0 0 
25 2 1 1 1 0 7 2 0 3 0 0 3 1 0 1 0 0 
26 2 1 1 1 0 4 0 0 4 0 0 1 0 0 1 0 0 
27 2 1 1 0 0 6 1 0 4 0 0 0 0 0 0 0 0 
28 0 1 0 0 0 10 1 0 0 0 0 0 0 0 0 0 0 
29 0 0 0 0 0 0 0 0 0 0 0 0 0 0 0 0 0 
30 0 1 0 0 0 1 1 0 0 0 0 0 0 0 0 0 0 
31 0 0 0 0 0 0 0 0 0 0 0 0 0 0 0 0 0 
32 0 0 0 0 0 0 0 0 0 0 0 0 0 0 0 0 0 
33 0 0 0 0 0 0 0 0 0 0 0 0 0 0 0 0 0 
34 1 0 0 1 0 3 3 0 3 3 0 1 1 0 1 1 0 
35 1 0 0 1 0 2 0 0 2 0 0 1 0 0 1 0 0 
36 1 0 0 1 0 4 0 0 4 0 0 1 0 0 1 0 0 
37 2 1 1 2 0 14 2 0 10 0 0 5 1 0 3 0 0 
38 2 1 1 2 0 14 2 0 10 0 0 5 1 0 3 0 0 
39 2 1 1 2 0 14 2 0 10 0 0 5 1 0 3 0 0 
40 2 1 1 2 0 14 2 0 10 0 0 5 1 0 3 0 0 
41 2 1 1 2 0 14 2 0 10 0 0 5 1 0 3 0 0 
42 2 1 1 2 0 14 2 0 10 0 0 5 1 0 3 0 0 
43 2 1 1 2 0 9 2 0 5 0 0 3 1 0 1 0 0 
44 2 1 1 1 0 8 1 0 6 0 0 5 1 0 3 0 0 
45 2 1 1 2 0 6 1 0 4 0 0 3 0 0 2 0 0 
46 2 1 1 1 0 5 1 0 4 0 0 2 1 0 1 0 0 
47 0 2 0 0 0 2 1 0 0 0 0 0 0 0 0 0 0 
48 1 0 0 1 0 3 3 0 3 3 0 0 0 0 0 0 0 
49 1 0 0 0 0 3 0 0 3 0 0 0 0 0 0 0 0 
50 0 0 0 0 0 6 0 0 0 0 0 0 0 0 0 0 0 
51 2 0 1 2 0 8 0 0 5 0 0 3 0 0 2 0 0 
52 1 0 0 1 0 6 0 0 6 0 0 1 0 0 1 0 0 
53 2 1 1 2 0 18 2 0 12 0 0 4 1 0 2 0 0 
54 1 2 0 1 0 38 2 0 6 0 0 5 1 0 2 0 0 
55 1 0 0 1 0 4 0 0 4 0 0 1 0 0 1 0 0 
56 2 1 1 2 0 14 2 0 10 0 0 5 1 0 3 0 0 
57 2 1 1 2 0 14 2 0 10 0 0 5 1 0 3 0 0 
58 2 1 1 2 0 14 2 0 10 0 0 5 1 0 3 0 0 
59 2 1 1 2 0 14 2 0 10 0 0 5 1 0 3 0 0 
60 2 1 1 2 0 14 2 0 10 0 0 5 1 0 3 0 0 
61 2 1 1 2 0 14 2 0 10 0 0 5 1 0 3 0 0 
62 2 1 1 2 0 14 2 0 10 0 0 5 1 0 3 0 0 
63 2 1 1 2 0 14 2 0 10 0 0 4 1 0 2 0 0 
64 2 1 1 1 0 12 2 0 8 0 0 3 1 0 1 0 0 
65 2 1 1 1 0 4 1 0 2 0 0 1 0 0 1 0 0 
66 2 1 1 1 0 1 0 0 1 0 0 0 0 0 0 0 0 
67 1 1 0 0 0 3 0 0 1 0 0 0 0 0 0 0 0 
68 0 0 0 0 0 3 0 0 0 0 0 0 0 0 0 0 0 
69 0 0 0 0 0 0 0 0 0 0 0 0 0 0 0 0 0 
70 0 0 0 0 0 0 0 0 0 0 0 0 0 0 0 0 0 
71 0 0 0 0 0 0 0 0 0 0 0 0 0 0 0 0 0 
72 2 1 1 2 0 14 2 0 10 0 0 4 1 0 2 0 0 
73 1 2 0 1 0 9 2 0 3 0 0 3 1 0 1 0 0 
74 1 0 0 1 0 2 0 0 2 0 0 1 0 0 1 0 0 
75 2 1 1 2 0 6 1 0 4 0 0 3 0 0 2 0 0 
76 2 1 1 1 0 2 1 0 1 0 0 2 1 0 1 0 0 
77 0 2 0 0 0 0 0 0 0 0 0 0 0 0 0 0 0 
78 1 0 0 1 0 3 3 0 3 3 0 0 0 0 0 0 0 
79 1 0 0 0 0 0 0 0 0 0 0 0 0 0 0 0 0 
80 0 0 0 0 0 0 0 0 0 0 0 0 0 0 0 0 0 
81 1 2 0 1 0 14 2 0 6 0 0 3 0 0 1 0 0 
82 0 0 0 0 0 3 0 0 0 0 0 1 0 0 0 0 0 
83 0 0 0 0 0 0 0 0 0 0 0 0 0 0 0 0 0 
84 2 1 1 2 0 10 1 0 8 0 0 3 0 0 3 0 0 
85 2 1 1 2 0 14 2 0 10 0 0 4 1 0 2 0 0 
86 1 2 0 1 0 14 2 0 6 0 0 3 1 0 1 0 0 
87 1 0 0 1 0 0 0 0 0 0 0 0 0 0 0 0 0 
88 2 1 1 1 0 1 0 0 1 0 0 1 0 0 1 0 0 
89 2 1 1 0 0 12 0 0 12 0 0 1 0 0 1 0 0 
90 0 3 0 0 0 18 6 0 0 0 0 2 0 0 0 0 0 
91 0 0 0 0 0 0 0 0 0 0 0 0 0 0 0 0 0 
92 0 0 0 0 0 0 0 0 0 0 0 0 0 0 0 0 0 
93 2 1 1 0 0 4 4 0 0 0 0 2 2 0 0 0 0 
94 0 0 0 0 0 0 0 0 0 0 0 0 0 0 0 0 0 
95 0 0 0 0 0 0 0 0 0 0 0 0 0 0 0 0 0 
96 0 0 0 0 0 0 0 0 0 0 0 0 0 0 0 0 0 
97 3 0 0 1 3 3 0 0 3 0 0 0 0 0 0 0 0 
98 2 1 1 0 0 3 3 0 0 0 0 0 0 0 0 0 0 
99 0 0 0 0 0 0 0 0 0 0 0 0 0 0 0 0 0 
100 0 0 0 0 0 0 0 0 0 0 0 0 0 0 0 0 0 
101 0 0 0 0 0 0 0 0 0 0 0 0 0 0 0 0 0 
102 2 1 1 2 0 14 2 0 10 0 0 5 1 0 3 0 0 
103 2 1 1 2 0 14 2 0 10 0 0 5 1 0 3 0 0 
104 2 1 1 2 0 14 2 0 10 0 0 5 1 0 3 0 0 
105 2 1 1 2 0 14 2 0 10 0 0 5 1 0 3 0 0 
106 2 1 1 2 0 14 2 0 10 0 0 5 1 0 3 0 0 
107 2 1 1 2 0 14 2 0 10 0 0 5 1 0 3 0 0 
108 2 1 1 2 0 14 2 0 10 0 0 5 1 0 3 0 0 
109 2 1 1 2 0 14 2 0 10 0 0 5 1 0 3 0 0 
110 2 1 1 2 0 14 2 0 10 0 0 5 1 0 3 0 0 
111 2 1 1 2 0 14 2 0 10 0 0 4 1 0 2 0 0 
112 2 1 1 1 0 12 2 0 8 0 0 4 1 0 2 0 0 
113 2 1 1 1 0 4 1 0 2 0 0 1 0 0 1 0 0 
114 2 1 1 1 0 1 0 0 1 0 0 0 0 0 0 0 0 
115 1 2 0 0 0 1 0 0 1 0 0 0 0 0 0 0 0 
116 0 0 0 0 0 3 0 0 0 0 0 0 0 0 0 0 0 
117 0 0 0 0 0 0 0 0 0 0 0 0 0 0 0 0 0 
118 0 0 0 0 0 0 0 0 0 0 0 0 0 0 0 0 0 
119 0 0 0 0 0 0 0 0 0 0 0 0 0 0 0 0 0 
120 2 0 1 1 0 2 0 0 2 0 0 1 0 0 1 0 0 
121 0 0 0 0 0 0 0 0 0 0 0 0 0 0 0 0 0 
122 1 0 0 1 0 4 0 0 4 0 0 1 0 0 1 0 0 
123 2 1 1 2 0 10 1 0 8 0 0 3 0 0 3 0 0 
124 2 1 1 2 0 14 2 0 10 0 0 3 1 0 1 0 0 
125 1 2 0 0 0 12 2 0 6 0 0 5 1 0 2 0 0 
126 1 0 0 1 0 4 0 0 4 0 0 1 0 0 1 0 0 
127 2 1 1 2 0 14 2 0 10 0 0 4 1 0 2 0 0 
128 1 2 0 1 0 14 2 0 6 0 0 4 1 0 2 0 0 
129 1 0 0 1 0 6 0 0 6 0 0 1 0 0 1 0 0 
130 2 1 1 2 0 12 3 0 6 0 0 3 0 0 2 0 0 
131 2 1 1 2 0 6 1 0 4 0 0 4 1 0 2 0 0 
132 1 3 0 1 0 0 0 0 0 0 0 0 0 0 0 0 0 
133 3 0 2 2 0 4 0 0 1 0 0 0 0 0 0 0 0 
134 1 0 0 1 0 1 1 0 1 1 0 0 0 0 0 0 0 
135 1 0 0 0 0 0 0 0 0 0 0 0 0 0 0 0 0 
136 0 0 0 0 0 0 0 0 0 0 0 0 0 0 0 0 0 
137 0 0 0 0 0 0 0 0 0 0 0 0 0 0 0 0 0 
138 1 0 0 0 0 0 0 0 0 0 0 0 0 0 0 0 0 
139 0 0 0 0 0 0 0 0 0 0 0 0 0 0 0 0 0 
140 0 0 0 0 0 0 0 0 0 0 0 0 0 0 0 0 0 
