25 24 16.00
26 15 45.45
27 11 30.58
28 17 10.92
29 17 19.45
30 9 12.62
31 25 11.71
32 14 2.68
33 1 0.01
34 1 0.01
35 9 3.31
36 1 0.01
37 1 0.01
38 1 0.01
39 1 0.01
40 1 0.01
41 2 15.16
42 5 179.11
43 8 32.20
44 23 30.08
45 15 35.11
46 8 39.15
47 2 10.38
48 11 19.81
49 17 48.56
50 10 34.07
51 9 6.93
52 14 2.68
53 1 0.01
54 14 1.05
55 1 0.01
56 2 9.30
57 1 0.01
58 2 15.31
59 2 20.96
60 1 0.01
61 9 5.92
62 24 14.93
63 15 21.69
64 24 15.36
65 8 31.58
66 9 5.81
67 17 10.70
68 10 9.84
69 14 2.39
70 9 2.40
71 1 1.80
72 1 0.01
73 2 12.15
74 1 0.01
75 18 19.80
76 23 27.90
77 14 6.09
78 2 9.25
79 15 51.53
80 8 39.78
81 8 18.45
82 15 32.98
83 8 20.87
84 11 15.39
85 17 8.63
86 17 10.86
87 2 13.05
88 9 7.55
89 14 2.68
90 1 0.01
91 1 0.01
92 1 0.01
93 1 0.01
94 8 29.94
95 9 5.91
96 10 9.04
97 17 10.73
98 10 7.05
99 9 4.60
100 14 1.02
101 1 0.01
102 1 0.01
103 24 18.90
104 17 19.25
105 11 26.13
106 17 12.46
107 17 9.97
108 10 12.38
109 14 4.03
110 14 2.53
111 14 2.11
112 14 1.02
113 1 0.01
114 1 0.01
115 1 1.78
116 1 0.01
117 9 2.98
118 1 1.80
119 1 0.01
120 1 0.01
121 1 1.80
122 1 0.01
123 1 0.01
124 18 20.67
125 8 26.77
126 23 27.11
127 7 41.39
128 24 25.70
129 7 24.49
130 18 22.69
131 15 32.36
132 15 24.96
133 11 29.27
134 17 9.48
135 17 9.40
136 2 12.82
137 9 7.96
138 14 2.79
139 1 0.01
140 1 0.01
141 1 0.01
142 2 13.05
143 1 0.01
144 2 14.38
145 3 28.63
146 7 49.66
147 2 9.25
148 15 20.02
149 18 26.55
150 2 15.02
151 17 43.15
152 17 25.39
153 11 21.62
154 9 10.55
155 25 24.81
156 9 2.40
157 1 1.76
158 1 0.01
159 1 0.01
160 1 0.01
161 1 0.01
162 1 0.01
163 1 0.01
164 1 0.01
165 1 0.01
166 1 0.01
167 1 0.01
