1 0 0 0 0 0 1 0 0 0 0 0 0 0 0 0 0 0 
2 0 0 0 0 0 0 0 0 0 0 0 0 0 0 0 0 0 
3 4 1 4 4 0 20 0 0 13 0 0 7 0 0 4 0 0 
4 2 1 1 2 0 14 2 0 10 0 0 5 1 0 3 0 0 
5 2 1 1 2 0 18 2 0 12 0 0 5 1 0 3 0 0 
6 2 1 1 2 0 30 2 0 10 0 0 4 1 0 2 0 0 
7 2 1 1 1 0 12 2 0 8 0 0 4 1 0 2 0 0 
8 2 1 1 1 0 8 1 0 6 0 0 3 0 0 3 0 0 
9 2 1 1 2 0 10 1 0 8 0 0 1 0 0 1 0 0 
10 1 2 0 0 0 12 2 0 6 0 0 4 1 0 1 0 0 
11 0 1 0 0 0 4 0 0 0 0 0 1 0 0 0 0 0 
12 1 0 0 1 0 4 0 0 4 0 0 1 0 0 1 0 0 
13 1 2 0 1 0 19 2 0 9 0 0 5 1 0 2 0 0 
14 1 0 0 1 0 2 0 0 2 0 0 0 0 0 0 0 0 
15 2 1 1 1 0 4 1 0 2 0 0 3 1 0 1 0 0 
16 2 1 1 1 0 5 0 0 5 0 0 1 0 0 1 0 0 
17 2 1 1 0 0 22 1 0 6 0 0 0 0 0 0 0 0 
18 0 1 0 0 0 2 2 0 0 0 0 0 0 0 0 0 0 
19 0 0 0 0 0 0 0 0 0 0 0 0 0 0 0 0 0 
20 0 0 0 0 0 4 0 0 0 0 0 0 0 0 0 0 0 
21 1 0 0 2 0 3 1 0 3 1 0 1 0 0 1 0 0 
22 4 0 2 1 3 2 0 0 2 0 0 1 0 0 1 0 0 
23 0 0 0 0 0 0 0 0 0 0 0 0 0 0 0 0 0 
24 1 0 0 1 0 2 0 0 2 0 0 1 0 0 1 0 0 
25 1 0 0 2 0 4 2 0 4 2 0 0 0 0 0 0 0 
26 2 1 1 0 0 6 0 0 6 0 0 1 0 0 1 0 0 
27 0 2 0 0 0 15 0 0 0 0 0 0 0 0 0 0 0 
28 0 1 0 0 0 7 1 0 0 0 0 0 0 0 0 0 0 
29 0 0 0 0 0 0 0 0 0 0 0 0 0 0 0 0 0 
30 0 0 0 0 0 0 0 0 0 0 0 0 0 0 0 0 0 
31 0 0 0 0 0 0 0 0 0 0 0 0 0 0 0 0 0 
32 0 0 0 0 0 5 0 0 0 0 0 0 0 0 0 0 0 
33 0 0 0 0 0 0 0 0 0 0 0 0 0 0 0 0 0 
34 0 0 0 0 0 0 0 0 0 0 0 0 0 0 0 0 0 
35 1 0 0 0 0 12 0 0 0 0 0 0 0 0 0 0 0 
36 2 0 1 1 0 2 0 0 1 0 0 0 0 0 0 0 0 
37 0 0 0 0 0 0 0 0 0 0 0 0 0 0 0 0 0 
38 0 0 0 0 0 0 0 0 0 0 0 0 0 0 0 0 0 
39 0 1 0 0 0 3 3 0 0 0 0 1 1 0 0 0 0 
40 0 0 0 0 0 0 0 0 0 0 0 0 0 0 0 0 0 
41 1 1 0 0 0 9 0 0 2 0 0 1 0 0 0 0 0 
42 1 0 0 1 0 9 0 0 4 0 0 0 0 0 0 0 0 
43 2 1 1 1 0 18 2 0 10 0 0 4 1 0 2 0 0 
44 2 2 1 1 0 27 2 0 6 0 0 3 0 0 3 0 0 
45 2 1 1 2 0 10 1 0 8 0 0 2 0 0 2 0 0 
46 1 2 0 1 0 19 2 0 9 0 0 4 1 0 1 0 0 
47 0 1 0 0 0 4 0 0 0 0 0 1 0 0 0 0 0 
48 1 0 0 1 0 4 0 0 4 0 0 1 0 0 1 0 0 
49 2 1 1 2 0 18 2 0 12 0 0 5 1 0 3 0 0 
50 2 1 1 2 0 38 2 0 10 0 0 5 1 0 3 0 0 
51 2 1 1 2 0 14 2 0 10 0 0 5 1 0 3 0 0 
52 2 1 1 2 0 14 2 0 10 0 0 5 1 0 3 0 0 
53 2 1 1 2 0 14 2 0 10 0 0 5 1 0 3 0 0 
54 2 1 1 2 0 9 2 0 5 0 0 3 1 0 1 0 0 
55 2 1 1 1 0 12 1 0 10 0 0 5 1 0 3 0 0 
56 2 1 1 2 0 9 2 0 5 0 0 2 0 0 1 0 0 
57 2 1 1 0 0 4 1 0 3 0 0 3 1 0 2 0 0 
58 0 2 0 0 0 0 0 0 0 0 0 0 0 0 0 0 0 
59 2 1 1 0 0 4 0 0 4 0 0 0 0 0 0 0 0 
60 0 1 0 0 0 2 2 0 0 0 0 0 0 0 0 0 0 
61 0 0 0 0 0 0 0 0 0 0 0 0 0 0 0 0 0 
62 0 0 0 0 0 0 0 0 0 0 0 0 0 0 0 0 0 
63 1 0 0 1 0 3 3 0 3 3 0 0 0 0 0 0 0 
64 1 0 0 0 0 3 0 0 3 0 0 1 0 0 1 0 0 
65 0 2 0 0 0 0 0 0 0 0 0 0 0 0 0 0 0 
66 1 1 0 1 0 11 4 0 6 3 0 0 0 0 0 0 0 
67 0 0 0 0 0 0 0 0 0 0 0 0 0 0 0 0 0 
68 0 0 0 0 0 0 0 0 0 0 0 0 0 0 0 0 0 
69 1 0 0 2 0 6 6 0 6 6 0 2 2 0 2 2 0 
70 2 1 1 2 0 22 4 0 14 0 0 5 1 0 3 0 0 
71 2 1 1 2 0 14 2 0 10 0 0 4 1 0 2 0 0 
72 2 1 1 1 0 18 2 0 10 0 0 4 1 0 2 0 0 
73 3 1 1 2 0 34 1 0 8 0 0 4 0 0 4 0 0 
74 2 1 1 2 0 10 1 0 8 0 0 1 0 0 1 0 0 
75 1 2 0 0 0 7 2 0 3 0 0 2 1 0 0 0 0 
76 0 1 0 0 0 2 0 0 0 0 0 0 0 0 0 0 0 
77 1 0 0 1 0 4 0 0 4 0 0 1 0 0 1 0 0 
78 1 1 0 1 0 11 2 0 6 0 0 1 0 0 1 0 0 
79 0 0 0 0 0 0 0 0 0 0 0 0 0 0 0 0 0 
80 0 1 0 0 0 6 2 0 0 0 0 0 0 0 0 0 0 
81 2 1 1 2 0 22 4 0 14 0 0 5 1 0 3 0 0 
82 2 1 1 2 0 14 2 0 10 0 0 5 1 0 3 0 0 
83 2 1 1 2 0 22 2 0 14 0 0 3 1 0 1 0 0 
84 2 1 1 1 0 63 2 0 13 0 0 4 1 0 2 0 0 
85 2 1 1 1 0 12 2 0 8 0 0 3 0 0 2 0 0 
86 2 1 1 0 0 18 1 0 16 0 0 3 0 0 3 0 0 
87 0 4 0 0 0 33 9 0 0 0 0 4 2 0 0 0 0 
88 0 2 0 0 0 27 3 0 0 0 0 1 1 0 0 0 0 
89 0 2 0 0 0 0 0 0 0 0 0 0 0 0 0 0 0 
90 3 1 2 2 0 22 1 0 9 0 0 0 0 0 0 0 0 
91 2 1 1 2 0 23 5 0 12 4 0 1 1 0 1 1 0 
92 0 0 0 0 0 0 0 0 0 0 0 0 0 0 0 0 0 
93 1 0 0 0 0 8 0 0 2 0 0 0 0 0 0 0 0 
94 0 0 0 0 0 10 0 0 0 0 0 0 0 0 0 0 0 
95 5 0 3 0 3 0 0 0 0 0 0 0 0 0 0 0 0 
96 0 0 0 0 0 0 0 0 0 0 0 0 0 0 0 0 0 
97 0 0 0 0 0 0 0 0 0 0 0 0 0 0 0 0 0 
98 1 0 0 0 0 0 0 0 0 0 0 0 0 0 0 0 0 
99 0 0 0 0 0 0 0 0 0 0 0 0 0 0 0 0 0 
100 0 0 0 0 0 0 0 0 0 0 0 0 0 0 0 0 0 
101 0 0 0 0 0 2 0 0 0 0 0 0 0 0 0 0 0 
102 1 0 0 0 0 1 0 0 1 0 0 0 0 0 0 0 0 
103 0 1 0 0 0 1 1 0 0 0 0 0 0 0 0 0 0 
104 0 0 0 0 0 0 0 0 0 0 0 0 0 0 0 0 0 
105 0 2 0 0 0 0 0 0 0 0 0 0 0 0 0 0 0 
106 1 0 0 1 0 1 1 0 1 1 0 0 0 0 0 0 0 
107 1 0 0 0 0 0 0 0 0 0 0 0 0 0 0 0 0 
108 0 0 0 0 0 0 0 0 0 0 0 0 0 0 0 0 0 
109 0 0 0 0 0 0 0 0 0 0 0 0 0 0 0 0 0 
110 0 0 0 0 0 0 0 0 0 0 0 0 0 0 0 0 0 
111 4 1 4 3 0 11 0 0 6 0 0 8 0 0 4 0 0 
112 2 1 1 3 0 16 2 0 12 0 0 4 0 0 3 0 0 
113 2 1 1 1 0 4 3 0 1 0 0 3 2 0 1 0 0 
114 0 2 0 0 0 0 0 0 0 0 0 0 0 0 0 0 0 
115 2 1 1 3 0 8 4 0 4 2 0 0 0 0 0 0 0 
116 3 0 2 0 0 0 0 0 0 0 0 0 0 0 0 0 0 
117 0 0 0 0 0 0 0 0 0 0 0 0 0 0 0 0 0 
118 0 0 0 0 0 0 0 0 0 0 0 0 0 0 0 0 0 
119 0 0 0 0 0 0 0 0 0 0 0 0 0 0 0 0 0 
120 0 1 0 0 0 15 0 0 0 0 0 1 0 0 0 0 0 
121 4 0 4 2 0 20 0 0 4 0 0 2 0 0 2 0 0 
122 1 1 0 1 0 11 2 0 6 0 0 2 1 0 1 0 0 
123 0 0 0 0 0 0 0 0 0 0 0 0 0 0 0 0 0 
124 1 0 0 1 0 4 0 0 4 0 0 1 0 0 1 0 0 
125 2 1 1 2 0 14 2 0 10 0 0 3 1 0 1 0 0 
126 1 2 0 0 0 12 2 0 6 0 0 5 1 0 2 0 0 
127 1 0 0 1 0 4 0 0 4 0 0 1 0 0 1 0 0 
128 2 1 1 2 0 14 2 0 10 0 0 4 1 0 2 0 0 
129 1 2 0 1 0 14 2 0 6 0 0 4 1 0 2 0 0 
130 1 0 0 1 0 2 0 0 2 0 0 1 0 0 1 0 0 
131 2 1 1 2 0 6 1 0 4 0 0 1 0 0 1 0 0 
132 2 1 1 1 0 8 1 0 6 0 0 3 1 0 1 0 0 
133 1 2 0 0 0 4 1 0 2 0 0 2 0 0 1 0 0 
134 1 0 0 0 0 1 0 0 1 0 0 1 0 0 1 0 0 
135 0 2 0 0 0 0 0 0 0 0 0 0 0 0 0 0 0 
136 0 1 0 0 0 1 1 0 0 0 0 0 0 0 0 0 0 
137 0 0 0 0 0 0 0 0 0 0 0 0 0 0 0 0 0 
138 0 0 0 0 0 0 0 0 0 0 0 0 0 0 0 0 0 
139 0 0 0 0 0 0 0 0 0 0 0 0 0 0 0 0 0 
140 0 0 0 0 0 0 0 0 0 0 0 0 0 0 0 0 0 
141 3 3 1 5 0 64 3 0 12 0 0 4 1 0 2 0 0 
142 1 2 0 1 0 14 2 0 6 0 0 5 1 0 2 0 0 
143 1 0 0 1 0 6 0 0 6 0 0 1 0 0 1 0 0 
144 2 1 1 2 0 30 2 0 10 0 0 5 1 0 3 0 0 
145 2 1 1 2 0 14 2 0 10 0 0 5 1 0 3 0 0 
146 2 1 1 2 0 14 2 0 10 0 0 5 1 0 3 0 0 
147 2 1 1 2 0 19 2 0 15 0 0 7 1 0 5 0 0 
148 2 1 1 2 0 18 3 0 12 0 0 6 1 0 3 0 0 
149 2 1 1 2 0 9 2 0 5 0 0 5 1 0 3 0 0 
150 2 2 1 3 0 2 0 0 2 0 0 0 0 0 0 0 0 
151 3 1 2 3 0 34 7 0 13 7 0 0 0 0 0 0 0 
152 2 0 1 2 0 14 5 0 11 5 0 0 0 0 0 0 0 
153 1 0 0 0 0 4 0 0 4 0 0 0 0 0 0 0 0 
154 0 0 0 0 0 12 0 0 0 0 0 0 0 0 0 0 0 
155 2 0 1 0 0 6 0 0 0 0 0 0 0 0 0 0 0 
156 0 0 0 0 0 0 0 0 0 0 0 0 0 0 0 0 0 
157 0 0 0 0 0 0 0 0 0 0 0 0 0 0 0 0 0 
158 0 1 0 0 0 1 1 0 0 0 0 0 0 0 0 0 0 
159 0 0 0 0 0 0 0 0 0 0 0 0 0 0 0 0 0 
160 0 0 0 0 0 0 0 0 0 0 0 0 0 0 0 0 0 
161 0 0 0 0 0 0 0 0 0 0 0 0 0 0 0 0 0 
162 1 0 0 1 0 4 0 0 4 0 0 1 0 0 1 0 0 
163 2 1 1 2 0 14 2 0 10 0 0 4 1 0 2 0 0 
164 1 2 0 1 0 14 2 0 6 0 0 5 1 0 2 0 0 
165 1 0 0 1 0 4 0 0 4 0 0 1 0 0 1 0 0 
166 2 1 1 2 0 14 2 0 10 0 0 5 1 0 3 0 0 
167 2 1 1 2 0 14 2 0 10 0 0 4 1 0 2 0 0 
168 2 1 1 1 0 12 2 0 8 0 0 4 1 0 2 0 0 
169 2 1 1 1 0 8 1 0 6 0 0 3 0 0 3 0 0 
170 2 1 1 2 0 10 1 0 8 0 0 2 0 0 2 0 0 
171 1 2 0 1 0 14 2 0 6 0 0 3 1 0 1 0 0 
172 0 1 0 0 0 2 0 0 0 0 0 1 0 0 0 0 0 
173 1 0 0 1 0 4 0 0 4 0 0 1 0 0 1 0 0 
174 2 1 1 2 0 14 2 0 10 0 0 4 1 0 2 0 0 
175 1 2 0 1 0 14 2 0 6 0 0 4 1 0 2 0 0 
176 1 0 0 1 0 2 0 0 2 0 0 1 0 0 1 0 0 
177 2 1 1 2 0 14 1 0 12 0 0 4 0 0 4 0 0 
178 2 1 1 3 0 14 3 0 8 0 0 2 1 0 0 0 0 
179 1 2 0 0 0 7 2 0 3 0 0 4 2 0 1 0 0 
180 1 0 0 1 0 0 0 0 0 0 0 0 0 0 0 0 0 
181 4 1 2 0 3 4 0 0 2 0 0 0 0 0 0 0 0 
182 1 1 0 0 0 4 0 0 2 0 0 0 0 0 0 0 0 
183 0 0 0 0 0 0 0 0 0 0 0 0 0 0 0 0 0 
184 0 0 0 0 0 0 0 0 0 0 0 0 0 0 0 0 0 
185 0 0 0 0 0 0 0 0 0 0 0 0 0 0 0 0 0 
186 1 0 0 1 0 4 2 0 4 2 0 0 0 0 0 0 0 
187 1 2 0 1 0 4 4 0 2 2 0 2 2 0 1 1 0 
188 0 0 0 0 0 0 0 0 0 0 0 0 0 0 0 0 0 
189 2 0 1 0 0 2 0 0 2 0 0 1 0 0 1 0 0 
190 0 0 0 0 0 0 0 0 0 0 0 0 0 0 0 0 0 
191 0 2 0 0 0 4 2 0 0 0 0 1 0 0 0 0 0 
192 1 0 0 2 0 6 6 0 6 6 0 2 2 0 2 2 0 
193 2 1 1 2 0 14 2 0 10 0 0 5 1 0 3 0 0 
194 2 1 1 2 0 14 2 0 10 0 0 5 1 0 3 0 0 
195 2 1 1 2 0 14 2 0 10 0 0 5 1 0 3 0 0 
196 2 1 1 2 0 14 2 0 10 0 0 5 1 0 3 0 0 
197 2 1 1 2 0 14 2 0 10 0 0 5 1 0 3 0 0 
198 2 1 1 2 0 14 2 0 10 0 0 5 1 0 3 0 0 
199 2 1 1 2 0 14 2 0 10 0 0 5 1 0 3 0 0 
200 2 1 1 2 0 14 2 0 10 0 0 5 1 0 3 0 0 
201 2 1 1 2 0 14 2 0 10 0 0 5 1 0 3 0 0 
202 2 1 1 2 0 14 2 0 10 0 0 5 1 0 3 0 0 
203 2 1 1 2 0 14 2 0 10 0 0 5 1 0 3 0 0 
204 2 1 1 2 0 14 2 0 10 0 0 4 1 0 2 0 0 
205 2 1 1 1 0 12 2 0 8 0 0 5 1 0 3 0 0 
206 2 1 1 2 0 10 1 0 8 0 0 3 0 0 3 0 0 
207 2 1 1 2 0 14 2 0 10 0 0 4 1 0 2 0 0 
208 1 2 0 1 0 19 2 0 9 0 0 4 1 0 2 0 0 
209 1 0 0 1 0 2 0 0 2 0 0 0 0 0 0 0 0 
210 2 1 1 1 0 8 1 0 6 0 0 3 0 0 3 0 0 
211 2 1 1 2 0 13 1 0 10 0 0 1 0 0 1 0 0 
212 1 3 0 0 0 22 2 0 9 0 0 4 1 0 1 0 0 
213 0 1 0 0 0 4 0 0 0 0 0 1 0 0 0 0 0 
214 1 0 0 1 0 2 0 0 2 0 0 0 0 0 0 0 0 
215 1 2 0 0 0 15 1 0 6 0 0 4 1 0 2 0 0 
216 1 0 0 1 0 3 0 0 0 0 0 0 0 0 0 0 0 
217 2 1 1 0 0 2 0 0 2 0 0 2 0 0 2 0 0 
218 0 2 0 0 0 0 0 0 0 0 0 0 0 0 0 0 0 
219 1 1 0 1 0 7 2 0 3 0 0 0 0 0 0 0 0 
220 0 0 0 0 0 0 0 0 0 0 0 0 0 0 0 0 0 
221 0 0 0 0 0 0 0 0 0 0 0 0 0 0 0 0 0 
222 2 1 1 1 0 8 1 0 6 0 0 3 1 0 1 0 0 
223 1 2 0 0 0 4 1 0 2 0 0 2 0 0 1 0 0 
224 1 0 0 0 0 1 0 0 1 0 0 1 0 0 1 0 0 
225 0 2 0 0 0 0 0 0 0 0 0 0 0 0 0 0 0 
226 0 1 0 0 0 1 1 0 0 0 0 0 0 0 0 0 0 
227 0 0 0 0 0 0 0 0 0 0 0 0 0 0 0 0 0 
228 0 0 0 0 0 0 0 0 0 0 0 0 0 0 0 0 0 
229 0 0 0 0 0 0 0 0 0 0 0 0 0 0 0 0 0 
230 2 1 1 1 0 12 2 0 8 0 0 4 1 0 2 0 0 
231 2 1 1 1 0 4 1 0 2 0 0 1 0 0 1 0 0 
232 2 1 1 1 0 1 0 0 1 0 0 0 0 0 0 0 0 
233 1 2 0 0 0 1 0 0 1 0 0 0 0 0 0 0 0 
234 0 0 0 0 0 1 0 0 0 0 0 0 0 0 0 0 0 
235 0 0 0 0 0 0 0 0 0 0 0 0 0 0 0 0 0 
236 0 0 0 0 0 0 0 0 0 0 0 0 0 0 0 0 0 
237 0 0 0 0 0 0 0 0 0 0 0 0 0 0 0 0 0 
238 0 0 0 0 0 0 0 0 0 0 0 0 0 0 0 0 0 
239 0 0 0 0 0 0 0 0 0 0 0 0 0 0 0 0 0 
240 0 0 0 0 0 0 0 0 0 0 0 0 0 0 0 0 0 
