1 1 0.01
2 1 0.01
3 1 0.01
4 1 0.01
5 6 4.92
6 1 0.01
7 17 36.85
8 18 47.40
9 2 7.99
10 2 21.04
11 18 44.22
12 7 9.92
13 2 9.05
14 23 16.40
15 1 1.83
16 2 10.81
17 25 7.38
18 6 13.24
19 1 0.01
20 1 0.01
21 1 0.01
22 1 0.01
23 2 8.66
24 1 0.01
25 2 11.18
26 25 14.51
27 1 1.83
28 7 6.43
29 1 0.01
30 1 1.83
31 1 0.01
32 1 0.01
33 1 0.01
34 1 0.01
35 1 1.85
36 1 0.01
37 1 1.85
38 1 0.01
39 1 1.86
40 25 5.03
41 1 0.01
42 1 0.01
43 1 0.01
44 1 0.01
45 1 0.01
46 1 0.01
47 1 0.01
48 1 0.01
49 1 0.01
50 1 0.01
51 1 0.01
52 25 11.56
53 25 3.17
54 1 0.01
55 1 0.01
56 1 1.84
57 1 0.01
58 1 0.01
59 1 0.01
60 1 0.01
61 1 0.01
62 1 0.01
63 1 1.85
64 1 0.01
65 1 0.01
66 1 0.01
67 1 1.87
68 1 0.01
69 2 17.13
70 8 72.05
71 25 6.03
72 20 29.14
73 17 18.70
74 17 23.95
75 13 31.89
76 25 5.77
77 6 13.43
78 1 1.85
79 1 0.01
80 1 0.01
81 1 0.01
82 7 4.61
83 1 0.01
84 25 1.24
85 1 0.01
86 1 0.01
87 1 0.01
88 1 0.01
89 1 0.01
90 1 0.01
91 1 0.01
92 1 0.01
93 1 1.85
94 1 0.01
95 1 0.01
96 1 1.83
97 1 0.01
98 1 0.01
99 1 0.01
100 1 0.01
101 1 1.84
102 1 0.01
103 1 0.01
104 1 0.01
105 1 0.01
106 1 0.01
107 1 0.01
108 1 0.01
109 1 0.01
110 1 0.01
111 1 0.01
112 15 6.75
113 1 1.83
114 1 0.01
115 1 0.01
116 1 0.01
117 1 0.01
118 1 0.01
119 1 0.01
120 1 0.01
121 1 0.01
122 1 0.01
123 1 0.01
124 1 0.01
125 1 0.01
126 1 0.01
127 1 0.01
128 1 1.83
129 1 0.01
130 1 0.01
131 1 0.01
132 1 1.84
133 1 0.01
134 5 69.66
135 23 20.49
136 13 46.75
137 14 20.73
138 17 13.68
139 2 27.49
140 7 3.21
141 25 2.91
142 17 15.58
143 7 2.28
144 7 2.28
145 7 3.53
146 1 0.01
147 1 0.01
148 1 0.01
149 1 1.85
150 1 0.01
151 1 0.01
152 1 0.01
153 1 0.01
154 1 0.01
155 1 0.01
156 1 1.84
157 25 9.47
158 25 4.79
159 7 4.41
160 1 0.01
161 1 1.84
162 1 0.01
163 1 0.01
164 1 0.01
165 1 0.01
166 1 0.01
167 1 1.84
168 1 0.01
169 1 0.01
170 1 0.01
171 1 0.01
172 1 0.01
173 1 0.01
174 1 0.01
175 1 0.01
176 1 0.01
177 15 5.79
178 1 1.83
179 1 0.01
180 1 0.01
181 1 0.01
182 1 0.01
183 1 0.01
184 25 2.69
185 1 1.86
186 1 0.01
187 1 0.01
188 1 0.01
189 1 0.01
190 15 11.56
191 7 6.02
192 1 0.01
193 1 0.01
194 20 23.88
195 25 2.80
196 2 19.38
197 18 18.59
198 23 10.03
199 1 0.01
200 17 10.93
201 6 5.89
202 25 1.52
203 1 1.86
204 1 0.01
205 1 0.01
206 1 1.84
207 1 0.01
208 1 0.01
209 1 0.01
210 1 0.01
211 1 0.01
212 1 0.01
213 1 0.01
214 1 0.01
215 1 0.01
216 1 0.01
217 25 1.24
218 1 0.01
219 1 0.01
220 1 0.01
221 1 0.01
222 1 1.83
223 1 0.01
224 1 0.01
225 1 1.84
226 1 0.01
227 6 4.33
228 25 2.69
229 1 1.84
230 1 0.01
231 1 0.01
232 1 0.01
233 1 0.01
234 1 0.01
235 1 0.01
236 1 0.01
237 1 0.01
238 1 0.01
239 1 0.01
240 1 0.01
241 1 0.01
242 1 1.86
243 1 0.01
244 1 0.01
245 1 0.01
