1 2 15.81
2 25 6.20
3 6 18.01
4 1 2.00
5 1 0.01
6 7 6.77
7 1 1.84
8 1 0.01
9 1 0.01
10 1 1.84
11 1 1.83
12 1 1.83
13 1 1.87
14 1 0.01
15 1 0.01
16 6 6.14
17 1 0.01
18 1 0.01
19 1 0.01
20 25 1.24
21 1 0.01
22 1 0.01
23 1 0.01
24 1 0.01
25 1 0.01
26 15 8.38
27 1 0.01
28 1 0.01
29 1 1.85
30 1 0.01
31 1 0.01
32 1 0.01
33 1 0.01
34 1 0.01
35 1 0.01
36 1 0.01
37 1 0.01
38 1 1.84
39 25 1.24
40 7 9.95
41 1 0.01
42 20 14.62
43 18 29.52
44 25 5.59
45 14 25.62
46 17 16.56
47 17 13.52
48 17 9.96
49 7 2.28
50 1 1.83
51 1 0.01
52 1 0.01
53 1 1.86
54 25 1.24
55 25 6.49
56 7 4.81
57 7 2.89
58 1 0.01
59 1 0.01
60 1 0.01
61 25 2.90
62 1 1.87
63 1 0.01
64 1 1.84
65 1 0.01
66 1 0.01
67 25 4.67
68 1 0.01
69 1 0.01
70 1 0.01
71 1 0.01
72 1 0.01
73 1 0.01
74 1 0.01
75 1 0.01
76 1 0.01
77 1 0.01
78 7 4.41
79 1 0.01
80 1 1.87
81 1 0.01
82 7 2.43
83 6 6.53
84 1 1.83
85 1 0.01
86 1 0.01
87 1 0.01
88 25 3.83
89 25 1.24
90 1 0.01
91 1 0.01
92 1 0.01
93 1 0.01
94 20 18.60
95 20 40.64
96 16 18.25
97 10 30.73
98 18 18.44
99 10 16.59
100 10 50.44
101 11 17.71
102 11 20.71
103 10 44.78
104 5 39.50
105 12 52.43
106 12 27.91
107 2 9.10
108 21 18.76
109 23 17.47
110 25 2.90
111 17 13.51
112 6 15.79
113 15 8.77
114 1 1.83
115 1 0.01
116 1 1.84
117 1 0.01
118 25 2.22
119 25 7.54
120 1 0.01
121 7 9.07
122 1 0.01
123 15 5.79
124 1 1.83
125 1 0.01
126 1 0.01
127 1 0.01
128 1 0.01
129 1 0.01
130 15 12.16
131 1 0.01
132 1 0.01
133 1 0.01
134 1 0.01
135 1 0.01
136 1 0.01
137 1 0.01
138 1 0.01
139 1 1.86
140 1 1.84
141 1 0.01
142 1 0.01
143 1 0.01
144 1 0.01
145 1 0.01
146 1 0.01
147 1 0.01
148 1 1.84
149 1 0.01
150 1 0.01
151 1 0.01
152 1 0.01
153 1 0.01
154 1 0.01
155 1 0.01
156 1 0.01
157 1 0.01
158 1 0.01
159 1 0.01
160 1 0.01
161 25 16.14
162 6 6.12
163 1 0.01
164 7 5.14
165 1 0.01
166 7 2.28
167 25 4.92
168 25 3.26
169 1 0.01
170 1 0.01
171 1 0.01
172 1 0.01
173 1 0.01
174 1 0.01
175 1 0.01
176 1 0.01
177 18 20.48
178 10 22.42
179 5 24.37
180 11 19.67
181 10 42.86
182 18 23.39
183 11 27.93
184 10 22.82
185 5 17.71
186 23 32.46
187 23 24.26
188 17 13.57
189 2 11.65
190 25 8.49
191 1 3.70
192 1 0.01
193 1 0.01
194 1 0.01
195 1 0.01
196 1 0.01
197 1 0.01
198 1 0.01
199 1 0.01
200 25 2.22
201 25 9.61
202 1 0.01
203 25 20.64
204 1 1.84
205 1 0.01
206 8 98.51
207 16 37.49
208 14 26.09
209 23 42.13
210 25 15.55
211 15 17.53
212 25 4.56
213 1 1.85
214 1 0.01
215 25 2.25
216 25 3.56
217 1 0.01
218 1 0.01
219 17 8.66
220 1 0.01
221 25 3.79
222 6 2.64
223 1 0.01
224 1 0.01
225 1 0.01
226 20 38.28
227 2 9.00
228 23 13.34
229 5 22.44
230 17 10.60
231 2 11.78
232 6 6.34
233 25 4.42
234 1 0.01
235 1 0.01
236 1 1.87
237 1 0.01
238 25 2.80
239 25 4.61
240 15 5.79
241 1 1.84
242 1 0.01
243 1 0.01
244 1 0.01
245 1 0.01
246 14 29.25
247 23 20.55
248 7 3.64
249 17 13.59
250 6 12.15
251 1 1.84
252 1 0.01
253 15 10.06
254 25 4.56
255 1 1.83
256 1 0.01
257 1 0.01
258 1 0.01
259 1 0.01
260 1 0.01
261 1 0.01
262 1 0.01
263 1 0.01
264 1 0.01
