1 1 0.01
2 9 5.93
3 2 19.77
4 3 26.21
5 2 23.56
6 14 2.85
7 14 6.09
8 2 9.14
9 8 19.16
10 11 17.70
11 9 6.51
12 17 19.17
13 2 11.53
14 9 10.40
15 14 5.91
16 1 0.01
17 1 0.01
18 1 0.01
19 1 0.01
20 1 0.01
21 14 4.23
22 1 0.01
23 3 43.78
24 23 58.18
25 17 26.91
26 10 12.03
27 17 21.96
28 25 18.27
29 9 2.92
30 9 5.30
31 1 0.01
32 1 0.01
33 1 0.01
34 1 1.78
35 1 0.01
36 1 0.01
37 1 0.01
38 1 0.01
39 14 4.07
40 1 0.01
41 14 1.14
42 2 10.18
43 22 43.77
44 17 19.67
45 14 2.64
46 10 9.67
47 17 11.67
48 10 11.38
49 14 3.96
50 9 6.95
51 9 3.31
52 1 0.01
53 1 0.01
54 1 0.01
55 1 0.01
56 1 0.01
57 10 19.43
58 3 21.83
59 8 22.47
60 24 88.92
61 8 27.41
62 12 35.98
63 7 39.66
64 7 34.02
65 13 54.19
66 13 48.73
67 13 18.01
68 12 30.00
69 2 8.83
70 13 21.26
71 12 20.20
72 8 30.29
73 13 22.26
74 12 46.12
75 8 33.30
76 13 42.91
77 11 23.58
78 17 13.47
79 10 13.30
80 10 14.41
81 9 12.00
82 9 3.67
83 1 0.01
84 1 0.01
85 2 10.27
86 9 6.51
87 17 10.21
88 14 4.49
89 14 1.28
90 1 0.01
91 17 29.37
92 13 41.62
93 8 31.83
94 11 23.08
95 2 16.14
96 10 22.42
97 14 1.28
98 9 2.98
99 2 14.24
100 2 10.05
101 1 0.01
102 1 0.01
103 7 30.03
104 15 39.15
105 15 27.02
106 9 2.98
107 15 24.18
108 17 18.75
109 17 9.43
110 1 0.01
111 9 4.51
112 9 4.87
113 11 24.54
114 1 0.01
115 1 0.01
116 1 0.01
117 9 5.15
118 1 1.78
119 1 0.01
120 1 0.01
121 1 0.01
122 1 0.01
123 9 11.83
124 9 3.67
125 1 0.01
126 1 0.01
127 1 0.01
128 1 0.01
129 1 0.01
130 1 0.01
131 10 14.78
132 9 2.46
133 10 6.66
134 9 4.90
135 14 0.99
136 1 0.01
137 1 0.01
138 1 0.01
139 10 7.45
140 1 0.01
141 9 4.56
142 9 3.57
143 1 0.01
144 1 0.01
145 9 5.93
146 8 27.92
147 23 28.92
148 2 19.47
149 24 25.52
150 14 2.51
151 9 5.93
152 17 11.51
153 17 13.52
154 9 5.66
155 14 2.56
156 14 2.11
157 14 1.02
158 1 0.01
159 1 0.01
160 1 0.01
161 1 0.01
162 20 50.66
163 23 31.60
164 18 35.97
165 24 50.97
166 17 29.16
167 9 2.98
168 10 20.05
169 2 14.37
170 9 11.26
171 9 9.11
172 1 0.01
173 14 0.99
174 1 1.80
175 1 0.01
176 9 3.31
177 1 0.01
178 1 0.01
179 14 1.02
180 1 0.01
181 1 0.01
182 1 0.01
183 2 11.05
184 12 28.12
185 2 8.48
186 7 24.76
187 11 22.35
188 8 17.76
189 2 8.18
190 23 29.40
191 15 23.71
192 12 30.80
193 2 8.14
194 8 18.45
195 15 46.55
196 8 18.75
197 3 14.00
198 17 17.54
199 17 12.45
200 10 12.32
201 2 13.97
202 9 4.74
203 14 2.87
204 1 0.01
205 1 0.01
206 1 0.01
207 9 5.47
208 1 0.01
209 1 0.01
210 25 20.04
211 1 0.01
212 2 8.07
213 8 34.93
214 8 21.81
215 23 20.87
216 18 19.99
217 8 16.46
218 15 30.27
219 23 18.62
220 12 18.92
221 8 21.86
222 7 31.49
223 12 20.56
224 15 15.29
225 3 29.83
226 13 31.49
227 7 21.54
228 8 20.71
229 2 8.41
230 18 23.76
231 24 21.23
232 7 19.37
233 11 11.03
234 17 29.08
235 17 8.29
236 2 10.55
237 9 4.91
238 14 2.87
239 1 0.01
240 1 0.01
241 1 0.01
242 14 1.05
243 1 0.01
244 1 0.01
245 1 0.01
246 1 0.01
247 1 0.01
248 5 27.35
249 23 13.98
250 8 23.18
251 17 12.64
252 10 10.39
253 10 9.45
254 9 8.58
255 9 4.90
256 14 1.02
257 1 0.01
258 1 0.01
259 1 0.01
