1 1 0.01
2 1 0.01
3 1 0.01
4 1 0.01
5 1 1.79
6 1 0.01
7 2 26.71
8 2 15.44
9 14 6.09
10 14 6.31
11 14 8.50
12 9 6.12
13 23 17.82
14 17 13.64
15 14 16.19
16 2 10.96
17 9 7.20
18 9 17.77
19 1 0.01
20 1 0.01
21 1 0.01
22 1 0.01
23 2 7.90
24 1 0.01
25 1 0.01
26 9 5.37
27 14 0.99
28 14 1.05
29 1 0.01
30 14 0.99
31 1 0.01
32 1 0.01
33 1 0.01
34 1 0.01
35 1 1.78
36 1 0.01
37 1 0.01
38 1 0.01
39 1 0.01
40 6 20.77
41 1 1.76
42 1 0.01
43 1 0.01
44 1 0.01
45 1 0.01
46 1 0.01
47 1 0.01
48 1 0.01
49 1 0.01
50 1 0.01
51 1 0.01
52 9 4.67
53 9 3.31
54 1 0.01
55 1 0.01
56 1 0.01
57 1 0.01
58 1 0.01
59 1 0.01
60 1 0.01
61 1 0.01
62 1 0.01
63 1 0.01
64 1 0.01
65 1 0.01
66 1 0.01
67 1 0.01
68 1 0.01
69 8 26.92
70 22 55.77
71 9 5.76
72 11 22.26
73 11 11.45
74 17 8.65
75 10 16.76
76 14 4.08
77 14 2.48
78 14 1.05
79 1 0.01
80 1 0.01
81 1 0.01
82 9 5.47
83 1 0.01
84 1 0.01
85 1 0.01
86 1 0.01
87 1 0.01
88 1 0.01
89 1 0.01
90 1 0.01
91 1 0.01
92 1 0.01
93 9 5.47
94 1 0.01
95 1 0.01
96 1 0.01
97 1 0.01
98 1 0.01
99 1 0.01
100 1 0.01
101 14 1.25
102 1 0.01
103 1 0.01
104 1 0.01
105 1 0.01
106 1 0.01
107 1 0.01
108 1 0.01
109 1 0.01
110 1 0.01
111 1 0.01
112 25 7.61
113 14 1.02
114 1 0.01
115 1 0.01
116 1 0.01
117 1 0.01
118 1 0.01
119 1 0.01
120 1 0.01
121 1 0.01
122 1 0.01
123 1 1.76
124 1 0.01
125 1 0.01
126 1 0.01
127 1 0.01
128 14 1.05
129 1 0.01
130 1 0.01
131 1 0.01
132 1 1.79
133 1 0.01
134 16 87.69
135 8 21.93
136 7 65.72
137 18 17.89
138 15 19.28
139 11 15.05
140 24 26.35
141 17 19.32
142 10 11.30
143 2 21.21
144 14 2.11
145 14 2.60
146 1 0.01
147 1 0.01
148 1 0.01
149 1 1.78
150 1 0.01
151 14 2.91
152 1 0.01
153 1 0.01
154 1 0.01
155 1 0.01
156 14 1.29
157 9 3.31
158 1 0.01
159 1 0.01
160 1 0.01
161 1 1.79
162 1 0.01
163 1 0.01
164 1 0.01
165 1 0.01
166 1 0.01
167 14 1.28
168 1 0.01
169 1 0.01
170 1 0.01
171 1 0.01
172 1 0.01
173 1 0.01
174 1 0.01
175 1 0.01
176 1 0.01
177 9 6.70
178 14 1.05
179 1 0.01
180 1 0.01
181 1 0.01
182 1 0.01
183 1 0.01
184 9 2.40
185 1 1.80
186 1 0.01
187 1 0.01
188 1 0.01
189 1 0.01
190 25 6.45
191 14 4.30
192 1 0.01
193 1 0.01
194 22 32.68
195 8 26.20
196 11 15.73
197 17 12.08
198 17 10.37
199 14 2.39
200 9 4.56
201 9 4.87
202 14 1.02
203 1 0.01
204 1 0.01
205 1 0.01
206 14 1.28
207 1 0.01
208 1 0.01
209 1 0.01
210 1 0.01
211 1 0.01
212 1 0.01
213 1 0.01
214 1 0.01
215 1 0.01
216 1 0.01
217 1 0.01
218 1 0.01
219 1 0.01
220 1 0.01
221 1 0.01
222 14 1.02
223 1 0.01
224 1 0.01
225 1 0.01
226 1 0.01
227 25 22.69
228 14 1.14
229 1 0.01
230 1 0.01
231 1 0.01
232 1 0.01
233 1 0.01
234 1 0.01
235 1 0.01
236 1 0.01
237 1 0.01
238 1 0.01
239 1 0.01
240 1 0.01
241 1 0.01
242 1 0.01
243 1 0.01
244 1 0.01
