1 1 0.01
2 1 0.01
3 6 6.14
4 7 12.22
5 7 4.69
6 1 0.01
7 25 2.67
8 13 26.54
9 22 83.53
10 10 17.90
11 14 32.73
12 17 12.05
13 7 13.98
14 25 5.38
15 6 4.92
16 25 3.59
17 1 1.84
18 1 0.01
19 1 0.01
20 1 0.01
21 1 1.84
22 1 0.01
23 1 0.01
24 1 0.01
25 1 0.01
26 1 0.01
27 2 22.83
28 17 22.96
29 25 2.62
30 17 17.26
31 7 21.32
32 1 1.84
33 1 0.01
34 1 0.01
35 1 0.01
36 1 0.01
37 1 0.01
38 25 7.20
39 25 3.53
40 1 0.01
41 25 5.80
42 1 1.85
43 25 2.71
44 7 2.96
45 1 0.01
46 25 3.79
47 15 104.17
48 1 0.01
49 1 0.01
50 7 9.49
51 1 0.01
52 1 0.01
53 1 0.01
54 1 1.83
55 1 0.01
56 1 0.01
57 1 0.01
58 1 1.84
59 1 0.01
60 1 0.01
61 1 0.01
62 17 29.27
63 17 12.12
64 2 13.50
65 25 8.51
66 7 4.08
67 1 0.01
68 1 0.01
69 1 0.01
70 1 0.01
71 6 3.96
72 1 0.01
73 1 0.01
74 14 43.46
75 17 10.65
76 25 2.67
77 6 3.19
78 1 3.67
79 1 0.01
80 1 0.01
81 1 0.01
82 2 18.48
83 20 19.41
84 7 5.34
85 25 6.50
86 18 14.81
87 14 21.84
88 17 14.57
89 17 13.97
90 25 1.52
91 6 4.47
92 1 1.83
93 1 0.01
94 1 0.01
95 1 0.01
