12 0 0 0 0 0 1 0 0 0 0 0 0 0 0 0 0 0 
13 0 0 0 0 0 0 0 0 0 0 0 0 0 0 0 0 0 
14 9 1 10 2 6 24 5 0 8 2 0 2 1 0 2 1 0 
15 0 0 0 0 0 1 0 0 0 0 0 0 0 0 0 0 0 
16 0 0 0 0 0 0 0 0 0 0 0 0 0 0 0 0 0 
17 2 0 0 2 0 13 2 0 6 2 0 2 1 0 2 1 0 
18 0 0 0 0 0 0 0 0 0 0 0 0 0 0 0 0 0 
19 0 0 0 0 0 0 0 0 0 0 0 0 0 0 0 0 0 
20 4 0 2 0 3 0 0 0 0 0 0 0 0 0 0 0 0 
21 0 0 0 0 0 0 0 0 0 0 0 0 0 0 0 0 0 
22 1 0 0 0 0 0 0 0 0 0 0 0 0 0 0 0 0 
23 0 0 0 0 0 0 0 0 0 0 0 0 0 0 0 0 0 
24 0 0 0 0 0 0 0 0 0 0 0 0 0 0 0 0 0 
25 1 0 0 0 0 3 0 0 3 0 0 0 0 0 0 0 0 
26 0 0 0 0 0 3 0 0 0 0 0 0 0 0 0 0 0 
27 0 0 0 0 0 0 0 0 0 0 0 0 0 0 0 0 0 
28 0 0 0 0 0 1 0 0 0 0 0 0 0 0 0 0 0 
29 0 0 0 0 0 0 0 0 0 0 0 0 0 0 0 0 0 
30 2 0 1 0 0 0 0 0 0 0 0 0 0 0 0 0 0 
31 0 0 0 0 0 0 0 0 0 0 0 0 0 0 0 0 0 
32 0 0 0 0 0 0 0 0 0 0 0 0 0 0 0 0 0 
33 0 0 0 0 0 0 0 0 0 0 0 0 0 0 0 0 0 
34 0 0 0 0 0 0 0 0 0 0 0 0 0 0 0 0 0 
35 0 0 0 0 0 0 0 0 0 0 0 0 0 0 0 0 0 
36 4 1 4 4 0 15 0 0 9 0 0 7 0 0 4 0 0 
37 2 1 1 2 0 14 2 0 10 0 0 5 1 0 3 0 0 
38 2 1 1 2 0 14 2 0 10 0 0 5 1 0 3 0 0 
39 2 1 1 2 0 14 2 0 10 0 0 5 1 0 3 0 0 
40 2 1 1 2 0 14 2 0 10 0 0 5 1 0 3 0 0 
41 2 1 1 2 0 19 2 0 15 0 0 6 1 0 4 0 0 
42 2 1 1 2 0 12 3 0 6 0 0 5 1 0 2 0 0 
43 2 1 1 2 0 6 1 0 4 0 0 5 1 0 3 0 0 
44 2 2 1 2 0 0 0 0 0 0 0 0 0 0 0 0 0 
45 3 1 3 2 0 3 0 0 1 0 0 0 0 0 0 0 0 
46 1 0 0 1 0 1 1 0 1 1 0 0 0 0 0 0 0 
47 1 0 0 0 0 0 0 0 0 0 0 0 0 0 0 0 0 
48 0 0 0 0 0 0 0 0 0 0 0 0 0 0 0 0 0 
49 0 0 0 0 0 0 0 0 0 0 0 0 0 0 0 0 0 
50 0 0 0 0 0 0 0 0 0 0 0 0 0 0 0 0 0 
51 0 0 0 0 0 0 0 0 0 0 0 0 0 0 0 0 0 
