1 7 4.61
2 17 19.20
3 20 15.48
4 18 32.27
5 2 8.47
6 13 23.12
7 17 15.03
8 2 11.69
9 25 11.07
10 25 6.01
11 1 0.01
12 1 0.01
13 15 4.63
14 1 0.01
15 1 0.01
16 25 6.72
17 1 0.01
18 1 0.01
19 2 16.11
20 20 19.70
21 9 18.57
22 2 8.16
23 14 35.46
24 17 11.40
25 17 8.02
26 6 6.19
27 6 4.47
28 7 2.99
29 1 0.01
30 1 1.83
31 1 0.01
32 1 0.01
33 1 0.01
34 25 7.91
35 2 8.42
36 2 9.05
37 18 18.98
38 20 19.59
39 20 25.42
40 18 15.57
41 21 32.93
42 14 21.30
43 20 26.90
44 23 16.22
45 23 12.39
46 17 8.44
47 7 2.81
48 25 1.50
49 1 1.86
50 1 0.01
51 16 14.98
52 2 20.72
53 20 29.78
54 5 25.09
55 2 9.28
56 20 22.62
57 21 16.76
58 11 27.17
59 10 18.02
60 21 16.61
61 18 30.06
62 14 12.66
63 23 12.34
64 17 13.00
65 2 11.21
66 25 7.72
67 25 3.27
68 1 0.01
69 1 0.01
70 1 0.01
71 1 0.01
72 23 20.72
73 16 41.94
74 25 4.81
75 23 15.76
76 17 10.63
77 7 2.43
78 25 1.52
79 1 1.84
80 1 0.01
81 2 22.81
82 1 5.98
83 1 0.01
84 9 24.33
85 23 7.24
86 17 18.82
87 25 2.62
88 6 10.17
89 2 26.37
90 7 16.19
91 1 0.01
92 1 0.01
93 17 15.95
94 1 0.01
95 1 0.01
96 1 0.01
97 6 5.21
98 6 6.70
99 1 0.01
100 1 0.01
101 1 0.01
102 20 26.73
103 16 28.36
104 10 32.88
105 11 24.93
106 20 24.82
107 10 17.33
108 10 32.42
109 21 24.79
110 23 15.47
111 14 20.56
112 23 10.97
113 2 12.91
114 6 8.42
115 7 4.40
116 1 0.01
117 1 0.01
118 1 0.01
119 1 0.01
120 2 13.43
121 1 0.01
122 2 7.80
123 5 32.53
124 11 25.19
125 20 27.67
126 2 9.42
127 18 22.84
128 10 42.11
129 25 6.28
130 23 15.86
131 14 18.72
132 7 9.84
133 6 8.47
134 25 1.50
135 25 1.24
136 1 0.01
137 1 0.01
138 1 1.84
139 1 0.01
140 1 0.01
