33 1 0 0 0 0 0 0 0 0 0 0 0 0 0 0 0 0 
34 0 0 0 0 0 0 0 0 0 0 0 0 0 0 0 0 0 
35 3 2 2 3 0 20 0 0 8 0 0 5 0 0 3 0 0 
36 1 0 0 1 0 10 0 0 2 0 0 1 0 0 1 0 0 
37 2 1 1 2 0 6 1 0 4 0 0 1 0 0 1 0 0 
38 2 1 1 1 0 8 1 0 6 0 0 2 1 0 0 0 0 
39 1 2 0 0 0 8 1 0 4 0 0 1 0 0 1 0 0 
40 1 0 0 0 0 2 0 0 2 0 0 0 0 0 0 0 0 
41 0 1 0 0 0 4 2 0 0 0 0 0 0 0 0 0 0 
42 0 0 0 0 0 6 0 0 0 0 0 0 0 0 0 0 0 
43 0 0 0 0 0 2 0 0 0 0 0 0 0 0 0 0 0 
44 1 0 0 1 0 1 1 0 1 1 0 0 0 0 0 0 0 
45 1 0 0 0 0 1 0 0 1 0 0 0 0 0 0 0 0 
46 0 0 0 0 0 2 0 0 0 0 0 1 0 0 0 0 0 
47 0 0 0 0 0 0 0 0 0 0 0 0 0 0 0 0 0 
48 0 0 0 0 0 1 0 0 0 0 0 0 0 0 0 0 0 
49 0 0 0 0 0 0 0 0 0 0 0 0 0 0 0 0 0 
50 0 0 0 0 0 11 0 0 0 0 0 0 0 0 0 0 0 
51 0 0 0 0 0 2 0 0 0 0 0 0 0 0 0 0 0 
52 0 0 0 0 0 2 0 0 0 0 0 0 0 0 0 0 0 
53 0 0 0 0 0 2 0 0 0 0 0 0 0 0 0 0 0 
54 0 0 0 0 0 6 0 0 0 0 0 0 0 0 0 0 0 
55 1 0 0 0 0 1 0 0 1 0 0 0 0 0 0 0 0 
56 0 0 0 0 0 1 0 0 0 0 0 0 0 0 0 0 0 
57 0 0 0 0 0 0 0 0 0 0 0 0 0 0 0 0 0 
58 0 1 0 0 0 14 1 0 0 0 0 0 0 0 0 0 0 
59 0 1 0 0 0 2 1 0 0 0 0 0 0 0 0 0 0 
60 1 0 0 0 0 1 0 0 1 0 0 0 0 0 0 0 0 
61 0 0 0 0 0 2 0 0 0 0 0 0 0 0 0 0 0 
62 0 0 0 0 0 4 0 0 0 0 0 0 0 0 0 0 0 
63 0 1 0 0 0 2 0 0 0 0 0 1 0 0 0 0 0 
64 1 0 0 1 0 4 2 0 4 2 0 0 0 0 0 0 0 
65 2 0 1 1 0 14 0 0 10 0 0 1 0 0 1 0 0 
66 2 1 1 2 0 18 3 0 12 0 0 4 1 0 2 0 0 
67 1 2 0 1 0 14 2 0 6 0 0 5 1 0 2 0 0 
68 1 0 0 1 0 6 0 0 6 0 0 1 0 0 1 0 0 
69 2 1 1 2 0 30 2 0 10 0 0 5 1 0 3 0 0 
70 2 1 1 2 0 14 2 0 10 0 0 5 1 0 3 0 0 
71 2 1 1 2 0 14 2 0 10 0 0 5 1 0 3 0 0 
72 2 1 1 2 0 14 2 0 10 0 0 5 1 0 3 0 0 
73 2 1 1 2 0 14 2 0 10 0 0 5 1 0 3 0 0 
74 2 1 1 2 0 14 2 0 10 0 0 5 1 0 3 0 0 
75 2 1 1 2 0 14 2 0 10 0 0 5 1 0 3 0 0 
76 2 1 1 2 0 14 2 0 10 0 0 5 1 0 3 0 0 
77 2 1 1 2 0 14 2 0 10 0 0 5 1 0 3 0 0 
78 2 1 1 2 0 9 2 0 5 0 0 3 1 0 1 0 0 
79 2 1 1 1 0 12 1 0 10 0 0 5 1 0 3 0 0 
80 2 1 1 2 0 14 2 0 10 0 0 4 0 0 3 0 0 
81 2 1 1 1 0 3 2 0 1 0 0 2 1 0 1 0 0 
82 0 2 0 0 0 0 0 0 0 0 0 0 0 0 0 0 0 
83 2 1 1 3 0 4 2 0 2 1 0 0 0 0 0 0 0 
84 2 0 1 1 0 0 0 0 0 0 0 0 0 0 0 0 0 
85 0 0 0 0 0 0 0 0 0 0 0 0 0 0 0 0 0 
86 1 0 0 0 0 0 0 0 0 0 0 0 0 0 0 0 0 
87 0 0 0 0 0 0 0 0 0 0 0 0 0 0 0 0 0 
88 0 0 0 0 0 0 0 0 0 0 0 0 0 0 0 0 0 
89 0 0 0 0 0 0 0 0 0 0 0 0 0 0 0 0 0 
90 0 0 0 0 0 0 0 0 0 0 0 0 0 0 0 0 0 
91 0 2 0 0 0 17 1 0 0 0 0 1 0 0 0 0 0 
92 0 0 0 0 0 1 0 0 0 0 0 0 0 0 0 0 0 
93 0 0 0 0 0 0 0 0 0 0 0 0 0 0 0 0 0 
94 0 0 0 0 0 1 0 0 0 0 0 0 0 0 0 0 0 
95 0 0 0 0 0 0 0 0 0 0 0 0 0 0 0 0 0 
96 0 0 0 0 0 1 0 0 0 0 0 0 0 0 0 0 0 
97 0 0 0 0 0 0 0 0 0 0 0 0 0 0 0 0 0 
98 2 0 1 0 0 0 0 0 0 0 0 0 0 0 0 0 0 
99 0 0 0 0 0 0 0 0 0 0 0 0 0 0 0 0 0 
100 0 0 0 0 0 0 0 0 0 0 0 0 0 0 0 0 0 
101 0 0 0 0 0 0 0 0 0 0 0 0 0 0 0 0 0 
102 0 0 0 0 0 3 0 0 0 0 0 0 0 0 0 0 0 
103 0 0 0 0 0 0 0 0 0 0 0 0 0 0 0 0 0 
104 1 0 0 0 0 1 0 0 0 0 0 0 0 0 0 0 0 
105 0 0 0 0 0 0 0 0 0 0 0 0 0 0 0 0 0 
106 5 0 3 0 3 0 0 0 0 0 0 0 0 0 0 0 0 
107 0 0 0 0 0 0 0 0 0 0 0 0 0 0 0 0 0 
108 0 0 0 0 0 0 0 0 0 0 0 0 0 0 0 0 0 
109 1 0 0 0 0 0 0 0 0 0 0 0 0 0 0 0 0 
110 0 0 0 0 0 0 0 0 0 0 0 0 0 0 0 0 0 
111 1 0 0 0 0 0 0 0 0 0 0 0 0 0 0 0 0 
112 0 0 0 0 0 0 0 0 0 0 0 0 0 0 0 0 0 
113 0 0 0 0 0 0 0 0 0 0 0 0 0 0 0 0 0 
114 0 0 0 0 0 0 0 0 0 0 0 0 0 0 0 0 0 
115 0 0 0 0 0 0 0 0 0 0 0 0 0 0 0 0 0 
116 1 0 0 0 0 7 0 0 1 0 0 0 0 0 0 0 0 
117 3 0 0 1 3 4 1 0 4 1 0 0 0 0 0 0 0 
118 2 0 1 0 0 1 0 0 1 0 0 0 0 0 0 0 0 
119 0 0 0 0 0 0 0 0 0 0 0 0 0 0 0 0 0 
120 0 0 0 0 0 1 0 0 0 0 0 0 0 0 0 0 0 
121 0 0 0 0 0 0 0 0 0 0 0 0 0 0 0 0 0 
122 1 0 0 0 0 1 0 0 1 0 0 0 0 0 0 0 0 
123 0 0 0 0 0 1 0 0 0 0 0 0 0 0 0 0 0 
124 0 0 0 0 0 0 0 0 0 0 0 0 0 0 0 0 0 
125 0 0 0 0 0 1 0 0 0 0 0 0 0 0 0 0 0 
126 0 0 0 0 0 0 0 0 0 0 0 0 0 0 0 0 0 
127 2 0 1 0 0 0 0 0 0 0 0 0 0 0 0 0 0 
128 0 0 0 0 0 0 0 0 0 0 0 0 0 0 0 0 0 
129 0 0 0 0 0 0 0 0 0 0 0 0 0 0 0 0 0 
130 2 0 1 0 0 7 0 0 6 0 0 0 0 0 0 0 0 
131 0 0 0 0 0 12 0 0 0 0 0 0 0 0 0 0 0 
132 3 0 0 0 3 1 0 0 0 0 0 0 0 0 0 0 0 
133 0 0 0 0 0 0 0 0 0 0 0 0 0 0 0 0 0 
134 0 0 0 0 0 1 0 0 0 0 0 0 0 0 0 0 0 
135 0 0 0 0 0 0 0 0 0 0 0 0 0 0 0 0 0 
136 0 1 0 0 0 1 1 0 0 0 0 0 0 0 0 0 0 
137 0 0 0 0 0 0 0 0 0 0 0 0 0 0 0 0 0 
138 0 1 0 0 0 4 1 0 0 0 0 0 0 0 0 0 0 
139 0 0 0 0 0 0 0 0 0 0 0 0 0 0 0 0 0 
140 1 0 0 1 0 1 1 0 1 1 0 1 1 0 1 1 0 
141 1 0 0 1 0 0 0 0 0 0 0 0 0 0 0 0 0 
142 1 0 0 0 0 0 0 0 0 0 0 0 0 0 0 0 0 
143 0 0 0 0 0 0 0 0 0 0 0 0 0 0 0 0 0 
144 0 0 0 0 0 0 0 0 0 0 0 0 0 0 0 0 0 
145 0 0 0 0 0 0 0 0 0 0 0 0 0 0 0 0 0 
146 0 0 0 0 0 0 0 0 0 0 0 0 0 0 0 0 0 
147 0 0 0 0 0 0 0 0 0 0 0 0 0 0 0 0 0 
148 0 0 0 0 0 0 0 0 0 0 0 0 0 0 0 0 0 
149 0 0 0 0 0 0 0 0 0 0 0 0 0 0 0 0 0 
150 0 0 0 0 0 0 0 0 0 0 0 0 0 0 0 0 0 
151 1 0 0 0 0 0 0 0 0 0 0 0 0 0 0 0 0 
152 0 0 0 0 0 0 0 0 0 0 0 0 0 0 0 0 0 
153 0 0 0 0 0 0 0 0 0 0 0 0 0 0 0 0 0 
154 0 0 0 0 0 0 0 0 0 0 0 0 0 0 0 0 0 
155 2 1 1 2 0 14 2 0 10 0 0 4 1 0 2 0 0 
156 1 2 0 1 0 14 2 0 6 0 0 5 1 0 2 0 0 
157 1 0 0 1 0 4 0 0 4 0 0 1 0 0 1 0 0 
158 2 1 1 2 0 14 2 0 10 0 0 4 1 0 2 0 0 
159 2 1 1 1 0 12 2 0 8 0 0 5 1 0 3 0 0 
160 2 1 1 2 0 10 1 0 8 0 0 3 0 0 3 0 0 
161 2 1 1 2 0 14 2 0 10 0 0 3 1 0 1 0 0 
162 1 2 0 0 0 12 2 0 6 0 0 5 1 0 2 0 0 
163 1 0 0 1 0 4 0 0 4 0 0 1 0 0 1 0 0 
164 2 1 1 2 0 14 2 0 10 0 0 3 1 0 1 0 0 
165 1 2 0 0 0 12 2 0 6 0 0 5 1 0 2 0 0 
166 1 0 0 1 0 4 0 0 4 0 0 0 0 0 0 0 0 
167 2 1 1 1 0 12 2 0 8 0 0 4 1 0 2 0 0 
168 1 2 0 1 0 10 1 0 4 0 0 3 0 0 2 0 0 
169 1 0 0 1 0 4 0 0 4 0 0 1 0 0 1 0 0 
170 1 2 0 1 0 14 2 0 6 0 0 5 1 0 2 0 0 
171 1 0 0 1 0 2 0 0 2 0 0 0 0 0 0 0 0 
172 2 1 1 1 0 8 1 0 6 0 0 5 1 0 3 0 0 
173 2 1 1 2 0 6 1 0 4 0 0 3 0 0 2 0 0 
174 2 1 1 1 0 5 1 0 4 0 0 3 1 0 2 0 0 
175 0 2 0 0 0 2 1 0 0 0 0 1 0 0 0 0 0 
176 1 0 0 1 0 1 1 0 1 1 0 1 1 0 1 1 0 
177 1 0 0 1 0 0 0 0 0 0 0 0 0 0 0 0 0 
178 1 0 0 0 0 0 0 0 0 0 0 0 0 0 0 0 0 
179 0 0 0 0 0 0 0 0 0 0 0 0 0 0 0 0 0 
180 0 0 0 0 0 0 0 0 0 0 0 0 0 0 0 0 0 
