1 1 0.01
2 10 19.00
3 9 2.98
4 9 8.45
5 9 4.60
6 14 1.02
7 1 0.01
8 1 0.01
9 1 0.01
10 1 0.01
11 18 21.90
12 11 30.14
13 17 12.16
14 17 10.07
15 9 8.58
16 9 4.80
17 14 1.19
18 1 0.01
19 1 0.01
20 1 0.01
21 1 0.01
22 1 0.01
23 1 0.01
24 1 0.01
25 1 0.01
26 17 30.06
27 1 1.79
28 9 2.77
29 9 5.47
30 1 0.01
31 1 0.01
32 1 0.01
33 2 11.93
34 1 0.01
35 3 15.76
36 15 46.89
37 2 8.83
38 23 19.61
39 8 40.09
40 8 31.09
41 13 28.82
42 12 14.85
43 15 30.82
44 3 16.99
45 23 22.99
46 7 17.57
47 8 18.01
48 15 21.08
49 23 21.00
50 11 19.70
51 15 28.26
52 2 9.14
53 11 17.70
54 10 16.28
55 10 18.73
56 9 2.98
57 9 7.54
58 14 1.14
59 1 0.01
60 1 0.01
61 17 17.26
62 9 6.42
63 9 4.51
64 25 18.81
65 14 1.19
66 1 0.01
67 10 18.87
68 18 19.26
69 8 27.93
70 2 8.59
71 11 19.34
72 24 23.72
73 17 11.16
74 2 10.56
75 2 12.95
76 8 23.38
77 1 0.01
78 1 0.01
79 23 18.10
80 8 21.56
81 7 24.75
82 23 31.56
83 2 8.14
84 12 21.71
85 18 19.31
86 8 29.50
87 17 14.27
88 17 22.59
89 11 19.00
90 9 14.26
91 9 14.21
92 14 14.47
93 1 0.01
94 1 0.01
95 1 0.01
96 14 2.83
97 1 0.01
98 1 0.01
99 1 0.01
100 1 0.01
101 1 1.80
102 1 0.01
103 1 1.80
104 14 0.99
105 1 0.01
106 1 0.01
107 1 0.01
108 1 0.01
109 1 0.01
110 21 61.73
111 11 25.35
112 2 19.55
113 2 16.34
114 14 5.69
115 10 19.10
116 1 0.01
117 1 1.80
118 1 0.01
119 8 26.64
120 7 30.34
121 3 19.76
122 15 33.94
123 3 18.53
124 23 20.32
125 8 25.55
126 8 22.04
127 23 20.72
128 18 22.29
129 17 23.70
130 10 17.60
131 17 25.34
132 10 7.69
133 25 23.47
134 14 4.53
135 1 0.01
136 1 1.80
137 1 0.01
138 1 0.01
139 16 31.69
140 2 9.14
141 23 34.37
142 24 20.70
143 7 28.26
144 18 19.66
145 17 35.46
146 17 12.18
147 10 13.97
148 9 11.26
149 9 6.65
150 14 1.14
151 1 0.01
152 1 0.01
153 1 0.01
154 1 0.01
155 1 0.01
156 9 3.31
157 1 0.01
158 1 0.01
159 1 0.01
160 14 6.11
161 1 0.01
162 12 18.39
163 12 23.20
164 7 25.53
165 8 19.35
166 8 29.94
167 2 8.85
168 11 21.78
169 8 16.84
170 12 19.39
171 12 27.39
172 11 11.62
173 8 31.45
174 9 6.22
175 2 14.73
176 10 7.12
177 14 9.15
178 2 17.84
179 14 1.02
180 1 0.01
181 1 0.01
182 1 0.01
183 1 0.01
184 1 0.01
185 13 33.82
186 3 17.15
187 2 8.48
188 23 18.62
189 12 18.65
190 8 21.86
191 7 24.81
192 3 20.31
193 17 24.92
194 11 34.56
195 11 22.11
196 7 24.46
197 14 8.84
198 14 12.72
199 23 27.45
200 15 22.96
201 2 8.83
202 18 19.99
203 8 26.02
204 15 22.36
205 18 23.21
206 11 23.68
207 8 30.94
208 17 17.23
209 9 6.52
210 17 13.22
211 2 12.51
212 10 14.13
213 14 9.27
214 1 1.76
215 14 2.87
216 1 0.01
217 14 9.25
218 9 3.31
219 14 1.02
220 1 0.01
221 1 0.01
222 1 0.01
223 1 0.01
224 1 0.01
225 1 0.01
226 24 21.78
227 8 25.44
228 15 22.18
229 17 22.34
230 14 1.22
231 2 8.58
232 7 21.70
233 2 18.94
234 1 0.01
235 9 6.00
236 10 11.06
237 8 28.63
238 9 4.67
239 25 7.17
240 14 4.25
241 1 0.01
242 1 1.76
243 1 0.01
244 1 0.01
245 1 0.01
246 1 0.01
247 1 0.01
248 1 0.01
249 1 0.01
250 1 0.01
251 1 0.01
252 1 0.01
