12 1 0.01
13 1 0.01
14 21 79.66
15 3 22.18
16 17 24.22
17 9 17.87
18 10 25.64
19 9 6.55
20 9 6.02
21 1 0.01
22 1 0.01
23 1 0.01
24 3 25.48
25 2 8.58
26 23 21.37
27 23 23.80
28 2 11.77
29 7 35.49
30 23 25.47
31 15 23.95
32 12 21.80
33 23 15.89
34 8 28.09
35 17 23.00
36 8 28.88
37 9 5.85
38 2 12.73
39 10 12.16
40 14 7.31
41 1 1.76
42 14 0.99
43 1 0.01
44 1 0.01
45 14 1.21
46 1 0.01
47 1 0.01
48 10 7.42
49 14 2.39
50 14 1.05
51 1 0.01
52 1 1.76
53 1 0.01
54 1 0.01
55 14 1.02
56 1 0.01
57 1 0.01
58 25 22.43
59 9 8.27
60 14 3.76
61 9 2.94
62 1 0.01
63 1 0.01
64 1 0.01
65 9 2.92
66 1 1.79
67 1 0.01
68 14 6.03
69 1 0.01
70 7 20.56
71 17 11.40
72 17 8.56
73 10 16.52
74 10 6.70
75 25 23.30
76 14 1.14
77 1 0.01
78 1 0.01
79 1 0.01
80 1 0.01
81 1 0.01
82 1 0.01
83 14 1.22
84 1 0.01
85 1 0.01
86 1 0.01
87 1 0.01
88 1 0.01
89 1 0.01
90 14 1.05
91 1 0.01
92 1 0.01
93 1 0.01
94 5 82.41
95 8 26.81
96 2 8.41
97 12 21.14
98 8 20.12
99 13 78.23
100 3 19.66
101 8 17.26
102 11 15.03
103 10 17.56
104 17 9.28
105 9 8.41
106 9 4.80
107 14 1.22
108 1 0.01
109 1 0.01
110 1 0.01
