1 7 9.68
2 1 0.01
3 1 0.01
4 25 8.96
5 6 2.59
6 7 3.18
7 6 3.96
8 1 0.01
9 1 1.84
10 1 0.01
11 1 0.01
12 14 21.14
13 10 14.48
14 16 57.17
15 14 21.35
16 23 13.41
17 17 13.79
18 25 2.63
19 17 15.67
20 6 3.30
21 7 4.64
22 1 0.01
23 1 1.86
24 1 0.01
25 7 5.54
26 1 0.01
27 6 6.92
28 1 0.01
29 1 1.84
30 1 1.83
31 1 0.01
32 25 2.25
33 1 0.01
34 15 4.66
35 1 0.01
36 1 0.01
37 25 2.69
38 1 1.86
39 1 0.01
40 1 0.01
41 1 0.01
42 25 1.24
43 1 0.01
44 1 0.01
45 1 0.01
46 1 0.01
47 25 2.69
48 1 1.86
49 1 0.01
50 1 0.01
51 1 1.84
52 1 0.01
53 1 0.01
54 1 0.01
55 1 0.01
56 1 0.01
57 7 3.20
58 7 15.58
59 15 3.53
60 1 0.01
61 25 1.24
62 1 0.01
63 7 2.89
64 1 1.83
65 1 0.01
66 1 1.86
67 1 0.01
68 1 0.01
69 25 2.69
70 1 1.86
71 1 0.01
72 1 0.01
73 1 0.01
74 1 0.01
75 1 0.01
76 1 0.01
77 1 0.01
78 1 0.01
79 2 17.77
80 9 25.34
81 7 3.16
82 25 2.62
83 17 17.70
84 6 6.36
85 25 4.56
86 1 1.83
87 1 0.01
88 1 0.01
89 1 0.01
90 1 1.85
91 1 0.01
92 1 0.01
93 1 0.01
94 1 0.01
95 1 0.01
96 1 0.01
97 1 0.01
98 1 0.01
99 1 0.01
100 1 0.01
101 1 0.01
102 1 0.01
103 1 0.01
104 1 0.01
