33 1 1.78
34 1 0.01
35 18 46.76
36 9 5.85
37 2 17.50
38 10 14.27
39 14 7.50
40 1 1.79
41 14 1.28
42 1 0.01
43 1 0.01
44 9 2.98
45 9 5.74
46 1 2.00
47 1 0.01
48 1 0.01
49 1 0.01
50 1 0.01
51 1 0.01
52 1 0.01
53 1 0.01
54 1 0.01
55 1 1.80
56 1 0.01
57 1 0.01
58 14 1.05
59 14 1.05
60 1 1.80
61 1 0.01
62 1 7.99
63 14 2.83
64 9 2.98
65 2 10.53
66 13 20.36
67 13 35.13
68 2 9.09
69 23 31.25
70 23 26.28
71 23 16.01
72 23 14.16
73 7 38.76
74 7 41.01
75 24 36.49
76 15 24.23
77 24 18.75
78 15 37.51
79 17 33.54
80 17 14.78
81 2 26.13
82 14 3.96
83 9 16.08
84 9 3.46
85 1 0.01
86 1 1.76
87 1 0.01
88 1 0.01
89 1 0.01
90 1 0.01
91 14 3.93
92 1 0.01
93 1 0.01
94 1 0.01
95 1 0.01
96 1 0.01
97 1 0.01
98 9 5.38
99 1 0.01
100 1 0.01
101 1 0.01
102 1 0.01
103 1 0.01
104 1 1.80
105 1 0.01
106 25 5.83
107 1 0.01
108 1 0.01
109 1 1.80
110 1 0.01
111 1 1.79
112 1 0.01
113 1 0.01
114 1 0.01
115 1 0.01
116 1 1.80
117 9 7.11
118 9 3.57
119 1 0.01
120 1 0.01
121 1 0.01
122 1 1.80
123 1 0.01
124 1 0.01
125 1 0.01
126 1 0.01
127 9 3.31
128 1 0.01
129 1 0.01
130 9 3.31
131 1 0.01
132 9 6.57
133 1 0.01
134 1 0.01
135 1 0.01
136 14 1.25
137 1 0.01
138 14 1.02
139 1 0.01
140 9 8.23
141 9 2.40
142 1 1.80
143 1 0.01
144 1 0.01
145 1 0.01
146 1 0.01
147 1 0.01
148 1 0.01
149 1 0.01
150 1 0.01
151 1 1.76
152 1 0.01
153 1 0.01
154 1 0.01
155 8 16.71
156 12 22.53
157 2 7.94
158 8 17.44
159 8 30.99
160 7 32.06
161 23 26.53
162 8 36.88
163 2 8.18
164 18 23.17
165 15 34.60
166 9 5.86
167 3 22.78
168 17 18.96
169 2 8.46
170 7 39.22
171 9 5.93
172 17 52.25
173 13 44.34
174 10 21.63
175 14 5.95
176 9 7.87
177 9 2.46
178 1 1.78
179 1 0.01
180 1 0.01
