1 1 0.01
2 1 0.01
3 1 0.01
4 1 0.01
5 1 0.01
6 1 0.01
7 1 0.01
8 1 0.01
9 1 0.01
10 25 7.80
11 15 4.13
12 1 0.01
13 1 0.01
14 1 0.01
15 1 0.01
16 1 0.01
17 1 0.01
18 1 0.01
19 25 1.24
20 1 0.01
21 1 0.01
22 1 0.01
23 25 2.67
24 25 1.24
25 1 0.01
26 1 0.01
27 1 0.01
28 1 0.01
29 17 8.42
30 1 0.01
31 1 0.01
32 1 0.01
33 25 1.50
34 1 1.86
35 1 0.01
36 15 36.86
37 25 11.85
38 6 10.66
39 1 1.84
40 1 0.01
41 1 0.01
42 1 0.01
43 1 0.01
44 7 2.43
45 1 1.83
46 1 0.01
47 1 0.01
48 1 0.01
49 1 0.01
50 1 3.69
51 1 1.83
52 25 2.82
53 25 1.24
54 1 0.01
55 1 0.01
56 1 0.01
57 25 2.62
58 1 1.87
59 1 0.01
60 1 0.01
61 20 18.60
62 20 17.83
63 16 13.51
64 14 15.67
65 17 11.86
66 17 9.71
67 25 8.19
68 6 2.79
69 1 1.83
70 1 0.01
71 1 0.01
72 1 0.01
73 1 0.01
74 1 0.01
75 1 0.01
76 1 0.01
77 1 0.01
78 1 0.01
79 1 0.01
80 1 0.01
81 1 0.01
82 1 0.01
83 1 0.01
84 1 1.84
85 1 0.01
86 1 0.01
87 1 0.01
88 1 2.00
89 1 0.01
90 1 1.83
91 1 1.83
92 1 0.01
93 1 0.01
94 25 9.61
95 15 3.53
96 1 0.01
97 25 1.24
98 1 0.01
99 1 0.01
100 25 6.02
101 1 0.01
102 1 0.01
103 1 1.86
104 7 6.55
105 1 1.84
106 25 1.24
107 1 0.01
108 1 0.01
109 1 1.86
110 1 0.01
111 1 0.01
112 1 0.01
113 25 8.11
114 25 5.80
115 2 12.20
116 17 12.75
117 25 8.19
118 6 10.50
119 1 1.83
120 1 0.01
121 1 0.01
122 1 0.01
123 1 0.01
124 1 0.01
125 1 0.01
126 1 0.01
127 1 0.01
128 1 1.84
129 1 0.01
130 25 3.26
131 1 0.01
132 25 2.82
133 25 2.63
134 1 0.01
135 1 0.01
136 1 1.86
137 1 1.84
138 1 0.01
139 1 0.01
140 1 0.01
141 14 35.23
142 20 30.99
143 2 8.64
144 14 14.30
145 17 17.09
146 17 12.11
147 25 1.50
148 6 2.84
149 1 1.84
150 1 0.01
151 1 0.01
152 1 0.01
153 1 0.01
154 1 0.01
155 1 0.01
156 1 0.01
157 1 0.01
158 1 0.01
159 1 0.01
160 1 0.01
161 1 0.01
162 1 1.86
163 1 0.01
164 1 0.01
