1 1 0.01
2 1 0.01
3 1 0.01
4 1 0.01
5 1 1.86
6 1 0.01
7 1 0.01
8 1 1.87
9 1 0.01
10 1 0.01
11 1 1.84
12 1 0.01
13 1 0.01
14 1 0.01
15 1 1.83
16 1 0.01
17 1 1.83
18 1 0.01
19 1 1.84
20 1 0.01
21 15 13.80
22 6 6.73
23 1 0.01
24 25 1.24
25 1 0.01
26 1 0.01
27 25 1.24
28 1 0.01
29 1 0.01
30 1 0.01
31 1 0.01
32 1 0.01
33 1 0.01
34 25 6.15
35 25 10.77
36 1 0.01
37 1 0.01
38 1 1.83
39 1 0.01
40 1 0.01
41 1 0.01
42 1 0.01
43 1 0.01
44 1 0.01
45 1 0.01
46 1 0.01
47 1 0.01
48 5 23.51
49 9 18.72
50 17 29.29
51 25 2.67
52 17 10.53
53 6 6.26
54 6 2.84
55 1 1.84
56 1 0.01
57 1 0.01
58 25 1.24
59 1 0.01
60 1 0.01
61 1 0.01
62 7 4.48
63 1 1.84
64 1 0.01
65 1 0.01
66 1 0.01
67 1 0.01
68 1 1.84
69 1 0.01
70 1 0.01
71 1 0.01
72 1 0.01
73 1 1.84
74 1 0.01
75 1 0.01
76 1 0.01
77 1 0.01
78 1 0.01
79 1 0.01
80 1 0.01
81 1 0.01
82 1 0.01
83 1 0.01
84 1 0.01
85 1 0.01
86 1 0.01
87 1 0.01
88 7 5.07
89 14 61.48
90 17 20.49
91 17 12.11
92 25 1.50
93 6 3.19
94 1 3.67
95 1 0.01
96 1 0.01
97 1 0.01
98 1 0.01
99 1 0.01
100 1 0.01
101 2 24.55
102 25 8.17
103 2 7.69
104 2 24.19
105 7 5.36
106 7 8.27
107 2 7.99
108 9 31.33
109 21 27.42
110 11 41.81
111 20 18.48
112 21 126.61
113 18 31.33
114 10 58.93
115 23 19.73
116 17 25.11
117 17 25.49
118 25 11.07
119 15 7.75
120 25 3.59
121 1 0.01
122 1 0.01
123 1 0.01
124 1 0.01
125 1 2.00
126 25 3.26
127 15 10.60
128 7 6.89
129 1 0.01
130 7 8.10
131 1 1.83
132 1 0.01
133 1 0.01
134 1 0.01
135 1 0.01
136 1 0.01
137 15 5.64
138 1 0.01
139 1 0.01
140 1 0.01
141 1 0.01
142 1 0.01
143 1 0.01
144 1 0.01
145 1 0.01
146 1 0.01
147 1 1.86
148 1 1.84
149 1 0.01
150 1 0.01
151 1 0.01
152 1 0.01
153 1 1.84
154 1 0.01
155 25 3.59
156 1 0.01
157 1 0.01
158 1 0.01
159 1 1.83
160 1 0.01
161 1 0.01
162 1 1.84
163 1 0.01
164 1 0.01
165 25 3.79
166 25 3.56
167 1 0.01
168 1 0.01
169 1 0.01
170 17 11.72
171 2 12.58
172 7 7.84
173 1 3.67
174 1 0.01
175 1 0.01
176 1 0.01
177 1 0.01
178 1 0.01
179 1 0.01
180 2 9.00
181 11 27.93
182 10 25.20
183 5 17.71
184 11 26.19
185 11 20.07
186 12 25.26
187 11 14.93
188 5 25.85
189 23 27.40
190 23 21.56
191 25 2.69
192 2 11.65
193 6 10.66
194 6 26.75
195 1 0.01
196 1 0.01
197 1 0.01
198 15 7.28
199 1 0.01
200 1 0.01
201 1 0.01
202 1 0.01
203 1 0.01
204 25 5.59
205 17 14.25
206 17 10.53
207 25 1.52
208 25 8.05
209 1 1.84
210 1 0.01
211 1 0.01
212 1 0.01
213 1 0.01
214 1 1.83
215 1 0.01
216 1 0.01
217 1 0.01
218 1 0.01
219 1 0.01
220 17 14.26
221 16 37.37
222 2 8.85
223 10 39.03
224 14 14.69
225 14 22.39
226 14 12.93
227 17 9.91
228 17 16.44
229 7 2.89
230 7 2.28
231 1 0.01
232 1 0.01
233 1 1.84
234 7 4.83
235 7 4.80
236 1 1.84
237 1 0.01
238 1 0.01
239 1 0.01
240 1 0.01
241 14 30.59
242 23 23.48
243 17 10.50
244 17 10.35
245 7 4.83
246 1 1.84
247 1 0.01
248 15 6.75
249 1 1.83
250 1 0.01
251 1 0.01
252 1 0.01
253 1 0.01
254 1 0.01
255 1 0.01
256 13 35.71
257 14 20.22
258 17 12.80
259 7 6.79
260 25 6.68
261 6 4.54
262 1 0.01
263 1 0.01
264 1 0.01
265 1 0.01
266 1 0.01
