1 17 9.62
2 7 6.26
3 1 1.84
4 1 0.01
5 1 0.01
6 1 0.01
7 1 0.01
8 1 0.01
9 1 1.84
10 1 0.01
11 1 0.01
12 1 1.87
13 1 0.01
14 1 0.01
15 1 1.83
16 1 0.01
17 1 0.01
18 1 0.01
19 1 1.83
20 1 0.01
21 1 1.83
22 1 0.01
23 1 0.01
24 1 0.01
25 25 7.39
26 1 0.01
27 1 0.01
28 25 1.24
29 1 0.01
30 1 0.01
31 1 0.01
32 1 0.01
33 1 0.01
34 1 0.01
35 1 0.01
36 1 0.01
37 1 0.01
38 1 0.01
39 25 10.61
40 16 19.67
41 10 33.53
42 9 21.89
43 2 7.69
44 14 12.89
45 17 15.08
46 17 10.60
47 6 6.39
48 6 2.79
49 1 1.83
50 1 0.01
51 1 0.01
52 1 0.01
53 25 1.50
54 17 14.18
55 1 0.01
56 7 6.35
57 1 0.01
58 1 0.01
59 1 0.01
60 1 0.01
61 25 1.24
62 1 0.01
63 1 0.01
64 1 0.01
65 1 0.01
66 25 5.90
67 1 0.01
68 1 0.01
69 1 0.01
70 1 0.01
71 1 0.01
72 1 0.01
73 1 0.01
74 1 0.01
75 1 0.01
76 1 0.01
77 1 0.01
78 7 5.73
79 7 9.18
80 1 2.00
81 14 14.36
82 23 11.04
83 17 10.50
84 25 8.20
85 2 22.29
86 1 1.83
87 1 0.01
88 1 0.01
89 1 1.86
90 1 1.84
91 1 0.01
92 2 26.82
93 22 43.43
94 20 45.85
95 10 19.33
96 5 12.18
97 9 20.24
98 10 27.15
99 2 8.42
100 23 20.18
101 21 28.51
102 2 8.78
103 2 31.62
104 21 30.96
105 7 5.67
106 2 9.00
107 23 36.11
108 17 16.68
109 17 16.55
110 6 6.19
111 6 10.09
112 25 3.59
113 1 0.01
114 1 0.01
115 1 0.01
116 1 0.01
117 17 14.39
118 7 8.38
119 7 5.92
120 1 0.01
121 1 0.01
122 25 4.61
123 25 3.17
124 1 0.01
125 1 2.00
126 1 0.01
127 1 0.01
128 1 0.01
129 6 6.67
130 25 6.25
131 1 0.01
132 25 2.22
133 1 1.85
134 1 0.01
135 1 0.01
136 1 0.01
137 1 0.01
138 1 0.01
139 1 0.01
140 1 0.01
141 1 0.01
142 1 0.01
143 1 1.83
144 1 0.01
145 1 0.01
146 25 1.24
147 1 0.01
148 1 0.01
149 1 0.01
150 1 2.00
151 7 6.82
152 1 0.01
153 6 12.09
154 1 0.01
155 1 0.01
156 1 0.01
157 25 1.24
158 1 0.01
159 1 0.01
160 1 0.01
161 1 1.87
162 1 0.01
163 1 0.01
164 1 1.83
165 1 0.01
166 1 0.01
167 1 0.01
168 1 0.01
169 1 0.01
170 1 0.01
171 25 1.24
172 1 0.01
173 1 0.01
174 22 87.20
175 10 25.82
176 18 23.26
177 11 22.10
178 10 27.20
179 5 30.60
180 11 27.18
181 5 17.71
182 11 32.65
183 23 17.77
184 21 24.04
185 17 10.42
186 2 14.11
187 6 9.61
188 25 4.20
189 1 0.01
190 1 0.01
191 25 7.03
192 1 0.01
193 25 6.05
194 7 2.96
195 1 0.01
196 1 1.83
197 1 0.01
198 1 0.01
199 1 0.01
200 8 25.40
201 20 35.07
202 14 11.81
203 14 13.56
204 17 14.36
205 2 11.74
206 25 7.75
207 25 2.64
208 1 0.01
209 1 0.01
210 1 0.01
211 1 0.01
212 1 0.01
213 1 0.01
214 1 0.01
215 1 0.01
216 7 8.75
217 1 1.85
218 7 2.96
219 1 0.01
220 7 4.30
221 1 0.01
222 1 0.01
223 1 0.01
224 20 20.77
225 16 13.51
226 10 23.78
227 23 12.82
228 14 14.16
229 17 10.31
230 2 11.31
231 6 3.08
232 25 2.63
233 1 0.01
234 1 0.01
235 1 0.01
236 25 15.89
237 25 6.58
238 15 26.42
239 1 1.84
240 1 0.01
241 1 0.01
242 1 0.01
243 1 1.84
244 14 13.63
245 17 8.40
246 17 9.56
247 7 2.43
248 1 1.83
249 1 0.01
250 1 0.01
251 15 8.49
252 1 1.83
253 1 0.01
254 1 0.01
255 1 0.01
256 1 0.01
257 1 0.01
258 1 0.01
259 1 1.84
260 1 0.01
261 1 0.01
262 25 5.09
263 2 21.66
264 9 16.26
265 2 9.15
266 20 19.80
267 14 13.58
268 23 17.45
269 14 16.25
270 2 14.16
271 25 8.43
272 7 4.00
273 1 0.01
274 1 0.01
275 1 0.01
276 1 1.83
277 1 0.01
278 1 0.01
279 1 0.01
