315 0 2 0 0 0 6 2 0 0 0 0 4 1 0 0 0 0 
316 3 0 0 4 3 10 2 0 10 2 0 3 1 0 3 1 0 
317 5 0 2 3 6 9 0 0 8 0 0 5 0 0 5 0 0 
318 3 0 0 3 3 10 1 0 10 1 0 2 0 0 2 0 0 
319 3 1 2 2 0 13 0 0 6 0 0 6 0 0 3 0 0 
320 0 1 0 0 0 4 0 0 0 0 0 1 0 0 0 0 0 
321 1 0 0 1 0 4 0 0 4 0 0 2 0 0 2 0 0 
322 2 1 1 3 0 16 2 0 12 0 0 7 1 0 5 0 0 
323 2 2 1 3 0 12 2 0 8 0 0 5 1 0 3 0 0 
324 2 1 1 4 0 14 6 0 10 4 0 4 2 0 2 1 0 
325 3 0 0 2 3 12 2 0 12 2 0 5 1 0 5 1 0 
326 4 1 4 3 0 12 0 0 7 0 0 6 0 0 4 0 0 
327 2 1 1 2 0 14 2 0 10 0 0 3 1 0 1 0 0 
328 1 2 0 0 0 12 2 0 6 0 0 5 1 0 2 0 0 
329 1 0 0 1 0 4 0 0 4 0 0 1 0 0 1 0 0 
330 2 1 1 2 0 14 2 0 10 0 0 4 1 0 2 0 0 
331 1 2 0 1 0 14 2 0 6 0 0 5 1 0 2 0 0 
332 1 0 0 1 0 4 0 0 4 0 0 1 0 0 1 0 0 
333 2 1 1 2 0 14 2 0 10 0 0 5 1 0 3 0 0 
334 2 1 1 2 0 14 2 0 10 0 0 5 1 0 3 0 0 
335 2 1 1 2 0 14 2 0 10 0 0 5 1 0 3 0 0 
336 2 1 1 2 0 14 2 0 10 0 0 5 1 0 3 0 0 
337 2 1 1 2 0 14 2 0 10 0 0 5 1 0 3 0 0 
338 2 1 1 2 0 14 2 0 10 0 0 5 1 0 3 0 0 
339 2 1 1 2 0 14 2 0 10 0 0 5 1 0 3 0 0 
340 2 1 1 2 0 14 2 0 10 0 0 5 1 0 3 0 0 
341 2 1 1 2 0 9 2 0 5 0 0 3 1 0 1 0 0 
342 2 1 1 1 0 4 1 0 2 0 0 3 1 0 1 0 0 
343 2 1 1 1 0 1 0 0 1 0 0 1 0 0 1 0 0 
344 2 1 1 0 0 4 0 0 4 0 0 0 0 0 0 0 0 
345 0 1 0 0 0 2 2 0 0 0 0 0 0 0 0 0 0 
346 0 0 0 0 0 0 0 0 0 0 0 0 0 0 0 0 0 
347 0 0 0 0 0 0 0 0 0 0 0 0 0 0 0 0 0 
348 1 0 0 0 0 4 0 0 4 0 0 0 0 0 0 0 0 
349 0 1 0 0 0 6 1 0 0 0 0 0 0 0 0 0 0 
350 0 0 0 0 0 2 0 0 0 0 0 0 0 0 0 0 0 
351 1 0 0 0 0 2 0 0 2 0 0 0 0 0 0 0 0 
352 0 0 0 0 0 3 0 0 0 0 0 0 0 0 0 0 0 
353 0 0 0 0 0 0 0 0 0 0 0 0 0 0 0 0 0 
354 0 0 0 0 0 5 0 0 0 0 0 0 0 0 0 0 0 
355 0 0 0 0 0 0 0 0 0 0 0 0 0 0 0 0 0 
356 0 0 0 0 0 1 0 0 0 0 0 0 0 0 0 0 0 
357 0 0 0 0 0 0 0 0 0 0 0 0 0 0 0 0 0 
358 0 0 0 0 0 2 0 0 0 0 0 0 0 0 0 0 0 
359 1 0 0 1 0 4 2 0 4 2 0 1 1 0 1 1 0 
360 2 0 1 1 0 6 0 0 4 0 0 1 0 0 1 0 0 
361 2 1 1 2 0 27 1 0 16 0 0 5 0 0 4 0 0 
362 2 1 1 3 0 24 4 0 16 0 0 5 1 0 3 0 0 
363 1 3 0 1 0 16 2 0 8 0 0 3 1 0 1 0 0 
364 1 0 0 2 0 4 1 0 4 1 0 1 0 0 1 0 0 
365 4 0 0 3 3 18 1 0 6 1 0 2 0 0 2 0 0 
366 3 2 2 2 0 8 0 0 3 0 0 2 0 0 1 0 0 
367 1 1 0 0 0 3 0 0 1 0 0 0 0 0 0 0 0 
368 1 0 0 1 0 1 1 0 1 1 0 1 1 0 1 1 0 
369 1 0 0 1 0 0 0 0 0 0 0 0 0 0 0 0 0 
370 1 0 0 0 0 0 0 0 0 0 0 0 0 0 0 0 0 
371 0 0 0 0 0 0 0 0 0 0 0 0 0 0 0 0 0 
372 0 0 0 0 0 0 0 0 0 0 0 0 0 0 0 0 0 
373 0 0 0 0 0 0 0 0 0 0 0 0 0 0 0 0 0 
374 0 0 0 0 0 0 0 0 0 0 0 0 0 0 0 0 0 
375 0 0 0 0 0 0 0 0 0 0 0 0 0 0 0 0 0 
376 0 0 0 0 0 1 0 0 0 0 0 0 0 0 0 0 0 
377 0 0 0 0 0 0 0 0 0 0 0 0 0 0 0 0 0 
378 0 0 0 0 0 1 0 0 0 0 0 0 0 0 0 0 0 
379 0 0 0 0 0 0 0 0 0 0 0 0 0 0 0 0 0 
380 0 0 0 0 0 0 0 0 0 0 0 0 0 0 0 0 0 
381 0 0 0 0 0 1 0 0 0 0 0 0 0 0 0 0 0 
382 0 0 0 0 0 0 0 0 0 0 0 0 0 0 0 0 0 
383 0 1 0 0 0 6 2 0 0 0 0 0 0 0 0 0 0 
384 2 0 1 0 0 1 0 0 1 0 0 0 0 0 0 0 0 
385 0 0 0 0 0 0 0 0 0 0 0 0 0 0 0 0 0 
386 0 0 0 0 0 3 0 0 0 0 0 0 0 0 0 0 0 
387 0 0 0 0 0 0 0 0 0 0 0 0 0 0 0 0 0 
388 0 0 0 0 0 2 0 0 0 0 0 0 0 0 0 0 0 
389 0 1 0 0 0 1 1 0 0 0 0 0 0 0 0 0 0 
390 0 0 0 0 0 0 0 0 0 0 0 0 0 0 0 0 0 
391 0 1 0 0 0 4 1 0 0 0 0 0 0 0 0 0 0 
392 0 0 0 0 0 0 0 0 0 0 0 0 0 0 0 0 0 
393 0 0 0 0 0 2 0 0 0 0 0 0 0 0 0 0 0 
394 0 0 0 0 0 0 0 0 0 0 0 0 0 0 0 0 0 
395 2 1 1 0 0 6 2 0 1 0 0 0 0 0 0 0 0 
396 0 0 0 0 0 0 0 0 0 0 0 0 0 0 0 0 0 
397 0 0 0 0 0 1 0 0 0 0 0 0 0 0 0 0 0 
398 0 0 0 0 0 0 0 0 0 0 0 0 0 0 0 0 0 
399 0 2 0 0 0 16 2 0 0 0 0 0 0 0 0 0 0 
400 0 1 0 0 0 1 1 0 0 0 0 0 0 0 0 0 0 
401 0 0 0 0 0 0 0 0 0 0 0 0 0 0 0 0 0 
402 1 1 0 0 0 4 1 0 2 0 0 0 0 0 0 0 0 
403 0 0 0 0 0 0 0 0 0 0 0 0 0 0 0 0 0 
404 0 0 0 0 0 0 0 0 0 0 0 0 0 0 0 0 0 
405 0 0 0 0 0 1 0 0 0 0 0 0 0 0 0 0 0 
406 0 0 0 0 0 0 0 0 0 0 0 0 0 0 0 0 0 
407 1 1 0 0 0 3 0 0 1 0 0 0 0 0 0 0 0 
408 0 1 0 0 0 4 2 0 0 0 0 0 0 0 0 0 0 
409 0 1 0 0 0 2 1 0 0 0 0 0 0 0 0 0 0 
410 0 1 0 0 0 2 1 0 0 0 0 0 0 0 0 0 0 
411 0 0 0 0 0 1 0 0 0 0 0 0 0 0 0 0 0 
412 0 0 0 0 0 0 0 0 0 0 0 0 0 0 0 0 0 
413 0 0 0 0 0 1 0 0 0 0 0 0 0 0 0 0 0 
414 0 0 0 0 0 0 0 0 0 0 0 0 0 0 0 0 0 
415 0 1 0 0 0 10 1 0 0 0 0 0 0 0 0 0 0 
416 2 0 1 2 0 4 0 0 4 0 0 0 0 0 0 0 0 
417 0 0 0 0 0 0 0 0 0 0 0 0 0 0 0 0 0 
418 3 0 0 1 3 3 0 0 3 0 0 0 0 0 0 0 0 
419 2 1 1 0 0 1 1 0 0 0 0 0 0 0 0 0 0 
420 0 0 0 0 0 0 0 0 0 0 0 0 0 0 0 0 0 
421 0 0 0 0 0 0 0 0 0 0 0 0 0 0 0 0 0 
422 0 0 0 0 0 0 0 0 0 0 0 0 0 0 0 0 0 
423 0 0 0 0 0 0 0 0 0 0 0 0 0 0 0 0 0 
424 0 0 0 0 0 0 0 0 0 0 0 0 0 0 0 0 0 
425 0 0 0 0 0 0 0 0 0 0 0 0 0 0 0 0 0 
426 1 0 0 0 0 6 0 0 0 0 0 0 0 0 0 0 0 
427 0 0 0 0 0 0 0 0 0 0 0 0 0 0 0 0 0 
428 2 0 1 1 0 10 2 0 4 2 0 1 1 0 1 1 0 
429 1 0 0 0 0 8 0 0 2 0 0 0 0 0 0 0 0 
430 0 0 0 0 0 2 0 0 0 0 0 0 0 0 0 0 0 
431 0 0 0 0 0 2 0 0 0 0 0 0 0 0 0 0 0 
432 0 0 0 0 0 4 0 0 0 0 0 0 0 0 0 0 0 
433 0 0 0 0 0 2 0 0 0 0 0 0 0 0 0 0 0 
434 0 0 0 0 0 2 0 0 0 0 0 0 0 0 0 0 0 
435 0 0 0 0 0 6 0 0 0 0 0 0 0 0 0 0 0 
436 6 1 5 0 3 14 0 0 5 0 0 1 0 0 1 0 0 
437 1 3 0 0 0 10 2 0 1 0 0 1 0 0 0 0 0 
438 1 0 0 0 0 2 0 0 0 0 0 0 0 0 0 0 0 
439 0 0 0 0 0 0 0 0 0 0 0 0 0 0 0 0 0 
440 0 0 0 0 0 0 0 0 0 0 0 0 0 0 0 0 0 
441 0 0 0 0 0 2 0 0 0 0 0 0 0 0 0 0 0 
442 1 0 0 0 0 0 0 0 0 0 0 0 0 0 0 0 0 
443 0 0 0 0 0 0 0 0 0 0 0 0 0 0 0 0 0 
444 0 0 0 0 0 0 0 0 0 0 0 0 0 0 0 0 0 
445 0 0 0 0 0 1 0 0 0 0 0 0 0 0 0 0 0 
446 0 0 0 0 0 0 0 0 0 0 0 0 0 0 0 0 0 
447 0 0 0 0 0 0 0 0 0 0 0 0 0 0 0 0 0 
448 0 0 0 0 0 0 0 0 0 0 0 0 0 0 0 0 0 
449 1 0 0 1 0 3 0 0 3 0 0 2 0 0 2 0 0 
450 3 2 2 3 0 8 2 0 3 2 0 0 0 0 0 0 0 
451 0 1 0 0 0 2 2 0 0 0 0 0 0 0 0 0 0 
452 0 0 0 0 0 0 0 0 0 0 0 0 0 0 0 0 0 
453 5 1 2 0 6 6 0 0 4 0 0 0 0 0 0 0 0 
454 2 1 1 0 0 6 0 0 4 0 0 0 0 0 0 0 0 
455 1 1 0 0 0 3 0 0 1 0 0 0 0 0 0 0 0 
456 0 0 0 0 0 2 0 0 0 0 0 0 0 0 0 0 0 
457 0 0 0 0 0 1 0 0 0 0 0 0 0 0 0 0 0 
458 0 0 0 0 0 0 0 0 0 0 0 0 0 0 0 0 0 
459 0 0 0 0 0 0 0 0 0 0 0 0 0 0 0 0 0 
460 0 0 0 0 0 0 0 0 0 0 0 0 0 0 0 0 0 
461 0 0 0 0 0 0 0 0 0 0 0 0 0 0 0 0 0 
462 0 0 0 0 0 0 0 0 0 0 0 0 0 0 0 0 0 
463 0 0 0 0 0 0 0 0 0 0 0 0 0 0 0 0 0 
464 0 0 0 0 0 0 0 0 0 0 0 0 0 0 0 0 0 
465 0 0 0 0 0 0 0 0 0 0 0 0 0 0 0 0 0 
466 0 0 0 0 0 0 0 0 0 0 0 0 0 0 0 0 0 
467 0 0 0 0 0 0 0 0 0 0 0 0 0 0 0 0 0 
468 0 0 0 0 0 0 0 0 0 0 0 0 0 0 0 0 0 
469 0 0 0 0 0 0 0 0 0 0 0 0 0 0 0 0 0 
470 1 0 0 0 0 0 0 0 0 0 0 0 0 0 0 0 0 
471 0 0 0 0 0 0 0 0 0 0 0 0 0 0 0 0 0 
472 0 0 0 0 0 0 0 0 0 0 0 0 0 0 0 0 0 
473 0 0 0 0 0 0 0 0 0 0 0 0 0 0 0 0 0 
474 1 1 0 0 0 6 0 0 3 0 0 0 0 0 0 0 0 
475 0 0 0 0 0 0 0 0 0 0 0 0 0 0 0 0 0 
476 0 0 0 0 0 0 0 0 0 0 0 0 0 0 0 0 0 
477 0 0 0 0 0 0 0 0 0 0 0 0 0 0 0 0 0 
478 3 0 0 0 3 0 0 0 0 0 0 0 0 0 0 0 0 
479 1 0 0 0 0 0 0 0 0 0 0 0 0 0 0 0 0 
480 0 0 0 0 0 0 0 0 0 0 0 0 0 0 0 0 0 
481 0 0 0 0 0 0 0 0 0 0 0 0 0 0 0 0 0 
482 0 0 0 0 0 0 0 0 0 0 0 0 0 0 0 0 0 
483 0 1 0 0 0 2 2 0 0 0 0 0 0 0 0 0 0 
484 0 0 0 0 0 0 0 0 0 0 0 0 0 0 0 0 0 
485 0 0 0 0 0 0 0 0 0 0 0 0 0 0 0 0 0 
486 0 1 0 0 0 1 1 0 0 0 0 0 0 0 0 0 0 
487 0 0 0 0 0 0 0 0 0 0 0 0 0 0 0 0 0 
488 0 0 0 0 0 0 0 0 0 0 0 0 0 0 0 0 0 
489 0 0 0 0 0 0 0 0 0 0 0 0 0 0 0 0 0 
490 0 0 0 0 0 0 0 0 0 0 0 0 0 0 0 0 0 
491 0 0 0 0 0 0 0 0 0 0 0 0 0 0 0 0 0 
492 0 0 0 0 0 0 0 0 0 0 0 0 0 0 0 0 0 
493 0 0 0 0 0 0 0 0 0 0 0 0 0 0 0 0 0 
494 0 0 0 0 0 0 0 0 0 0 0 0 0 0 0 0 0 
495 0 0 0 0 0 0 0 0 0 0 0 0 0 0 0 0 0 
496 0 0 0 0 0 0 0 0 0 0 0 0 0 0 0 0 0 
497 1 0 0 1 0 1 0 0 1 0 0 0 0 0 0 0 0 
498 1 0 0 1 0 0 0 0 0 0 0 0 0 0 0 0 0 
499 1 0 0 0 0 0 0 0 0 0 0 0 0 0 0 0 0 
500 0 0 0 0 0 0 0 0 0 0 0 0 0 0 0 0 0 
501 0 0 0 0 0 0 0 0 0 0 0 0 0 0 0 0 0 
