1 1 0.01
2 1 0.01
3 1 1.83
4 1 1.83
5 1 0.01
6 1 0.01
7 1 0.01
8 1 0.01
9 1 0.01
10 25 6.61
11 15 12.16
12 1 0.01
13 1 0.01
14 1 0.01
15 1 0.01
16 1 0.01
17 1 0.01
18 1 0.01
19 1 0.01
20 1 0.01
21 1 0.01
22 1 0.01
23 1 0.01
24 25 6.28
25 25 1.24
26 1 0.01
27 1 0.01
28 1 0.01
29 5 38.05
30 11 20.87
31 16 48.99
32 11 43.63
33 23 21.30
34 14 19.54
35 14 29.84
36 25 2.62
37 6 44.86
38 25 2.69
39 1 1.86
40 1 0.01
41 1 0.01
42 1 0.01
43 1 0.01
44 25 9.77
45 2 10.98
46 1 0.01
47 7 5.74
48 7 3.07
49 2 9.45
50 11 15.62
51 9 16.15
52 9 22.06
53 25 6.18
54 17 11.53
55 17 10.50
56 25 8.20
57 25 4.56
58 1 1.83
59 1 0.01
60 1 0.01
61 1 1.85
62 1 0.01
63 25 7.47
64 7 8.19
65 25 1.24
66 1 1.83
67 7 6.88
68 1 0.01
69 1 0.01
70 1 0.01
71 1 0.01
72 25 6.49
73 1 1.84
74 25 2.63
75 1 0.01
76 1 0.01
77 1 0.01
78 1 0.01
79 1 0.01
80 1 0.01
81 1 0.01
82 1 0.01
83 15 28.53
84 1 1.84
85 1 0.01
86 1 0.01
87 1 0.01
88 1 0.01
89 1 0.01
90 1 0.01
91 1 0.01
92 1 0.01
93 1 0.01
94 1 0.01
95 1 0.01
96 1 0.01
