1 7 4.80
2 1 0.01
3 1 0.01
4 1 0.01
5 1 0.01
6 1 0.01
7 1 0.01
8 7 4.42
9 25 2.91
10 6 2.64
11 25 7.65
12 25 4.68
13 1 0.01
14 1 0.01
15 25 1.24
16 1 0.01
17 1 0.01
18 1 0.01
19 1 2.00
20 1 0.01
21 1 0.01
22 1 0.01
23 1 1.83
24 1 0.01
25 1 0.01
26 1 0.01
27 1 1.84
28 1 0.01
29 1 0.01
30 1 0.01
31 1 0.01
32 1 1.84
33 1 1.84
34 1 0.01
35 1 1.83
36 1 0.01
37 1 0.01
38 15 12.16
39 1 0.01
40 1 0.01
41 1 0.01
42 1 0.01
43 1 0.01
44 1 0.01
45 1 0.01
46 1 0.01
47 1 0.01
48 1 0.01
49 1 0.01
50 25 1.24
51 1 0.01
52 1 0.01
53 1 0.01
54 1 0.01
55 1 1.84
56 1 0.01
57 1 0.01
58 1 0.01
59 1 0.01
60 1 1.83
61 1 1.83
62 1 0.01
63 25 3.64
64 1 0.01
65 1 0.01
66 1 0.01
67 1 0.01
68 1 0.01
69 15 6.91
70 1 1.86
71 1 0.01
72 1 0.01
73 1 0.01
74 7 4.42
75 1 1.84
76 1 1.83
77 1 1.83
78 1 1.83
79 1 0.01
80 25 1.24
81 1 0.01
82 1 0.01
83 1 1.83
84 1 0.01
85 7 4.81
86 1 1.84
87 1 0.01
88 1 0.01
89 25 2.67
90 25 1.24
91 1 0.01
92 1 0.01
93 1 1.84
94 1 0.01
95 1 0.01
96 1 0.01
97 1 0.01
98 1 0.01
99 1 0.01
100 1 1.83
101 1 1.83
102 1 1.84
103 1 0.01
104 1 0.01
105 1 0.01
106 25 3.50
107 7 9.28
108 1 0.01
109 25 2.82
110 25 1.52
111 1 1.86
112 1 0.01
113 25 3.56
114 1 0.01
115 1 0.01
116 1 0.01
117 1 0.01
118 1 1.87
119 1 0.01
120 1 1.83
121 1 0.01
122 25 1.24
123 1 0.01
124 1 0.01
125 1 0.01
126 1 1.83
127 1 0.01
128 1 0.01
129 1 0.01
130 1 0.01
131 1 0.01
132 1 0.01
133 1 1.85
134 1 0.01
135 1 0.01
136 1 0.01
137 1 0.01
138 25 1.24
139 1 1.83
140 1 0.01
141 1 0.01
142 1 0.01
143 1 0.01
144 1 0.01
145 1 0.01
146 1 0.01
147 1 0.01
148 1 0.01
149 1 0.01
150 1 0.01
151 1 0.01
152 1 0.01
153 1 0.01
154 1 0.01
155 1 0.01
156 1 0.01
157 1 0.01
158 1 0.01
159 1 0.01
160 1 0.01
161 1 0.01
162 1 0.01
163 1 0.01
164 1 0.01
165 1 0.01
166 1 0.01
167 1 0.01
168 1 0.01
169 1 1.83
170 1 0.01
171 1 0.01
172 1 0.01
173 1 0.01
174 1 0.01
175 1 0.01
176 1 0.01
177 1 0.01
178 1 0.01
179 1 0.01
180 1 0.01
181 1 0.01
182 1 0.01
183 1 0.01
184 1 0.01
185 1 0.01
