8 1 0.01
9 1 1.78
10 2 10.00
11 17 14.05
12 25 7.76
13 1 0.01
14 14 2.48
15 14 1.05
16 1 0.01
17 1 0.01
18 1 0.01
19 14 1.02
20 14 2.91
21 1 0.01
22 1 0.01
23 9 9.14
24 1 0.01
25 9 5.68
26 1 1.76
27 1 0.01
28 14 1.21
29 1 0.01
30 1 0.01
31 1 0.01
32 1 0.01
33 1 2.00
34 1 0.01
35 1 0.01
36 1 0.01
37 9 2.92
38 9 4.31
39 1 0.01
40 1 0.01
41 1 0.01
42 1 0.01
43 1 0.01
44 21 44.83
45 21 40.56
46 10 7.68
47 9 2.40
48 1 1.79
49 1 0.01
50 1 0.01
51 14 1.19
52 1 0.01
53 1 0.01
54 1 0.01
55 1 0.01
56 1 0.01
57 1 0.01
58 1 0.01
59 25 15.27
60 1 0.01
61 1 1.76
62 1 0.01
63 1 0.01
64 1 0.01
65 1 0.01
66 1 0.01
67 1 0.01
68 9 10.94
69 9 3.31
70 1 0.01
71 1 0.01
72 1 0.01
73 1 0.01
74 14 1.29
75 14 4.23
76 1 0.01
77 9 5.94
78 1 1.76
79 1 0.01
80 1 1.76
81 1 0.01
82 1 0.01
83 1 0.01
84 1 0.01
85 1 0.01
86 1 0.01
87 1 0.01
88 9 2.40
89 1 1.76
90 1 0.01
91 1 0.01
92 1 0.01
93 1 0.01
94 1 0.01
95 1 0.01
96 1 0.01
97 1 0.01
98 1 0.01
99 14 1.29
100 1 0.01
101 14 6.18
102 1 0.01
103 1 0.01
104 14 22.72
105 1 0.01
106 1 0.01
107 14 2.75
108 1 0.01
109 1 0.01
110 1 0.01
111 1 0.01
112 1 0.01
113 14 1.05
114 14 1.21
115 1 1.76
116 1 0.01
117 14 1.21
118 1 0.01
119 1 0.01
120 1 0.01
121 1 0.01
122 1 0.01
123 1 0.01
124 1 0.01
125 1 0.01
126 1 0.01
127 1 0.01
128 1 0.01
129 1 0.01
130 1 0.01
131 1 1.76
132 1 0.01
133 1 0.01
134 14 14.99
135 1 0.01
136 1 0.01
137 14 2.91
138 1 0.01
139 1 0.01
140 14 1.14
141 14 12.45
142 10 7.22
143 14 2.63
144 1 0.01
145 1 0.01
146 1 0.01
147 14 1.19
148 1 0.01
149 1 0.01
150 14 4.21
151 1 0.01
152 1 1.80
153 1 0.01
154 1 0.01
155 1 1.80
156 1 0.01
157 25 5.83
158 1 0.01
159 1 0.01
160 1 1.80
161 1 0.01
162 1 0.01
163 1 0.01
164 1 0.01
165 1 0.01
166 14 1.22
167 9 2.41
168 14 2.67
169 14 0.99
170 25 29.28
171 25 16.50
172 14 1.22
173 1 1.78
174 1 0.01
175 1 0.01
176 1 0.01
177 1 0.01
178 1 0.01
179 1 0.01
180 1 0.01
181 1 0.01
182 1 0.01
183 14 5.85
184 1 0.01
185 10 9.29
186 2 14.49
187 9 5.06
188 14 2.66
189 1 0.01
190 1 0.01
191 1 0.01
192 9 4.59
193 14 1.19
194 1 0.01
195 1 0.01
196 1 1.76
197 1 0.01
198 1 0.01
199 1 0.01
200 1 1.80
201 1 0.01
202 1 0.01
203 1 0.01
204 1 0.01
205 1 0.01
206 1 0.01
207 14 1.02
208 14 1.29
209 1 0.01
210 1 0.01
211 9 2.40
212 1 1.79
213 1 0.01
214 1 0.01
215 1 0.01
216 1 0.01
217 1 0.01
218 1 0.01
219 1 0.01
220 1 0.01
221 1 0.01
