1 1 0.01
2 1 1.83
3 1 0.01
4 1 0.01
5 1 0.01
6 1 1.86
7 1 0.01
8 1 0.01
9 1 0.01
10 1 0.01
11 1 1.84
12 1 0.01
13 1 0.01
14 1 0.01
15 1 0.01
16 1 0.01
17 1 1.84
18 25 7.51
19 25 10.14
20 25 5.90
21 1 1.83
22 1 0.01
23 1 0.01
24 1 0.01
25 1 0.01
26 25 2.25
27 25 1.24
28 1 0.01
29 1 0.01
30 1 0.01
31 1 0.01
32 1 0.01
33 1 0.01
34 1 1.85
35 1 0.01
36 1 0.01
37 1 0.01
38 1 0.01
39 1 0.01
40 1 0.01
41 1 0.01
42 1 0.01
43 1 0.01
44 1 0.01
45 1 0.01
46 1 1.84
47 1 0.01
48 1 0.01
49 1 0.01
50 1 0.01
51 1 0.01
52 1 0.01
53 1 0.01
54 7 2.43
55 1 1.83
56 1 0.01
57 1 0.01
58 1 0.01
59 1 0.01
60 25 1.24
61 1 0.01
62 1 0.01
63 1 0.01
64 1 0.01
