1 0 0 0 0 0 0 0 0 0 0 0 0 0 0 0 0 0 
2 0 0 0 0 0 0 0 0 0 0 0 0 0 0 0 0 0 
3 0 0 0 0 0 2 0 0 0 0 0 0 0 0 0 0 0 
4 0 0 0 0 0 0 0 0 0 0 0 0 0 0 0 0 0 
5 8 0 9 2 6 21 2 0 6 2 0 2 1 0 2 1 0 
6 0 0 0 0 0 1 0 0 0 0 0 0 0 0 0 0 0 
7 0 0 0 0 0 0 0 0 0 0 0 0 0 0 0 0 0 
8 2 0 0 2 0 13 2 0 6 2 0 2 1 0 2 1 0 
9 0 0 0 0 0 0 0 0 0 0 0 0 0 0 0 0 0 
10 0 0 0 0 0 0 0 0 0 0 0 0 0 0 0 0 0 
11 4 0 4 0 0 0 0 0 0 0 0 0 0 0 0 0 0 
12 0 1 0 0 0 1 1 0 0 0 0 0 0 0 0 0 0 
13 0 0 0 0 0 0 0 0 0 0 0 0 0 0 0 0 0 
14 0 0 0 0 0 0 0 0 0 0 0 0 0 0 0 0 0 
15 0 0 0 0 0 0 0 0 0 0 0 0 0 0 0 0 0 
16 1 0 0 0 0 3 0 0 3 0 0 0 0 0 0 0 0 
17 0 0 0 0 0 3 0 0 0 0 0 0 0 0 0 0 0 
18 0 0 0 0 0 0 0 0 0 0 0 0 0 0 0 0 0 
19 0 0 0 0 0 1 0 0 0 0 0 0 0 0 0 0 0 
20 0 0 0 0 0 0 0 0 0 0 0 0 0 0 0 0 0 
21 2 0 1 0 0 0 0 0 0 0 0 0 0 0 0 0 0 
22 0 0 0 0 0 0 0 0 0 0 0 0 0 0 0 0 0 
23 0 0 0 0 0 0 0 0 0 0 0 0 0 0 0 0 0 
24 0 0 0 0 0 0 0 0 0 0 0 0 0 0 0 0 0 
25 0 0 0 0 0 0 0 0 0 0 0 0 0 0 0 0 0 
26 0 0 0 0 0 0 0 0 0 0 0 0 0 0 0 0 0 
27 4 1 4 4 0 15 0 0 9 0 0 7 0 0 4 0 0 
28 2 1 1 2 0 14 2 0 10 0 0 5 1 0 3 0 0 
29 2 1 1 2 0 14 2 0 10 0 0 5 1 0 3 0 0 
30 2 1 1 2 0 14 2 0 10 0 0 5 1 0 3 0 0 
31 2 1 1 2 0 14 2 0 10 0 0 5 1 0 3 0 0 
32 2 1 1 2 0 14 2 0 10 0 0 5 1 0 3 0 0 
33 2 1 1 2 0 14 2 0 10 0 0 4 1 0 2 0 0 
34 2 1 1 1 0 7 2 0 3 0 0 3 1 0 1 0 0 
35 2 1 1 1 0 1 0 0 1 0 0 1 0 0 1 0 0 
36 2 1 1 1 0 1 0 0 1 0 0 0 0 0 0 0 0 
37 1 1 0 0 0 0 0 0 0 0 0 0 0 0 0 0 0 
38 0 0 0 0 0 0 0 0 0 0 0 0 0 0 0 0 0 
39 0 0 0 0 0 0 0 0 0 0 0 0 0 0 0 0 0 
40 0 0 0 0 0 0 0 0 0 0 0 0 0 0 0 0 0 
41 0 0 0 0 0 0 0 0 0 0 0 0 0 0 0 0 0 
