1 1 0.01
2 1 0.01
3 14 65.69
4 25 5.07
5 23 11.54
6 17 9.96
7 17 17.36
8 7 4.44
9 1 1.84
10 1 0.01
11 1 0.01
12 1 0.01
13 20 29.69
14 2 8.51
15 10 23.39
16 10 24.24
17 2 11.74
18 13 23.19
19 10 26.61
20 11 22.52
21 14 19.03
22 10 23.17
23 11 24.08
24 21 20.14
25 9 23.46
26 7 2.91
27 25 2.90
28 17 10.53
29 7 6.78
30 25 1.24
31 1 1.83
32 1 0.01
33 1 0.01
34 7 3.18
35 1 0.01
36 1 0.01
37 25 7.93
38 7 2.81
39 1 1.83
40 1 0.01
41 25 1.24
42 1 0.01
43 1 0.01
44 1 1.83
45 1 0.01
46 1 0.01
47 15 19.41
48 25 8.39
49 7 3.77
50 25 2.90
51 1 0.01
52 1 0.01
53 1 0.01
54 25 2.91
55 1 1.84
56 1 0.01
57 2 10.30
58 2 29.09
59 11 20.21
60 23 8.58
61 17 11.54
62 17 17.27
63 25 8.72
64 6 20.77
65 1 1.83
66 1 0.01
67 1 0.01
68 1 0.01
69 1 0.01
70 1 0.01
71 1 0.01
72 1 1.84
73 1 0.01
74 1 0.01
75 1 0.01
76 1 0.01
77 1 0.01
78 1 0.01
79 1 1.83
80 1 0.01
81 1 0.01
82 1 0.01
83 20 30.17
84 18 20.23
85 2 8.78
86 10 29.08
87 23 23.91
88 16 64.71
89 20 19.56
90 23 25.03
91 20 16.76
92 17 27.55
93 25 2.67
94 17 8.46
95 6 6.17
96 6 6.70
97 1 1.84
98 1 0.01
99 1 0.01
100 1 0.01
