1 1 0.01
2 1 0.01
3 1 0.01
4 16 21.05
5 16 33.04
6 14 32.90
7 20 22.86
8 20 29.90
9 14 22.11
10 21 65.48
11 23 28.93
12 25 1.50
13 18 31.86
14 7 11.58
15 25 3.56
16 7 4.34
17 1 0.01
18 1 1.86
19 1 0.01
20 13 26.01
21 8 71.08
22 13 58.91
23 20 58.08
24 13 35.78
25 20 32.67
26 14 37.19
27 25 18.95
28 14 16.26
29 7 19.78
30 25 5.90
31 1 0.01
32 2 9.53
33 1 0.01
34 1 0.01
35 20 26.53
36 9 23.64
37 10 16.34
38 20 25.47
39 5 51.56
40 9 16.92
41 10 18.88
42 23 9.67
43 17 11.46
44 17 13.47
45 25 9.72
46 6 17.70
47 1 1.84
48 1 0.01
49 1 0.01
50 1 0.01
51 1 0.01
52 1 0.01
53 7 4.42
54 7 4.88
55 1 1.84
56 1 0.01
57 1 0.01
58 1 0.01
59 1 0.01
