1 1 0.01
2 1 0.01
3 1 0.01
4 1 0.01
5 1 0.01
6 1 0.01
7 1 0.01
8 1 0.01
9 1 0.01
10 1 0.01
11 1 0.01
12 9 7.27
13 1 0.01
14 1 1.80
15 14 2.86
16 1 0.01
17 1 0.01
18 3 33.02
19 18 45.97
20 2 8.19
21 11 14.94
22 9 2.33
23 10 9.17
24 2 10.54
25 9 4.99
26 14 2.84
27 1 0.01
28 1 0.01
29 1 0.01
30 1 0.01
31 2 11.75
32 9 2.41
33 1 3.77
34 1 0.01
35 1 0.01
36 14 0.99
37 1 0.01
38 14 1.02
39 1 0.01
40 9 4.26
41 1 0.01
42 1 0.01
43 9 2.33
44 1 1.76
45 1 0.01
46 1 0.01
47 1 0.01
48 1 0.01
49 1 0.01
50 1 0.01
51 1 0.01
52 1 0.01
53 14 1.22
54 1 0.01
55 1 0.01
56 1 0.01
57 1 0.01
58 1 0.01
59 1 0.01
60 1 0.01
61 1 0.01
62 1 0.01
63 1 0.01
64 1 0.01
65 25 14.92
66 1 1.78
67 1 0.01
68 1 0.01
69 1 0.01
70 1 0.01
71 1 0.01
72 1 1.79
73 1 0.01
74 1 0.01
75 1 0.01
76 1 0.01
77 1 0.01
78 1 1.79
79 1 0.01
80 1 0.01
81 1 0.01
82 1 0.01
83 1 0.01
84 1 0.01
85 9 6.44
86 2 28.74
87 11 13.28
88 11 12.25
89 1 5.78
90 14 2.11
91 9 4.56
92 9 3.57
93 1 0.01
94 1 0.01
95 1 0.01
96 1 0.01
97 1 0.01
98 1 0.01
99 1 0.01
100 1 0.01
101 1 0.01
102 1 0.01
103 1 1.76
104 1 0.01
105 1 0.01
106 1 1.79
107 1 0.01
108 1 0.01
109 1 0.01
110 1 1.80
111 1 0.01
112 1 1.78
113 1 0.01
114 1 0.01
115 1 0.01
116 1 0.01
117 1 0.01
118 1 0.01
119 1 0.01
