1 1 1.84
2 1 0.01
3 1 0.01
4 1 0.01
5 1 0.01
6 1 1.84
7 1 1.87
8 1 0.01
9 1 0.01
10 1 0.01
11 1 0.01
12 1 0.01
13 1 1.85
14 7 3.17
15 1 0.01
16 1 1.83
17 1 0.01
18 1 0.01
19 1 0.01
20 1 0.01
21 1 1.84
22 1 0.01
23 1 0.01
24 1 0.01
25 1 0.01
26 1 0.01
27 1 0.01
28 1 0.01
29 1 1.85
30 7 3.20
31 1 1.83
32 1 0.01
33 25 4.97
34 1 1.83
35 1 0.01
36 1 0.01
37 1 1.83
38 1 1.84
39 1 0.01
40 1 0.01
41 15 4.13
42 1 0.01
43 1 0.01
44 1 0.01
45 1 0.01
46 1 0.01
47 1 0.01
48 1 0.01
49 1 0.01
50 25 5.06
51 6 2.59
52 1 0.01
53 1 0.01
54 1 0.01
55 1 0.01
56 1 0.01
57 1 0.01
