1 1 0.01
2 1 0.01
3 1 0.01
4 1 0.01
5 1 0.01
6 1 0.01
7 1 0.01
8 1 0.01
9 1 0.01
10 1 0.01
11 1 0.01
12 1 0.01
13 1 0.01
14 1 0.01
15 1 0.01
16 1 0.01
17 1 1.80
18 1 0.01
19 1 0.01
20 1 0.01
21 14 1.05
22 25 15.54
23 14 2.64
24 1 0.01
25 1 0.01
26 1 0.01
27 1 0.01
28 1 0.01
29 14 2.86
30 1 1.78
31 1 0.01
32 14 1.02
33 1 0.01
34 1 0.01
35 1 1.76
36 1 0.01
37 9 2.54
38 1 1.76
39 1 0.01
40 1 0.01
41 1 0.01
42 1 0.01
43 1 0.01
44 1 0.01
45 1 1.80
46 14 1.19
47 14 1.05
48 1 0.01
49 14 2.64
50 1 0.01
51 1 0.01
52 1 0.01
53 1 0.01
54 1 0.01
55 1 0.01
56 1 0.01
57 9 3.31
58 1 0.01
59 1 0.01
60 1 0.01
61 1 0.01
62 1 0.01
63 1 0.01
64 1 0.01
65 9 4.56
66 9 3.82
67 1 0.01
68 1 0.01
69 1 0.01
70 1 1.78
71 1 0.01
72 1 0.01
73 1 0.01
74 1 1.76
75 1 0.01
76 1 0.01
77 1 0.01
78 1 0.01
79 1 0.01
80 1 0.01
81 1 0.01
82 1 1.79
83 1 0.01
84 1 0.01
85 1 1.78
86 1 0.01
87 1 0.01
88 1 0.01
