#pdb lig overlap PP-crit PP-dst crit4 crit5 crit6 crit6_continue lig_vol pock_vol nb_AS nb_AS_norm mean_as_ray mean_as_solv_acc apol_as_prop apol_as_prop_norm mean_loc_hyd_dens mean_loc_hyd_dens_norm hydrophobicity_score volume_score polarity_score polarity_score_norm charge_score flex prop_polar_atm as_density as_density_norm as_max_dst as_max_dst_norm drug_score pock_asa pock_pol_asa pock_apol_asa ALA ARG ASN ASP CYS GLN GLU GLY HIS ILE LEU LYS MET PHE PRO SER THR TRP TYR VAL
1ie9_unbound.pdb PEP  30.30  1   2.78 1.00 0.46  1  1.33   968.53     327.06    50 0.31   3.52   0.46  0.88 0.88   39.41 0.42     31.75    3.42     5  0.50     0   0.17   28.12  4.06  0.62 11.30  0.69  0.04 162.30 34.29 128.01   1   0   0   1   0   0   0   4   1   2   0   0   0   0   0   1   0   2   0   0
1ie9_unbound.pdb PEP  12.12  0   7.25 0.12 0.03  0 -0.97   968.53     783.53    36 0.22   4.26   0.69  0.28 0.28    8.20 0.09     47.25    3.88     3  0.30     0   0.05   29.63  4.32  0.66 10.01  0.62  0.06 245.19 82.16 163.03   0   0   1   0   1   0   0   0   0   1   0   0   1   1   0   1   1   0   0   1
1ie9_unbound.pdb PEP   6.06  0  10.95 0.00 0.00  0 -1.25   968.53     977.99    67 0.42   4.41   0.62  0.28 0.28   16.32 0.17      2.43    4.07     9  0.90     0   0.31   51.22  5.51  0.84 12.43  0.76  0.02 440.46 275.01 165.45   0   0   0   2   1   1   0   0   1   0   0   1   1   0   3   2   0   2   0   0
1ie9_unbound.pdb PEP   0.00  0  13.32 0.00 0.00  0 -1.25   968.53     152.94    41 0.25   3.40   0.43  0.73 0.73   28.80 0.30     35.00    5.00     7  0.70    -1   0.05   24.00  2.49  0.37  6.72  0.43  0.06 39.51 16.40 23.10   0   0   0   0   1   0   2   0   1   0   1   0   0   0   1   0   1   3   0   0
1ie9_unbound.pdb PEP   0.00  0  16.62 0.00 0.00  0 -1.25   968.53     834.70   158 1.00   3.99   0.52  0.86 0.86   94.91 1.00     53.03    4.30    10  1.00    -1   0.08   18.92  6.53  1.00 16.79  1.00  0.95 400.60 58.52 342.08   2   1   0   0   2   0   2   2   0   7   1   0   0   1   1   3   0   3   1   4
1ie9_unbound.pdb PEP   0.00  0  16.81 0.00 0.00  0 -1.25   968.53     537.54    48 0.30   3.87   0.56  0.48 0.48   21.91 0.23     -1.56    3.11     3  0.30    -1   0.49   46.67  3.43  0.52  7.56  0.48  0.01 225.40 151.73 73.67   0   0   1   1   0   1   0   2   0   0   1   0   1   0   2   0   0   0   0   0
1ie9_unbound.pdb PEP   0.00  0  19.40 0.00 0.00  0 -1.25   968.53     441.47    57 0.36   3.97   0.54  0.16 0.16    8.00 0.08      9.00    3.23     5  0.50     0   0.23   54.84  3.92  0.60  8.70  0.55  0.01 237.70 120.56 117.14   1   1   1   1   0   0   0   2   0   1   0   0   0   1   2   2   0   0   0   1
1ie9_unbound.pdb PEP   0.00  0  23.08 0.00 0.00  0 -1.25   968.53     724.71    41 0.25   4.16   0.62  0.54 0.54   20.73 0.22     26.40    4.70     7  0.70     0   0.30   42.86  4.02  0.61  9.41  0.59  0.04 292.84 71.81 221.03   0   1   0   2   0   1   0   0   1   2   0   0   0   1   0   1   0   1   0   0
1ie9_unbound.pdb PEP   0.00  0  24.18 0.00 0.00  0 -1.25   968.53     567.18    79 0.50   4.02   0.57  0.39 0.39   25.42 0.27     23.58    4.58     7  0.70    -1   0.14   39.53  4.06  0.62 10.55  0.65  0.03 240.73 146.54 94.19   0   0   0   2   0   0   2   0   1   4   1   2   0   0   0   0   0   0   0   0
