1 25 4.68
2 1 0.01
3 1 1.83
4 1 1.85
5 1 0.01
6 25 13.92
7 25 3.53
8 1 1.85
9 1 0.01
10 1 0.01
11 1 0.01
12 1 0.01
13 1 1.86
14 1 0.01
15 1 0.01
16 25 2.90
17 1 1.87
18 1 0.01
19 1 1.83
20 1 0.01
21 1 0.01
22 1 0.01
23 1 0.01
24 1 0.01
25 1 0.01
26 1 0.01
27 1 0.01
28 1 0.01
29 1 0.01
30 1 0.01
31 1 0.01
32 1 0.01
33 1 1.84
34 1 0.01
35 1 0.01
36 1 1.83
37 1 0.01
38 1 0.01
39 1 0.01
40 1 0.01
41 1 0.01
42 1 0.01
43 1 0.01
44 1 0.01
45 1 0.01
46 1 0.01
47 25 3.17
48 1 0.01
49 1 0.01
50 13 23.38
51 8 54.12
52 9 23.64
53 10 16.34
54 20 24.60
55 5 51.77
56 18 20.38
57 20 27.69
58 23 11.41
59 23 26.70
60 14 13.72
61 17 13.19
62 17 10.69
63 7 4.42
64 7 2.72
65 1 1.83
66 1 0.01
67 1 0.01
68 1 0.01
69 25 1.24
70 25 6.49
71 7 4.81
72 7 2.89
73 1 0.01
74 1 0.01
75 1 0.01
76 1 0.01
77 1 1.87
78 1 0.01
79 1 0.01
80 1 0.01
81 1 0.01
82 1 0.01
83 1 0.01
84 1 0.01
85 1 0.01
86 1 0.01
87 1 0.01
88 1 0.01
89 1 0.01
90 1 0.01
91 1 0.01
92 1 0.01
93 7 7.08
94 1 0.01
95 25 6.59
96 1 2.00
97 14 46.23
98 9 36.62
99 25 3.98
100 17 7.57
101 2 23.51
102 7 4.30
103 25 2.99
104 1 0.01
105 1 0.01
106 25 3.62
107 1 0.01
108 1 0.01
109 1 1.84
110 1 0.01
111 1 0.01
112 25 4.68
113 1 0.01
114 1 0.01
115 1 0.01
116 1 0.01
117 1 0.01
118 1 0.01
119 22 38.52
120 9 13.95
121 14 23.04
122 14 17.30
123 21 16.68
124 21 30.76
125 10 21.47
126 18 25.60
127 7 5.62
128 2 9.28
129 10 55.45
130 21 24.49
131 11 23.09
132 5 29.85
133 23 21.14
134 17 14.11
135 23 12.85
136 6 7.73
137 6 11.03
138 1 1.83
139 1 0.01
140 1 0.01
141 1 0.01
142 1 0.01
143 1 1.84
144 17 13.65
145 7 7.49
146 7 4.33
147 1 0.01
148 6 5.21
149 6 6.77
150 1 0.01
151 1 0.01
152 1 0.01
153 1 0.01
154 1 0.01
155 7 5.88
156 1 0.01
157 25 1.24
158 1 0.01
159 1 0.01
160 1 0.01
161 1 0.01
162 1 0.01
163 1 0.01
164 25 5.56
165 7 2.28
166 1 1.83
167 1 0.01
168 1 0.01
169 1 0.01
170 1 0.01
171 1 1.86
172 1 0.01
173 1 0.01
174 1 0.01
175 1 1.84
176 1 0.01
177 1 0.01
178 1 0.01
179 1 0.01
180 1 0.01
181 1 0.01
182 25 6.05
183 25 5.06
184 6 2.59
185 25 10.27
186 7 7.18
187 1 0.01
188 2 16.61
189 25 8.51
190 7 13.92
191 1 1.86
192 1 0.01
193 1 0.01
194 1 0.01
195 1 0.01
196 1 0.01
197 2 17.78
198 24 97.92
199 10 34.56
200 10 31.55
201 10 37.42
202 10 46.29
203 12 53.53
204 11 21.14
205 5 43.92
206 21 20.02
207 21 21.67
208 23 17.92
209 17 11.33
210 17 15.70
211 17 12.90
212 15 15.17
213 7 2.90
214 1 0.01
215 1 1.83
216 1 0.01
217 1 0.01
218 1 0.01
219 7 3.20
220 1 0.01
221 1 1.83
222 1 0.01
223 1 0.01
224 1 0.01
225 10 19.45
226 20 17.70
227 14 12.01
228 2 24.75
229 23 22.72
230 25 2.67
231 17 16.04
232 7 14.80
233 1 1.84
234 1 0.01
235 1 0.01
236 1 0.01
237 1 0.01
238 1 0.01
239 1 0.01
240 1 0.01
241 15 19.60
242 1 1.84
243 1 0.01
244 1 0.01
245 17 17.49
246 10 30.97
247 16 48.58
248 2 9.00
249 23 11.19
250 14 24.35
251 25 2.63
252 17 9.76
253 17 15.63
254 7 4.90
255 1 1.84
256 1 0.01
257 1 0.01
258 25 6.15
259 7 2.84
260 25 6.19
261 25 4.68
262 1 0.01
263 1 0.01
264 1 0.01
265 1 0.01
266 14 26.21
267 21 21.21
268 17 16.28
269 25 2.62
270 17 16.39
271 6 3.28
272 7 6.76
273 1 0.01
274 6 6.20
275 1 0.01
276 1 0.01
277 1 0.01
278 1 0.01
279 25 6.74
280 1 0.01
281 25 5.41
282 6 3.31
283 1 0.01
284 1 0.01
285 1 0.01
286 17 9.56
287 7 5.13
288 1 1.84
289 1 0.01
290 25 6.25
291 1 0.01
292 1 1.85
293 1 0.01
294 1 0.01
