1 1 0.01
2 1 0.01
3 1 0.01
4 25 9.86
5 25 8.20
6 6 6.70
7 1 1.84
8 1 0.01
9 1 0.01
10 17 17.49
11 20 24.43
12 18 31.93
13 2 8.56
14 16 39.50
15 20 17.99
16 9 17.99
17 14 13.11
18 14 46.12
19 23 19.10
20 2 10.98
21 6 18.21
22 7 13.64
23 1 1.84
24 1 0.01
25 1 0.01
26 25 5.90
27 1 0.01
28 1 0.01
29 1 0.01
30 1 0.01
31 7 3.22
32 1 0.01
33 7 3.52
34 1 0.01
35 7 2.65
36 1 1.84
37 25 2.82
38 25 1.24
39 1 0.01
40 15 10.50
41 1 0.01
42 1 0.01
43 1 0.01
44 1 1.84
45 1 0.01
46 1 0.01
47 1 0.01
48 1 0.01
49 1 0.01
50 1 0.01
51 1 0.01
52 1 0.01
53 1 0.01
54 25 3.17
55 1 0.01
56 1 0.01
57 1 0.01
58 22 45.17
59 9 21.50
60 20 27.12
61 14 22.01
62 21 13.18
63 23 16.51
64 25 1.50
65 17 11.62
66 6 7.74
67 15 19.15
68 1 1.84
69 1 0.01
70 1 0.01
71 1 0.01
72 1 0.01
73 1 1.83
74 1 0.01
75 1 0.01
76 1 0.01
77 1 0.01
78 1 0.01
79 1 0.01
80 1 0.01
81 1 0.01
82 1 3.69
83 1 0.01
84 1 0.01
85 1 0.01
86 1 0.01
87 1 0.01
88 1 0.01
89 25 3.17
90 1 0.01
91 1 0.01
92 1 0.01
93 14 13.61
94 23 19.66
95 25 2.22
96 2 10.98
97 6 3.12
98 7 6.22
99 1 0.01
100 1 0.01
101 1 0.01
102 1 0.01
103 15 4.38
104 1 0.01
105 25 3.65
106 1 0.01
107 1 0.01
108 1 0.01
109 1 0.01
110 1 0.01
111 1 0.01
112 1 0.01
113 1 0.01
114 2 11.63
115 25 1.52
116 7 6.73
117 25 1.24
118 1 1.83
119 1 0.01
120 1 0.01
121 1 0.01
