667 0 0 0 0 0 0 0 0 0 0 0 0 0 0 0 0 0 
668 0 0 0 0 0 0 0 0 0 0 0 0 0 0 0 0 0 
669 0 0 0 0 0 1 0 0 0 0 0 0 0 0 0 0 0 
670 0 0 0 0 0 0 0 0 0 0 0 0 0 0 0 0 0 
671 0 0 0 0 0 3 0 0 0 0 0 0 0 0 0 0 0 
672 0 0 0 0 0 0 0 0 0 0 0 0 0 0 0 0 0 
673 0 0 0 0 0 1 0 0 0 0 0 0 0 0 0 0 0 
674 0 0 0 0 0 0 0 0 0 0 0 0 0 0 0 0 0 
675 0 0 0 0 0 2 0 0 0 0 0 0 0 0 0 0 0 
676 1 0 0 1 0 4 0 0 4 0 0 0 0 0 0 0 0 
677 2 1 0 1 0 20 1 0 2 1 0 0 0 0 0 0 0 
678 1 0 0 0 0 0 0 0 0 0 0 0 0 0 0 0 0 
679 0 0 0 0 0 0 0 0 0 0 0 0 0 0 0 0 0 
680 0 0 0 0 0 0 0 0 0 0 0 0 0 0 0 0 0 
681 0 0 0 0 0 0 0 0 0 0 0 0 0 0 0 0 0 
682 0 0 0 0 0 6 0 0 0 0 0 0 0 0 0 0 0 
683 0 0 0 0 0 2 0 0 0 0 0 0 0 0 0 0 0 
684 0 0 0 0 0 0 0 0 0 0 0 0 0 0 0 0 0 
685 1 1 0 0 0 2 0 0 1 0 0 0 0 0 0 0 0 
686 0 0 0 0 0 0 0 0 0 0 0 0 0 0 0 0 0 
687 1 0 0 1 0 4 1 0 1 1 0 0 0 0 0 0 0 
688 0 0 0 0 0 0 0 0 0 0 0 0 0 0 0 0 0 
689 2 1 1 1 0 20 1 0 4 1 0 0 0 0 0 0 0 
690 0 0 0 0 0 6 0 0 0 0 0 0 0 0 0 0 0 
691 2 0 1 0 0 0 0 0 0 0 0 0 0 0 0 0 0 
692 0 0 0 0 0 0 0 0 0 0 0 0 0 0 0 0 0 
693 0 0 0 0 0 0 0 0 0 0 0 0 0 0 0 0 0 
694 0 0 0 0 0 0 0 0 0 0 0 0 0 0 0 0 0 
695 0 0 0 0 0 0 0 0 0 0 0 0 0 0 0 0 0 
696 0 0 0 0 0 2 0 0 0 0 0 0 0 0 0 0 0 
697 1 0 0 0 0 2 0 0 2 0 0 0 0 0 0 0 0 
698 1 0 0 0 0 2 0 0 0 0 0 0 0 0 0 0 0 
699 0 0 0 0 0 0 0 0 0 0 0 0 0 0 0 0 0 
700 0 0 0 0 0 0 0 0 0 0 0 0 0 0 0 0 0 
701 0 0 0 0 0 0 0 0 0 0 0 0 0 0 0 0 0 
702 0 1 0 0 0 2 2 0 0 0 0 1 1 0 0 0 0 
703 0 0 0 0 0 0 0 0 0 0 0 0 0 0 0 0 0 
704 2 0 1 1 0 4 1 0 3 1 0 1 1 0 1 1 0 
705 1 0 0 1 0 0 0 0 0 0 0 0 0 0 0 0 0 
706 2 1 1 1 0 4 0 0 4 0 0 2 0 0 2 0 0 
707 2 1 1 1 0 5 1 0 4 0 0 0 0 0 0 0 0 
708 0 1 0 0 0 2 2 0 0 0 0 1 1 0 0 0 0 
709 0 0 0 0 0 0 0 0 0 0 0 0 0 0 0 0 0 
710 1 0 0 0 0 1 0 0 1 0 0 0 0 0 0 0 0 
711 0 1 0 0 0 2 2 0 0 0 0 0 0 0 0 0 0 
712 0 0 0 0 0 0 0 0 0 0 0 0 0 0 0 0 0 
713 0 0 0 0 0 0 0 0 0 0 0 0 0 0 0 0 0 
714 0 2 0 0 0 2 1 0 0 0 0 0 0 0 0 0 0 
715 0 1 0 0 0 1 1 0 0 0 0 0 0 0 0 0 0 
716 0 0 0 0 0 0 0 0 0 0 0 0 0 0 0 0 0 
717 0 0 0 0 0 2 0 0 0 0 0 0 0 0 0 0 0 
718 0 0 0 0 0 1 0 0 0 0 0 0 0 0 0 0 0 
719 0 0 0 0 0 0 0 0 0 0 0 0 0 0 0 0 0 
720 1 0 0 0 0 5 0 0 1 0 0 0 0 0 0 0 0 
721 0 0 0 0 0 2 0 0 0 0 0 0 0 0 0 0 0 
722 1 0 0 1 0 2 1 0 2 1 0 0 0 0 0 0 0 
723 1 0 0 0 0 1 0 0 0 0 0 0 0 0 0 0 0 
724 0 0 0 0 0 0 0 0 0 0 0 0 0 0 0 0 0 
725 0 0 0 0 0 0 0 0 0 0 0 0 0 0 0 0 0 
726 1 0 0 0 0 1 0 0 1 0 0 0 0 0 0 0 0 
727 0 1 0 0 0 1 1 0 0 0 0 0 0 0 0 0 0 
728 0 0 0 0 0 0 0 0 0 0 0 0 0 0 0 0 0 
729 0 0 0 0 0 0 0 0 0 0 0 0 0 0 0 0 0 
730 0 0 0 0 0 0 0 0 0 0 0 0 0 0 0 0 0 
731 2 1 1 2 0 14 2 0 10 0 0 4 1 0 2 0 0 
732 1 2 0 1 0 14 2 0 6 0 0 5 1 0 2 0 0 
733 1 0 0 1 0 4 0 0 4 0 0 1 0 0 1 0 0 
734 2 1 1 2 0 9 2 0 5 0 0 5 1 0 2 0 0 
735 2 1 1 2 0 10 1 0 8 0 0 6 1 0 4 0 0 
736 2 2 1 2 0 2 1 0 0 0 0 1 0 0 0 0 0 
737 2 1 1 2 0 2 2 0 2 2 0 2 2 0 2 2 0 
738 1 0 0 2 0 0 0 0 0 0 0 0 0 0 0 0 0 
739 2 0 1 0 0 0 0 0 0 0 0 0 0 0 0 0 0 
740 0 0 0 0 0 0 0 0 0 0 0 0 0 0 0 0 0 
741 0 0 0 0 0 0 0 0 0 0 0 0 0 0 0 0 0 
742 0 0 0 0 0 0 0 0 0 0 0 0 0 0 0 0 0 
743 0 0 0 0 0 0 0 0 0 0 0 0 0 0 0 0 0 
744 0 0 0 0 0 0 0 0 0 0 0 0 0 0 0 0 0 
745 0 0 0 0 0 0 0 0 0 0 0 0 0 0 0 0 0 
746 0 0 0 0 0 0 0 0 0 0 0 0 0 0 0 0 0 
747 0 0 0 0 0 0 0 0 0 0 0 0 0 0 0 0 0 
748 0 0 0 0 0 0 0 0 0 0 0 0 0 0 0 0 0 
749 0 0 0 0 0 0 0 0 0 0 0 0 0 0 0 0 0 
750 0 0 0 0 0 0 0 0 0 0 0 0 0 0 0 0 0 
751 0 0 0 0 0 0 0 0 0 0 0 0 0 0 0 0 0 
752 0 0 0 0 0 0 0 0 0 0 0 0 0 0 0 0 0 
753 0 0 0 0 0 0 0 0 0 0 0 0 0 0 0 0 0 
754 1 0 0 0 0 0 0 0 0 0 0 0 0 0 0 0 0 
755 0 0 0 0 0 0 0 0 0 0 0 0 0 0 0 0 0 
756 0 0 0 0 0 0 0 0 0 0 0 0 0 0 0 0 0 
757 0 0 0 0 0 0 0 0 0 0 0 0 0 0 0 0 0 
758 0 0 0 0 0 0 0 0 0 0 0 0 0 0 0 0 0 
759 0 0 0 0 0 0 0 0 0 0 0 0 0 0 0 0 0 
760 0 0 0 0 0 0 0 0 0 0 0 0 0 0 0 0 0 
761 0 0 0 0 0 0 0 0 0 0 0 0 0 0 0 0 0 
