1 1 0.01
2 14 21.74
3 1 0.01
4 1 1.76
5 1 0.01
6 1 0.01
7 1 0.01
8 1 1.76
9 1 1.80
10 1 0.01
11 14 1.28
12 1 0.01
13 1 0.01
14 1 1.76
15 1 0.01
16 1 0.01
17 1 0.01
18 1 0.01
19 1 0.01
20 1 1.78
21 1 0.01
22 1 0.01
23 1 1.80
24 14 2.60
25 1 0.01
26 1 0.01
27 1 0.01
28 8 38.14
29 14 2.85
30 25 15.82
31 11 22.36
32 17 16.85
33 11 17.37
34 9 6.04
35 2 14.20
36 14 8.69
37 1 1.79
38 1 0.01
39 1 0.01
40 1 1.76
41 14 0.99
42 1 0.01
43 1 0.01
44 1 0.01
45 1 2.00
46 1 0.01
47 9 8.24
48 14 8.92
49 1 1.79
50 1 0.01
51 1 1.76
52 1 0.01
53 14 1.21
54 1 0.01
55 9 2.33
56 14 4.41
57 1 0.01
58 14 0.99
59 1 0.01
60 1 0.01
61 1 0.01
62 14 1.02
63 1 0.01
64 10 10.59
65 6 16.77
66 14 1.28
67 1 1.78
68 1 0.01
69 1 0.01
70 1 1.76
71 14 1.28
72 1 0.01
73 1 0.01
74 1 0.01
75 9 4.56
76 25 9.19
77 1 0.01
78 1 0.01
79 1 0.01
80 1 0.01
81 1 0.01
82 9 2.77
83 1 1.78
84 14 1.21
85 1 0.01
86 1 1.80
87 14 1.14
88 1 0.01
89 1 0.01
90 1 1.78
91 25 61.64
92 1 0.01
93 14 4.40
94 1 0.01
95 1 1.79
96 1 0.01
97 1 1.80
98 1 0.01
99 14 2.60
100 1 0.01
101 9 3.18
102 1 1.79
103 14 1.22
104 1 0.01
105 1 0.01
106 1 0.01
107 1 0.01
108 1 0.01
109 1 0.01
110 1 0.01
111 1 0.01
112 1 1.79
113 1 0.01
114 14 1.19
115 1 0.01
116 1 1.80
117 1 0.01
118 14 8.77
119 14 2.05
120 9 6.44
121 9 6.28
122 1 1.76
123 1 0.01
124 1 0.01
125 1 0.01
126 1 0.01
127 1 0.01
128 1 0.01
129 1 0.01
130 1 0.01
131 1 0.01
132 1 0.01
133 1 0.01
134 17 27.30
135 14 1.28
136 9 2.98
137 2 16.46
138 17 11.16
139 1 2.00
140 1 0.01
141 9 4.51
142 9 3.82
143 1 0.01
144 1 0.01
145 1 0.01
146 14 5.83
147 1 0.01
148 1 1.76
149 1 0.01
150 1 0.01
151 1 0.01
152 1 0.01
153 1 0.01
154 1 1.76
155 1 0.01
156 1 1.80
157 1 0.01
158 1 0.01
159 1 0.01
160 1 0.01
161 1 0.01
162 1 1.76
163 1 0.01
164 1 0.01
