670 1 0 0 1 0 4 0 0 4 0 0 1 0 0 1 0 0 
671 2 1 1 2 0 10 1 0 8 0 0 3 0 0 3 0 0 
672 2 1 1 2 0 14 2 0 10 0 0 4 1 0 2 0 0 
673 1 2 0 1 0 14 2 0 6 0 0 5 1 0 2 0 0 
674 1 0 0 1 0 2 0 0 2 0 0 0 0 0 0 0 0 
675 2 1 1 1 0 4 1 0 2 0 0 3 1 0 1 0 0 
676 2 1 1 1 0 1 0 0 1 0 0 1 0 0 1 0 0 
677 2 1 1 0 0 2 0 0 2 0 0 0 0 0 0 0 0 
678 0 1 0 0 0 1 1 0 0 0 0 0 0 0 0 0 0 
679 0 0 0 0 0 0 0 0 0 0 0 0 0 0 0 0 0 
680 0 0 0 0 0 0 0 0 0 0 0 0 0 0 0 0 0 
681 0 0 0 0 0 0 0 0 0 0 0 0 0 0 0 0 0 
682 0 0 0 0 0 0 0 0 0 0 0 0 0 0 0 0 0 
683 0 0 0 0 0 0 0 0 0 0 0 0 0 0 0 0 0 
684 0 0 0 0 0 0 0 0 0 0 0 0 0 0 0 0 0 
685 0 0 0 0 0 0 0 0 0 0 0 0 0 0 0 0 0 
686 0 0 0 0 0 6 0 0 0 0 0 0 0 0 0 0 0 
687 1 0 0 1 0 1 1 0 1 1 0 0 0 0 0 0 0 
688 1 0 0 1 0 3 1 0 3 1 0 0 0 0 0 0 0 
689 2 0 1 1 0 21 0 0 4 0 0 0 0 0 0 0 0 
690 2 0 1 0 0 2 0 0 0 0 0 0 0 0 0 0 0 
691 0 0 0 0 0 7 0 0 0 0 0 0 0 0 0 0 0 
692 0 0 0 0 0 0 0 0 0 0 0 0 0 0 0 0 0 
693 0 0 0 0 0 0 0 0 0 0 0 0 0 0 0 0 0 
694 0 0 0 0 0 0 0 0 0 0 0 0 0 0 0 0 0 
695 0 0 0 0 0 0 0 0 0 0 0 0 0 0 0 0 0 
696 1 2 0 1 0 13 1 0 4 0 0 2 0 0 1 0 0 
697 0 1 0 0 0 9 0 0 0 0 0 1 0 0 0 0 0 
698 0 1 0 0 0 6 0 0 0 0 0 1 0 0 0 0 0 
699 1 0 0 1 0 4 0 0 4 0 0 1 0 0 1 0 0 
700 2 1 1 2 0 14 2 0 10 0 0 5 1 0 3 0 0 
701 2 1 1 3 0 27 2 0 21 0 0 6 1 0 4 0 0 
702 3 1 2 3 0 23 3 0 12 0 0 5 1 0 3 0 0 
703 2 1 1 2 0 14 2 0 10 0 0 5 1 0 3 0 0 
704 2 1 1 2 0 22 2 0 14 0 0 5 1 0 3 0 0 
705 3 1 1 2 0 34 2 0 20 0 0 5 1 0 3 0 0 
706 2 1 1 2 0 22 4 0 14 0 0 5 1 0 3 0 0 
707 2 1 1 2 0 14 2 0 10 0 0 5 1 0 3 0 0 
708 2 1 1 2 0 22 2 0 14 0 0 5 1 0 3 0 0 
709 3 1 1 3 0 58 2 0 14 0 0 6 1 0 4 0 0 
710 2 1 1 2 0 14 2 0 10 0 0 5 1 0 3 0 0 
711 2 1 1 2 0 14 2 0 10 0 0 4 1 0 2 0 0 
712 2 1 1 1 0 12 2 0 8 0 0 4 1 0 2 0 0 
713 2 1 1 1 0 8 1 0 6 0 0 3 0 0 3 0 0 
714 2 1 1 2 0 14 1 0 12 0 0 4 0 0 3 0 0 
715 1 2 0 2 0 14 3 0 4 0 0 4 1 0 0 0 0 
716 0 1 0 0 0 2 0 0 0 0 0 0 0 0 0 0 0 
717 1 0 0 2 0 0 0 0 0 0 0 0 0 0 0 0 0 
718 3 0 0 1 3 16 0 0 4 0 0 0 0 0 0 0 0 
719 2 0 1 0 0 2 0 0 0 0 0 0 0 0 0 0 0 
720 0 0 0 0 0 2 0 0 0 0 0 0 0 0 0 0 0 
721 0 0 0 0 0 0 0 0 0 0 0 0 0 0 0 0 0 
722 1 0 0 1 0 6 3 0 6 3 0 1 1 0 1 1 0 
723 1 0 0 1 0 14 0 0 2 0 0 1 0 0 1 0 0 
724 1 0 0 2 0 0 0 0 0 0 0 0 0 0 0 0 0 
725 2 0 1 0 0 0 0 0 0 0 0 0 0 0 0 0 0 
726 0 0 0 0 0 0 0 0 0 0 0 0 0 0 0 0 0 
727 0 0 0 0 0 0 0 0 0 0 0 0 0 0 0 0 0 
728 1 0 0 2 0 8 4 0 8 4 0 1 1 0 1 1 0 
729 5 0 6 3 0 40 3 0 19 3 0 5 0 0 4 0 0 
730 1 2 0 1 0 10 1 0 4 0 0 3 0 0 2 0 0 
731 1 0 0 1 0 8 0 0 8 0 0 1 0 0 1 0 0 
732 2 2 0 1 0 38 2 0 6 0 0 5 1 0 2 0 0 
733 1 0 0 1 0 4 0 0 4 0 0 1 0 0 1 0 0 
734 2 1 1 2 0 14 2 0 10 0 0 3 1 0 1 0 0 
735 2 1 1 1 0 7 2 0 3 0 0 3 1 0 1 0 0 
736 2 1 1 1 0 10 0 0 10 0 0 2 0 0 2 0 0 
737 2 1 1 1 0 20 3 0 14 0 0 1 0 0 1 0 0 
738 0 1 0 0 0 18 3 0 0 0 0 1 1 0 0 0 0 
739 0 0 0 0 0 0 0 0 0 0 0 0 0 0 0 0 0 
740 2 1 1 2 0 22 2 0 10 0 0 4 1 0 2 0 0 
741 2 1 1 1 0 12 2 0 8 0 0 5 1 0 3 0 0 
742 2 1 1 2 0 10 1 0 8 0 0 3 0 0 3 0 0 
743 2 1 1 2 0 14 2 0 10 0 0 4 1 0 2 0 0 
744 1 2 0 1 0 14 2 0 6 0 0 5 1 0 2 0 0 
745 1 0 0 1 0 4 0 0 4 0 0 1 0 0 1 0 0 
746 2 1 1 2 0 19 2 0 15 0 0 5 1 0 3 0 0 
747 2 1 1 2 0 18 3 0 12 0 0 4 1 0 2 0 0 
748 2 1 1 1 0 22 2 0 18 0 0 5 1 0 3 0 0 
749 2 1 1 2 0 30 3 0 21 0 0 2 0 0 2 0 0 
750 2 2 1 1 0 36 5 0 10 0 0 3 1 0 1 0 0 
751 1 2 0 0 0 6 1 0 2 0 0 0 0 0 0 0 0 
752 3 1 3 0 0 8 0 0 0 0 0 0 0 0 0 0 0 
753 0 4 0 0 0 15 3 0 0 0 0 2 1 0 0 0 0 
754 0 0 0 0 0 2 0 0 0 0 0 0 0 0 0 0 0 
755 0 0 0 0 0 0 0 0 0 0 0 0 0 0 0 0 0 
756 0 0 0 0 0 2 0 0 0 0 0 0 0 0 0 0 0 
757 1 0 0 1 0 2 2 0 2 2 0 0 0 0 0 0 0 
758 1 0 0 0 0 2 0 0 2 0 0 0 0 0 0 0 0 
759 0 1 0 0 0 4 2 0 0 0 0 1 1 0 0 0 0 
760 0 0 0 0 0 3 0 0 0 0 0 0 0 0 0 0 0 
761 0 0 0 0 0 0 0 0 0 0 0 0 0 0 0 0 0 
762 1 0 0 0 0 2 0 0 0 0 0 0 0 0 0 0 0 
763 0 0 0 0 0 0 0 0 0 0 0 0 0 0 0 0 0 
764 1 0 0 0 0 1 0 0 1 0 0 0 0 0 0 0 0 
765 0 1 0 0 0 1 1 0 0 0 0 0 0 0 0 0 0 
766 0 0 0 0 0 0 0 0 0 0 0 0 0 0 0 0 0 
767 0 0 0 0 0 0 0 0 0 0 0 0 0 0 0 0 0 
768 0 0 0 0 0 0 0 0 0 0 0 0 0 0 0 0 0 
769 0 1 0 0 0 3 3 0 0 0 0 1 1 0 0 0 0 
770 0 0 0 0 0 0 0 0 0 0 0 0 0 0 0 0 0 
771 4 1 4 4 0 20 0 0 12 0 0 5 0 0 3 0 0 
772 2 2 1 1 0 37 5 0 8 0 0 6 2 0 2 0 0 
773 2 1 1 1 0 4 1 0 2 0 0 2 0 0 1 0 0 
774 2 1 1 1 0 4 0 0 4 0 0 2 0 0 2 0 0 
775 1 3 0 1 0 12 6 0 6 3 0 0 0 0 0 0 0 
776 0 1 0 0 0 1 1 0 0 0 0 1 1 0 0 0 0 
777 0 0 0 0 0 0 0 0 0 0 0 0 0 0 0 0 0 
778 1 0 0 0 0 0 0 0 0 0 0 0 0 0 0 0 0 
779 0 0 0 0 0 0 0 0 0 0 0 0 0 0 0 0 0 
780 2 1 1 2 0 14 2 0 10 0 0 5 1 0 3 0 0 
781 2 1 1 2 0 14 2 0 10 0 0 5 1 0 3 0 0 
782 2 1 1 2 0 14 2 0 10 0 0 5 1 0 3 0 0 
783 2 1 1 2 0 14 2 0 10 0 0 5 1 0 3 0 0 
784 2 1 1 2 0 14 2 0 10 0 0 5 1 0 3 0 0 
785 2 1 1 2 0 14 2 0 10 0 0 5 1 0 3 0 0 
786 2 1 1 2 0 14 2 0 10 0 0 5 1 0 3 0 0 
787 2 1 1 2 0 9 2 0 5 0 0 3 1 0 1 0 0 
788 2 1 1 1 0 12 1 0 10 0 0 5 1 0 3 0 0 
789 2 1 1 2 0 14 2 0 10 0 0 3 0 0 2 0 0 
790 2 1 1 0 0 14 2 0 12 0 0 4 1 0 3 0 0 
791 0 2 0 0 0 6 2 0 0 0 0 1 0 0 0 0 0 
792 2 1 1 1 0 4 1 0 2 0 0 2 1 0 0 0 0 
793 1 2 0 0 0 5 0 0 2 0 0 2 0 0 1 0 0 
794 2 0 1 0 0 3 0 0 2 0 0 0 0 0 0 0 0 
795 0 1 0 0 0 2 2 0 0 0 0 1 1 0 0 0 0 
796 0 0 0 0 0 0 0 0 0 0 0 0 0 0 0 0 0 
797 1 0 0 0 0 3 0 0 3 0 0 0 0 0 0 0 0 
798 0 0 0 0 0 3 0 0 0 0 0 0 0 0 0 0 0 
799 0 0 0 0 0 0 0 0 0 0 0 0 0 0 0 0 0 
800 4 1 4 4 0 15 0 0 9 0 0 7 0 0 4 0 0 
801 2 1 1 2 0 14 2 0 10 0 0 5 1 0 3 0 0 
802 2 1 1 2 0 19 2 0 15 0 0 5 1 0 3 0 0 
803 2 1 1 2 0 18 3 0 12 0 0 5 1 0 3 0 0 
804 2 1 1 2 0 14 2 0 10 0 0 5 1 0 3 0 0 
805 2 1 1 2 0 12 2 0 6 0 0 3 1 0 1 0 0 
806 2 1 1 1 0 33 1 0 10 0 0 5 1 0 3 0 0 
807 2 1 1 2 0 9 2 0 5 0 0 2 0 0 1 0 0 
808 2 1 1 0 0 4 1 0 3 0 0 3 1 0 2 0 0 
809 0 2 0 0 0 0 0 0 0 0 0 0 0 0 0 0 0 
810 2 1 1 1 0 8 1 0 7 0 0 0 0 0 0 0 0 
811 0 1 0 0 0 3 3 0 0 0 0 1 1 0 0 0 0 
812 0 0 0 0 0 0 0 0 0 0 0 0 0 0 0 0 0 
813 1 0 0 0 0 8 0 0 8 0 0 0 0 0 0 0 0 
814 0 0 0 0 0 9 0 0 0 0 0 0 0 0 0 0 0 
815 0 0 0 0 0 0 0 0 0 0 0 0 0 0 0 0 0 
816 0 0 0 0 0 2 0 0 0 0 0 0 0 0 0 0 0 
817 0 1 0 0 0 2 1 0 0 0 0 0 0 0 0 0 0 
818 0 0 0 0 0 1 0 0 0 0 0 0 0 0 0 0 0 
819 0 0 0 0 0 0 0 0 0 0 0 0 0 0 0 0 0 
820 0 0 0 0 0 0 0 0 0 0 0 0 0 0 0 0 0 
821 0 1 0 0 0 3 3 0 0 0 0 1 1 0 0 0 0 
822 0 0 0 0 0 0 0 0 0 0 0 0 0 0 0 0 0 
823 2 1 1 2 0 14 2 0 10 0 0 4 1 0 2 0 0 
824 2 1 1 1 0 12 2 0 8 0 0 5 1 0 3 0 0 
825 2 1 1 2 0 10 1 0 8 0 0 3 0 0 3 0 0 
826 2 1 1 2 0 14 2 0 10 0 0 4 1 0 2 0 0 
827 1 2 0 1 0 19 2 0 9 0 0 5 1 0 2 0 0 
828 1 0 0 1 0 4 0 0 4 0 0 1 0 0 1 0 0 
829 2 1 1 2 0 14 2 0 10 0 0 5 1 0 3 0 0 
830 2 1 1 2 0 18 2 0 12 0 0 5 1 0 3 0 0 
831 2 1 1 2 0 22 2 0 10 0 0 5 1 0 3 0 0 
832 2 1 1 2 0 14 2 0 10 0 0 5 1 0 3 0 0 
833 2 1 1 2 0 14 2 0 10 0 0 5 1 0 3 0 0 
834 2 1 1 2 0 14 2 0 10 0 0 5 1 0 3 0 0 
835 2 1 1 2 0 14 2 0 10 0 0 5 1 0 3 0 0 
836 2 1 1 2 0 14 2 0 10 0 0 5 1 0 3 0 0 
837 2 1 1 2 0 9 2 0 5 0 0 3 1 0 1 0 0 
838 2 1 1 1 0 8 1 0 6 0 0 4 1 0 2 0 0 
839 2 1 1 2 0 10 1 0 8 0 0 2 0 0 2 0 0 
840 2 1 1 1 0 3 2 0 1 0 0 1 1 0 0 0 0 
841 0 1 0 0 0 2 1 0 0 0 0 1 1 0 0 0 0 
842 1 0 0 1 0 4 2 0 4 2 0 0 0 0 0 0 0 
843 2 0 1 0 0 0 0 0 0 0 0 0 0 0 0 0 0 
844 0 0 0 0 0 0 0 0 0 0 0 0 0 0 0 0 0 
845 0 0 0 0 0 0 0 0 0 0 0 0 0 0 0 0 0 
846 0 1 0 0 0 3 3 0 0 0 0 1 1 0 0 0 0 
847 0 0 0 0 0 0 0 0 0 0 0 0 0 0 0 0 0 
848 2 1 1 2 0 14 2 0 10 0 0 3 1 0 1 0 0 
849 1 2 0 0 0 12 2 0 6 0 0 5 1 0 2 0 0 
850 1 0 0 1 0 4 0 0 4 0 0 1 0 0 1 0 0 
851 2 1 1 2 0 14 2 0 10 0 0 4 1 0 2 0 0 
852 1 2 0 1 0 14 2 0 6 0 0 5 1 0 2 0 0 
853 1 0 0 1 0 6 0 0 6 0 0 1 0 0 1 0 0 
854 2 1 1 2 0 18 3 0 12 0 0 5 1 0 3 0 0 
855 2 1 1 2 0 14 2 0 10 0 0 5 1 0 3 0 0 
856 2 1 1 3 0 21 2 0 15 0 0 5 1 0 3 0 0 
857 3 2 2 3 0 32 6 0 16 2 0 5 1 0 3 0 0 
858 2 1 1 2 0 14 2 0 10 0 0 6 1 0 4 0 0 
859 2 1 1 2 0 12 2 0 6 0 0 5 1 0 2 0 0 
860 3 1 3 3 0 34 3 0 20 2 0 6 1 0 4 0 0 
861 2 2 1 2 0 6 3 0 0 0 0 1 0 0 0 0 0 
862 2 1 1 2 0 6 6 0 6 6 0 2 2 0 2 2 0 
863 1 0 0 2 0 8 2 0 8 2 0 1 0 0 1 0 0 
864 3 0 1 1 0 14 0 0 4 0 0 1 0 0 1 0 0 
865 0 0 0 0 0 0 0 0 0 0 0 0 0 0 0 0 0 
866 2 1 1 2 0 14 2 0 10 0 0 5 1 0 3 0 0 
867 2 1 1 2 0 24 2 0 20 0 0 5 1 0 3 0 0 
868 2 1 1 2 0 22 4 0 14 0 0 5 1 0 3 0 0 
869 2 1 1 2 0 14 2 0 10 0 0 4 1 0 2 0 0 
870 2 1 1 1 0 18 2 0 10 0 0 5 1 0 3 0 0 
871 3 1 1 2 0 25 1 0 9 0 0 3 0 0 3 0 0 
872 2 1 1 2 0 14 2 0 10 0 0 4 1 0 2 0 0 
873 1 2 0 1 0 14 2 0 6 0 0 5 1 0 2 0 0 
874 1 0 0 1 0 4 0 0 4 0 0 1 0 0 1 0 0 
875 2 1 1 2 0 14 2 0 10 0 0 5 1 0 3 0 0 
876 2 1 1 2 0 14 2 0 10 0 0 5 1 0 3 0 0 
877 2 1 1 2 0 9 2 0 5 0 0 3 1 0 1 0 0 
878 2 1 1 1 0 8 1 0 6 0 0 4 1 0 2 0 0 
879 2 1 1 1 0 12 1 0 10 0 0 4 0 0 3 0 0 
880 2 1 1 1 0 15 2 0 13 0 0 3 0 0 3 0 0 
881 0 2 0 0 0 6 3 0 0 0 0 1 1 0 0 0 0 
882 0 2 0 0 0 0 0 0 0 0 0 0 0 0 0 0 0 
883 2 1 1 1 0 1 0 0 1 0 0 0 0 0 0 0 0 
884 2 1 1 0 0 2 0 0 0 0 0 0 0 0 0 0 0 
885 0 0 0 0 0 0 0 0 0 0 0 0 0 0 0 0 0 
886 0 0 0 0 0 0 0 0 0 0 0 0 0 0 0 0 0 
887 0 0 0 0 0 0 0 0 0 0 0 0 0 0 0 0 0 
888 0 0 0 0 0 0 0 0 0 0 0 0 0 0 0 0 0 
889 0 0 0 0 0 0 0 0 0 0 0 0 0 0 0 0 0 
890 0 0 0 0 0 0 0 0 0 0 0 0 0 0 0 0 0 
891 0 0 0 0 0 0 0 0 0 0 0 0 0 0 0 0 0 
892 2 1 1 1 0 12 2 0 8 0 0 5 1 0 3 0 0 
893 2 1 1 2 0 10 1 0 8 0 0 3 0 0 3 0 0 
894 2 1 1 2 0 19 2 0 15 0 0 3 1 0 1 0 0 
895 1 2 0 0 0 10 3 0 4 0 0 3 1 0 1 0 0 
896 1 0 0 1 0 0 0 0 0 0 0 0 0 0 0 0 0 
897 2 1 1 1 0 5 0 0 5 0 0 1 0 0 1 0 0 
898 2 1 1 2 0 18 1 0 6 0 0 3 0 0 2 0 0 
899 0 0 0 0 0 0 0 0 0 0 0 0 0 0 0 0 0 
900 0 0 0 0 0 0 0 0 0 0 0 0 0 0 0 0 0 
901 1 0 0 1 0 6 0 0 6 0 0 0 0 0 0 0 0 
902 2 1 1 1 0 16 3 0 10 0 0 4 1 0 2 0 0 
903 2 1 1 1 0 4 1 0 2 0 0 2 0 0 1 0 0 
904 2 1 1 0 0 4 0 0 4 0 0 2 0 0 2 0 0 
905 1 4 0 0 0 5 0 0 1 0 0 0 0 0 0 0 0 
906 0 1 0 0 0 1 1 0 0 0 0 0 0 0 0 0 0 
907 0 0 0 0 0 0 0 0 0 0 0 0 0 0 0 0 0 
908 0 0 0 0 0 0 0 0 0 0 0 0 0 0 0 0 0 
909 0 0 0 0 0 0 0 0 0 0 0 0 0 0 0 0 0 
910 0 0 0 0 0 0 0 0 0 0 0 0 0 0 0 0 0 
911 0 0 0 0 0 0 0 0 0 0 0 0 0 0 0 0 0 
912 0 0 0 0 0 0 0 0 0 0 0 0 0 0 0 0 0 
913 0 0 0 0 0 0 0 0 0 0 0 0 0 0 0 0 0 
914 0 0 0 0 0 0 0 0 0 0 0 0 0 0 0 0 0 
915 0 0 0 0 0 0 0 0 0 0 0 0 0 0 0 0 0 
916 0 0 0 0 0 0 0 0 0 0 0 0 0 0 0 0 0 
917 1 0 0 0 0 0 0 0 0 0 0 0 0 0 0 0 0 
918 0 0 0 0 0 0 0 0 0 0 0 0 0 0 0 0 0 
919 0 0 0 0 0 0 0 0 0 0 0 0 0 0 0 0 0 
