791 1 0.01
792 1 0.01
793 1 0.01
794 1 1.76
795 1 0.01
796 1 0.01
797 1 0.01
798 1 1.79
799 1 1.80
800 1 0.01
801 1 0.01
802 14 2.87
803 1 1.76
804 1 0.01
805 9 2.46
806 9 5.98
807 1 1.78
808 14 1.02
809 1 0.01
810 1 0.01
811 1 0.01
812 1 0.01
813 9 2.40
814 1 1.76
815 1 0.01
816 1 0.01
817 1 0.01
818 1 0.01
819 9 2.46
820 1 1.78
821 1 0.01
822 14 2.83
823 1 0.01
824 14 1.29
825 1 0.01
826 1 0.01
827 1 0.01
828 1 0.01
829 1 0.01
830 9 4.56
831 9 3.57
832 1 0.01
833 14 1.14
834 1 0.01
835 1 0.01
836 1 0.01
837 1 0.01
838 1 0.01
839 1 0.01
840 1 0.01
841 1 0.01
842 9 4.56
843 9 3.82
844 1 0.01
845 1 0.01
846 1 0.01
847 1 0.01
848 1 0.01
849 1 0.01
850 1 0.01
851 1 0.01
