818 1 0.01
819 1 0.01
820 9 5.37
821 1 0.01
822 1 0.01
823 1 0.01
824 1 0.01
825 1 1.76
826 1 0.01
827 1 0.01
828 14 2.60
829 14 2.69
830 1 0.01
831 1 0.01
832 1 0.01
833 1 0.01
834 1 0.01
835 9 6.07
836 9 5.37
837 1 0.01
838 14 1.14
839 1 0.01
840 1 0.01
841 1 0.01
842 1 0.01
843 14 1.19
844 1 0.01
845 1 0.01
846 1 0.01
847 1 0.01
848 1 0.01
849 1 0.01
850 1 0.01
851 1 1.80
852 1 0.01
853 9 2.41
854 9 2.33
855 9 3.31
856 1 0.01
857 1 0.01
858 1 0.01
859 1 0.01
860 1 0.01
861 14 0.99
862 14 1.05
863 9 4.12
864 1 0.01
865 1 0.01
866 1 1.78
867 1 0.01
868 1 0.01
869 1 0.01
870 1 0.01
871 1 0.01
872 1 0.01
873 9 5.23
874 9 6.85
875 1 1.80
876 1 0.01
877 1 0.01
878 1 0.01
879 1 0.01
880 1 0.01
881 1 0.01
882 1 0.01
883 1 0.01
884 1 0.01
