pdb lig overlap PP-crit PP-dst crit4 crit5 crit6 crit6_continue lig_vol pock_vol nb_AS nb_AS_norm mean_as_ray mean_as_solv_acc apol_as_prop apol_as_prop_norm mean_loc_hyd_dens mean_loc_hyd_dens_norm hydrophobicity_score volume_score polarity_score polarity_score_norm charge_score flex prop_polar_atm as_density as_density_norm as_max_dst as_max_dst_norm drug_score pock_asa pock_pol_asa pock_apol_asa ALA ARG ASN ASP CYS GLN GLU GLY HIS ILE LEU LYS MET PHE PRO SER THR TRP TYR VAL
dpoc.receptor.peptide.pdb PEP  10.59  0   9.17 0.00 0.00  0 -1.25   731.73    1159.86   156 1.00   3.95   0.46  0.70 0.70   82.29 1.00     29.85    4.00    12  1.00    -1   0.20   29.41  6.48  1.00 15.73  1.00  0.79 538.24 204.94 333.31   1   0   3   3   2   1   0   2   1   6   0   1   1   1   1   1   0   2   0   0
dpoc.receptor.peptide.pdb PEP   2.35  0  10.25 0.00 0.00  0 -1.25   731.73     380.82   120 0.77   3.40   0.42  0.61 0.61   47.97 0.58     26.95    3.90    11  0.92     0   0.18   27.87  5.47  0.84 14.60  0.93  0.14 126.92 29.11 97.82   2   1   1   0   1   1   2   1   1   2   0   0   1   0   1   2   1   1   1   2
dpoc.receptor.peptide.pdb PEP   5.88  0   9.27 0.00 0.00  0 -1.25   731.73     602.04    60 0.38   3.82   0.47  0.17 0.17    9.00 0.11     13.78    3.61    11  0.92     0   0.44   46.15  4.61  0.71 10.64  0.70  0.03 359.72 202.73 156.99   0   0   3   1   2   3   0   1   1   1   1   0   1   0   1   2   0   1   0   0
dpoc.receptor.peptide.pdb PEP   0.00  0  22.15 0.00 0.00  0 -1.25   731.73     749.05    60 0.38   4.44   0.59  0.33 0.33   18.20 0.22     20.18    4.09     6  0.50    -1   0.20   39.39  4.01  0.62  9.95  0.65  0.02 314.90 148.25 166.65   0   0   0   2   1   1   0   0   1   1   0   0   1   1   1   1   0   0   1   0
dpoc.receptor.peptide.pdb PEP   0.00  0  20.22 0.00 0.00  0 -1.25   731.73     861.69    65 0.41   4.48   0.55  0.35 0.35   22.00 0.27      9.08    3.54     5  0.42    -2   0.30   40.00  4.15  0.64  9.02  0.60  0.01 366.66 167.40 199.26   0   0   1   3   1   0   0   1   1   2   0   0   2   0   2   0   0   0   0   0
dpoc.receptor.peptide.pdb PEP   0.00  0  22.06 0.00 0.00  0 -1.25   731.73     236.32    36 0.23   3.54   0.43  0.97 0.97   34.00 0.41     54.22    5.78     7  0.58     1   0.49   28.57  3.17  0.49  7.34  0.50  0.22 172.65 10.83 161.82   0   0   0   1   0   0   0   0   2   1   0   0   1   0   0   0   0   3   1   0
dpoc.receptor.peptide.pdb PEP   0.00  0  19.96 0.00 0.00  0 -1.25   731.73     581.52    49 0.31   4.15   0.58  0.55 0.55   26.00 0.32     13.50    3.80     5  0.42    -2   0.15   37.04  3.78  0.58  7.68  0.52  0.01 200.70 52.16 148.54   0   0   0   1   0   0   1   0   0   0   0   0   1   0   2   2   0   1   0   2
dpoc.receptor.peptide.pdb PEP   0.00  0  21.95 0.00 0.00  0 -1.25   731.73     407.82    43 0.27   3.82   0.54  0.67 0.67   27.93 0.34     22.78    3.78     4  0.33     0   0.14   29.63  3.27  0.50  7.53  0.51  0.02 182.39 38.68 143.71   0   0   0   0   1   0   0   0   0   0   0   0   2   0   2   2   1   1   0   0
dpoc.receptor.peptide.pdb PEP   0.00  0  16.09 0.00 0.00  0 -1.25   731.73     559.35    37 0.23   4.43   0.66  0.27 0.27    9.00 0.11     31.33    4.00     4  0.33     1   0.32   47.62  2.78  0.43  6.93  0.47  0.02 216.32 119.55 96.77   1   0   2   0   0   0   0   0   1   1   1   0   0   0   1   0   0   0   1   1
dpoc.receptor.peptide.pdb PEP   0.00  0  23.39 0.00 0.00  0 -1.25   731.73     231.40    36 0.23   3.50   0.45  0.89 0.89   30.19 0.37     28.60    4.00     4  0.33    -2   0.46   26.92  3.31  0.51  9.47  0.63  0.02 154.99 39.06 115.93   0   0   0   1   1   0   1   2   0   1   0   0   0   0   1   0   0   2   0   1
dpoc.receptor.peptide.pdb PEP   0.00  0  17.73 0.00 0.00  0 -1.25   731.73     388.22    36 0.23   3.43   0.45  0.42 0.42   14.00 0.17     39.73    4.27     4  0.33    -1   0.20   45.83  3.54  0.55  9.17  0.61  0.04 144.99 78.57 66.42   1   0   0   1   1   1   0   1   0   2   0   0   0   1   1   0   0   1   1   0
dpoc.receptor.peptide.pdb PEP   0.00  0  20.72 0.00 0.00  0 -1.25   731.73     865.68    46 0.29   4.14   0.55  0.48 0.48   20.27 0.25     16.44    3.56     2  0.17    -1   0.26   31.03  4.06  0.62  9.29  0.61  0.01 289.46 124.01 165.45   0   0   1   1   0   0   0   1   0   1   0   0   2   0   2   0   0   0   0   1
dpoc.receptor.peptide.pdb PEP   0.00  0  12.31 0.00 0.00  0 -1.25   731.73     404.21    38 0.24   3.74   0.50  0.32 0.32    9.00 0.11     31.12    4.38     4  0.33    -2   0.31   41.67  4.08  0.63  9.61  0.63  0.02 196.69 103.70 92.99   0   0   0   2   2   1   0   0   0   0   0   0   1   1   0   0   0   1   0   0
