1 1 1.87
2 1 0.01
3 1 0.01
4 1 0.01
5 1 0.01
6 1 0.01
7 25 4.58
8 1 0.01
9 1 0.01
10 25 1.24
11 1 1.87
12 1 0.01
13 1 1.84
14 1 0.01
15 7 4.17
16 1 0.01
17 1 0.01
18 1 0.01
19 1 0.01
20 1 0.01
21 1 0.01
22 1 0.01
23 1 0.01
24 1 0.01
25 1 1.84
26 1 0.01
27 1 0.01
28 1 0.01
29 1 0.01
30 1 0.01
31 1 0.01
32 1 1.85
33 1 0.01
34 1 1.83
35 1 1.84
36 1 0.01
37 1 0.01
38 1 0.01
39 25 2.63
40 1 1.84
41 7 6.16
42 1 1.84
43 1 1.85
44 1 0.01
45 25 1.24
46 1 1.86
47 1 0.01
48 1 1.83
49 1 1.83
50 1 0.01
51 25 7.68
52 1 1.87
53 1 0.01
54 1 0.01
55 1 0.01
56 1 0.01
57 1 1.84
58 1 0.01
59 25 6.21
60 6 2.64
61 1 0.01
62 1 0.01
63 1 0.01
64 1 0.01
65 1 1.86
66 1 0.01
67 1 0.01
68 1 0.01
69 1 0.01
70 1 0.01
71 1 0.01
72 1 0.01
73 1 0.01
74 1 0.01
75 1 0.01
76 1 0.01
77 1 0.01
78 1 1.83
79 1 0.01
80 1 0.01
81 1 0.01
82 1 0.01
83 1 0.01
84 1 0.01
85 1 0.01
86 1 0.01
87 1 0.01
88 1 0.01
89 1 0.01
90 1 0.01
91 15 6.40
92 1 0.01
93 1 0.01
94 1 0.01
95 1 0.01
96 1 0.01
97 1 0.01
98 1 0.01
99 1 0.01
100 1 0.01
101 1 0.01
102 15 8.56
103 1 0.01
104 1 0.01
105 25 1.24
106 1 0.01
107 1 0.01
108 1 0.01
109 1 0.01
110 1 0.01
111 1 0.01
112 1 0.01
113 1 0.01
114 25 3.17
115 1 0.01
116 1 0.01
117 1 0.01
118 1 0.01
119 1 0.01
120 8 36.56
121 2 8.91
122 16 16.29
123 20 23.14
124 18 35.17
125 14 21.67
126 10 17.90
127 23 14.89
128 25 2.82
129 14 18.18
130 14 18.87
131 2 25.18
132 7 5.56
133 1 0.01
134 20 36.05
135 13 21.80
136 14 18.55
137 9 23.00
138 2 8.91
139 16 14.91
140 14 21.32
141 18 47.29
142 2 8.94
143 16 25.19
144 18 36.80
145 13 32.40
146 2 8.78
147 14 13.74
148 14 15.44
149 16 23.78
150 20 19.66
151 18 28.69
152 2 20.47
153 7 5.43
154 7 5.27
155 2 9.28
156 16 25.60
157 16 15.69
158 14 20.03
159 17 11.37
160 17 29.50
161 2 9.00
162 6 6.26
163 7 4.33
164 1 0.01
165 25 5.07
166 6 2.64
167 1 0.01
168 1 0.01
169 1 0.01
170 20 33.96
171 2 9.09
172 2 18.75
173 2 33.21
174 7 5.67
175 25 5.09
176 9 19.66
177 21 27.73
178 2 8.54
179 20 33.06
180 7 10.47
181 25 6.17
182 10 14.76
183 23 24.69
184 17 17.46
185 17 16.89
186 25 5.81
187 6 4.92
188 1 1.84
189 1 0.01
190 1 0.01
191 1 0.01
192 4 55.74
193 20 21.14
194 23 24.13
195 18 22.13
196 9 17.27
197 14 32.66
198 13 38.27
199 14 18.60
200 25 2.67
201 17 9.76
202 25 8.68
203 6 4.46
204 1 1.84
205 1 0.01
206 1 0.01
207 20 36.75
208 2 8.64
209 20 12.23
210 23 39.69
211 25 6.39
212 17 15.85
213 17 8.06
214 17 17.35
215 7 2.81
216 1 1.83
217 1 0.01
218 1 0.01
219 1 0.01
