25 2 1 1 2 0 19 2 0 15 0 0 5 1 0 3 0 0 
26 2 1 1 2 0 18 3 0 12 0 0 5 1 0 3 0 0 
27 2 1 1 2 0 19 2 0 15 0 0 6 1 0 4 0 0 
28 2 1 1 2 0 16 3 0 7 0 0 3 1 0 1 0 0 
29 2 1 1 1 0 26 1 0 6 0 0 3 1 0 1 0 0 
30 2 1 1 2 0 7 1 0 4 0 0 1 0 0 1 0 0 
31 3 1 2 0 0 16 0 0 8 0 0 0 0 0 0 0 0 
32 0 1 0 0 0 6 3 0 0 0 0 0 0 0 0 0 0 
33 0 0 0 0 0 6 0 0 0 0 0 0 0 0 0 0 0 
34 0 0 0 0 0 6 0 0 0 0 0 0 0 0 0 0 0 
35 2 0 1 0 0 0 0 0 0 0 0 0 0 0 0 0 0 
36 0 0 0 0 0 0 0 0 0 0 0 0 0 0 0 0 0 
37 0 0 0 0 0 0 0 0 0 0 0 0 0 0 0 0 0 
38 0 0 0 0 0 3 0 0 0 0 0 0 0 0 0 0 0 
39 0 0 0 0 0 0 0 0 0 0 0 0 0 0 0 0 0 
40 0 0 0 0 0 0 0 0 0 0 0 0 0 0 0 0 0 
41 1 0 0 2 0 21 0 0 3 0 0 2 0 0 2 0 0 
42 4 1 4 4 0 15 0 0 9 0 0 5 0 0 3 0 0 
43 2 1 1 1 0 12 2 0 8 0 0 6 1 0 4 0 0 
44 2 1 1 2 0 10 1 0 8 0 0 5 0 0 4 0 0 
45 2 1 1 3 0 16 2 0 12 0 0 6 1 0 4 0 0 
46 1 3 0 2 0 24 2 0 12 0 0 5 1 0 2 0 0 
47 1 0 0 2 0 4 2 0 4 2 0 1 0 0 1 0 0 
48 3 0 0 3 3 14 2 0 14 2 0 4 1 0 4 1 0 
49 4 1 4 3 0 13 0 0 7 0 0 3 0 0 2 0 0 
50 3 4 1 2 0 24 1 0 9 1 0 1 0 0 1 0 0 
51 2 1 1 1 0 7 2 0 3 0 0 0 0 0 0 0 0 
52 1 1 0 0 0 6 0 0 3 0 0 0 0 0 0 0 0 
53 0 0 0 0 0 0 0 0 0 0 0 0 0 0 0 0 0 
54 0 1 0 0 0 8 3 0 0 0 0 0 0 0 0 0 0 
55 0 0 0 0 0 0 0 0 0 0 0 0 0 0 0 0 0 
56 2 0 1 1 0 4 0 0 4 0 0 1 0 0 1 0 0 
57 0 0 0 0 0 0 0 0 0 0 0 0 0 0 0 0 0 
58 2 1 1 2 0 10 1 0 8 0 0 2 0 0 2 0 0 
59 1 1 0 1 0 11 2 0 6 0 0 2 1 0 1 0 0 
60 0 0 0 0 0 0 0 0 0 0 0 0 0 0 0 0 0 
61 1 0 0 1 0 4 0 0 4 0 0 0 0 0 0 0 0 
62 2 1 1 1 0 12 2 0 8 0 0 5 1 0 3 0 0 
63 2 1 1 2 0 10 1 0 8 0 0 3 0 0 3 0 0 
64 2 1 1 2 0 14 2 0 10 0 0 4 1 0 2 0 0 
65 1 2 0 1 0 9 2 0 3 0 0 3 1 0 1 0 0 
66 1 0 0 1 0 2 0 0 2 0 0 1 0 0 1 0 0 
67 2 1 1 2 0 6 1 0 4 0 0 3 0 0 2 0 0 
68 2 1 1 1 0 8 1 0 7 0 0 2 1 0 1 0 0 
69 0 2 0 0 0 4 2 0 0 0 0 0 0 0 0 0 0 
70 1 0 0 1 0 3 3 0 3 3 0 0 0 0 0 0 0 
71 1 0 0 0 0 6 0 0 6 0 0 0 0 0 0 0 0 
72 0 0 0 0 0 11 0 0 0 0 0 0 0 0 0 0 0 
73 2 0 1 1 0 2 0 0 2 0 0 1 0 0 1 0 0 
74 0 0 0 0 0 0 0 0 0 0 0 0 0 0 0 0 0 
75 2 1 1 2 0 13 1 0 10 0 0 2 0 0 2 0 0 
76 1 2 0 1 0 38 2 0 6 0 0 4 1 0 1 0 0 
77 0 1 0 0 0 4 0 0 0 0 0 1 0 0 0 0 0 
78 1 0 0 1 0 4 0 0 4 0 0 1 0 0 1 0 0 
79 2 1 1 2 0 14 2 0 10 0 0 5 1 0 3 0 0 
80 2 1 1 2 0 19 2 0 15 0 0 6 1 0 4 0 0 
81 2 1 1 2 0 18 3 0 12 0 0 5 1 0 3 0 0 
82 2 1 1 2 0 14 2 0 10 0 0 5 1 0 3 0 0 
83 2 1 1 3 0 21 2 0 15 0 0 5 1 0 3 0 0 
84 3 1 2 2 0 38 2 0 19 0 0 5 1 0 3 0 0 
85 2 1 1 2 0 14 2 0 10 0 0 4 1 0 2 0 0 
86 2 1 1 1 0 9 2 0 3 0 0 3 1 0 1 0 0 
87 2 1 1 1 0 19 0 0 4 0 0 1 0 0 1 0 0 
88 2 1 1 1 0 4 1 0 2 0 0 0 0 0 0 0 0 
89 1 1 0 0 0 2 0 0 1 0 0 0 0 0 0 0 0 
90 0 0 0 0 0 0 0 0 0 0 0 0 0 0 0 0 0 
91 0 0 0 0 0 1 0 0 0 0 0 0 0 0 0 0 0 
92 0 0 0 0 0 0 0 0 0 0 0 0 0 0 0 0 0 
93 0 0 0 0 0 0 0 0 0 0 0 0 0 0 0 0 0 
94 1 2 0 1 0 19 2 0 9 0 0 5 1 0 2 0 0 
95 1 0 0 1 0 4 0 0 4 0 0 1 0 0 1 0 0 
96 2 1 1 2 0 9 2 0 5 0 0 3 1 0 1 0 0 
97 2 1 1 1 0 5 1 0 2 0 0 3 1 0 1 0 0 
98 2 1 1 1 0 13 0 0 1 0 0 1 0 0 1 0 0 
99 2 1 1 0 0 6 0 0 6 0 0 0 0 0 0 0 0 
100 0 1 0 0 0 3 3 0 0 0 0 0 0 0 0 0 0 
101 0 0 0 0 0 0 0 0 0 0 0 0 0 0 0 0 0 
102 0 0 0 0 0 0 0 0 0 0 0 0 0 0 0 0 0 
103 2 1 1 2 0 14 2 0 10 0 0 5 1 0 3 0 0 
104 2 1 1 2 0 14 2 0 10 0 0 5 1 0 3 0 0 
105 2 1 1 2 0 9 2 0 5 0 0 3 1 0 1 0 0 
106 2 1 1 1 0 8 1 0 6 0 0 4 1 0 2 0 0 
107 2 1 1 1 0 8 1 0 6 0 0 3 0 0 2 0 0 
108 2 1 1 0 0 7 1 0 6 0 0 3 0 0 3 0 0 
109 0 2 0 0 0 2 1 0 0 0 0 0 0 0 0 0 0 
110 0 2 0 0 0 2 1 0 0 0 0 0 0 0 0 0 0 
111 0 2 0 0 0 0 0 0 0 0 0 0 0 0 0 0 0 
112 0 1 0 0 0 4 2 0 0 0 0 0 0 0 0 0 0 
113 0 0 0 0 0 2 0 0 0 0 0 0 0 0 0 0 0 
114 0 0 0 0 0 0 0 0 0 0 0 0 0 0 0 0 0 
115 1 0 0 0 0 0 0 0 0 0 0 0 0 0 0 0 0 
116 0 0 0 0 0 0 0 0 0 0 0 0 0 0 0 0 0 
117 1 0 0 1 0 1 1 0 1 1 0 0 0 0 0 0 0 
118 1 0 0 0 0 0 0 0 0 0 0 0 0 0 0 0 0 
119 0 0 0 0 0 0 0 0 0 0 0 0 0 0 0 0 0 
120 0 0 0 0 0 0 0 0 0 0 0 0 0 0 0 0 0 
121 1 0 0 0 0 0 0 0 0 0 0 0 0 0 0 0 0 
122 0 0 0 0 0 0 0 0 0 0 0 0 0 0 0 0 0 
123 0 0 0 0 0 0 0 0 0 0 0 0 0 0 0 0 0 
124 2 1 1 2 0 14 2 0 10 0 0 5 1 0 3 0 0 
125 2 1 1 2 0 14 2 0 10 0 0 5 1 0 3 0 0 
126 2 1 1 2 0 14 2 0 10 0 0 5 1 0 3 0 0 
127 2 1 1 2 0 14 2 0 10 0 0 5 1 0 3 0 0 
128 2 1 1 2 0 14 2 0 10 0 0 5 1 0 3 0 0 
129 2 1 1 2 0 14 2 0 10 0 0 5 1 0 3 0 0 
130 2 1 1 2 0 14 2 0 10 0 0 5 1 0 3 0 0 
131 2 1 1 2 0 14 2 0 10 0 0 5 1 0 3 0 0 
132 2 1 1 2 0 14 2 0 10 0 0 5 1 0 3 0 0 
133 2 1 1 2 0 14 2 0 10 0 0 5 1 0 3 0 0 
134 2 1 1 2 0 14 2 0 10 0 0 4 1 0 2 0 0 
135 2 1 1 1 0 7 2 0 3 0 0 3 1 0 1 0 0 
136 2 1 1 1 0 1 0 0 1 0 0 1 0 0 1 0 0 
137 2 1 1 1 0 1 0 0 1 0 0 0 0 0 0 0 0 
138 1 1 0 0 0 6 0 0 3 0 0 0 0 0 0 0 0 
139 0 0 0 0 0 0 0 0 0 0 0 0 0 0 0 0 0 
140 0 0 0 0 0 0 0 0 0 0 0 0 0 0 0 0 0 
141 0 0 0 0 0 0 0 0 0 0 0 0 0 0 0 0 0 
142 2 0 1 1 0 2 0 0 2 0 0 1 0 0 1 0 0 
143 0 0 0 0 0 0 0 0 0 0 0 0 0 0 0 0 0 
144 1 0 0 1 0 4 0 0 4 0 0 1 0 0 1 0 0 
145 2 1 1 2 0 14 2 0 10 0 0 3 1 0 1 0 0 
146 1 2 0 0 0 12 2 0 6 0 0 5 1 0 2 0 0 
147 1 0 0 1 0 4 0 0 4 0 0 1 0 0 1 0 0 
148 2 1 1 2 0 19 2 0 15 0 0 4 1 0 2 0 0 
149 1 2 0 1 0 18 3 0 8 0 0 5 1 0 2 0 0 
150 1 0 0 1 0 4 0 0 4 0 0 1 0 0 1 0 0 
151 2 1 1 2 0 30 2 0 24 0 0 6 1 0 4 0 0 
152 3 1 3 2 0 24 4 0 9 0 0 5 1 0 2 0 0 
153 2 1 1 2 0 9 2 0 5 0 0 5 1 0 3 0 0 
154 2 2 1 2 0 0 0 0 0 0 0 0 0 0 0 0 0 
155 4 1 4 2 0 4 0 0 0 0 0 0 0 0 0 0 0 
156 1 0 0 1 0 4 1 0 1 1 0 0 0 0 0 0 0 
157 1 0 0 0 0 0 0 0 0 0 0 0 0 0 0 0 0 
158 0 0 0 0 0 0 0 0 0 0 0 0 0 0 0 0 0 
159 0 0 0 0 0 0 0 0 0 0 0 0 0 0 0 0 0 
160 0 0 0 0 0 0 0 0 0 0 0 0 0 0 0 0 0 
161 0 0 0 0 0 0 0 0 0 0 0 0 0 0 0 0 0 
162 0 0 0 0 0 0 0 0 0 0 0 0 0 0 0 0 0 
163 0 0 0 0 0 0 0 0 0 0 0 0 0 0 0 0 0 
164 0 0 0 0 0 0 0 0 0 0 0 0 0 0 0 0 0 
165 0 0 0 0 0 0 0 0 0 0 0 0 0 0 0 0 0 
166 0 0 0 0 0 0 0 0 0 0 0 0 0 0 0 0 0 
167 0 0 0 0 0 0 0 0 0 0 0 0 0 0 0 0 0 
