1 14 1.22
2 1 0.01
3 1 0.01
4 1 0.01
5 1 0.01
6 2 12.72
7 10 27.90
8 1 0.01
9 1 0.01
10 9 6.37
11 17 24.58
12 13 24.00
13 11 18.14
14 10 10.94
15 14 7.55
16 14 4.59
17 1 0.01
18 9 2.98
19 1 1.79
20 1 0.01
21 1 0.01
22 1 0.01
23 1 0.01
24 1 1.78
25 1 0.01
26 1 0.01
27 14 4.26
28 14 2.56
29 14 1.14
30 1 0.01
31 1 0.01
32 14 1.02
33 1 0.01
34 1 0.01
35 1 0.01
36 1 0.01
37 1 0.01
38 14 1.28
39 1 0.01
40 1 0.01
41 1 0.01
42 1 0.01
43 1 0.01
44 1 0.01
45 1 0.01
46 1 0.01
47 9 11.04
48 9 5.38
49 1 0.01
50 1 0.01
51 1 0.01
52 1 0.01
53 1 0.01
54 1 0.01
55 1 0.01
56 1 0.01
57 1 0.01
58 1 0.01
59 1 0.01
60 1 0.01
61 1 0.01
62 1 0.01
63 1 0.01
64 1 0.01
65 1 0.01
66 1 0.01
67 1 0.01
68 1 0.01
69 1 0.01
70 1 0.01
71 2 8.95
72 15 27.63
73 23 17.19
74 11 11.93
75 10 16.05
76 10 20.70
77 9 2.98
78 9 4.90
79 14 1.02
80 1 0.01
81 1 0.01
82 1 0.01
83 14 1.02
84 1 0.01
85 1 0.01
86 1 0.01
87 1 0.01
88 1 0.01
89 14 0.99
90 1 0.01
91 14 1.02
92 1 0.01
93 14 1.05
94 1 0.01
95 1 0.01
96 1 0.01
97 1 0.01
98 1 0.01
99 1 0.01
100 1 0.01
101 9 2.40
102 1 1.80
103 1 0.01
104 1 0.01
105 1 0.01
106 1 0.01
107 1 0.01
108 1 0.01
109 1 0.01
110 1 0.01
111 1 0.01
112 9 6.56
113 9 5.30
114 1 0.01
115 1 0.01
116 1 0.01
117 1 0.01
118 1 0.01
119 1 0.01
120 1 0.01
121 1 0.01
122 1 2.00
123 1 0.01
124 14 1.19
125 1 1.80
126 14 0.99
127 14 1.02
128 1 0.01
129 1 0.01
130 1 0.01
131 18 18.32
132 23 34.35
133 2 9.09
134 3 22.29
135 17 17.23
136 10 14.51
137 14 9.22
138 25 25.92
139 9 7.55
140 1 0.01
141 1 0.01
142 9 6.76
143 9 5.38
144 1 0.01
145 1 0.01
146 1 0.01
147 1 0.01
148 1 0.01
149 1 0.01
150 11 29.19
151 2 11.59
152 9 15.61
153 9 3.85
154 1 0.01
155 1 1.79
156 1 0.01
157 1 0.01
158 1 0.01
159 1 0.01
160 1 0.01
161 1 1.76
162 9 2.46
163 14 1.05
164 1 0.01
165 1 0.01
166 1 0.01
167 14 0.99
168 14 1.21
169 1 0.01
170 1 0.01
171 1 0.01
172 9 6.87
173 9 3.31
174 1 0.01
175 1 0.01
176 1 0.01
177 1 0.01
178 1 0.01
179 1 0.01
180 1 0.01
181 1 0.01
182 1 0.01
183 1 0.01
184 1 1.79
185 1 0.01
186 1 0.01
187 1 0.01
188 1 0.01
189 1 1.78
190 1 0.01
191 1 0.01
192 1 0.01
193 1 0.01
194 1 0.01
195 1 0.01
196 18 21.80
197 12 18.58
198 11 17.16
199 17 23.03
200 17 14.40
201 10 11.08
202 10 8.32
203 14 2.53
204 14 1.14
205 1 0.01
206 1 0.01
207 1 0.01
208 1 1.80
209 1 0.01
210 1 0.01
211 1 0.01
212 1 0.01
213 1 0.01
214 1 0.01
215 1 0.01
216 1 0.01
217 1 0.01
218 1 0.01
219 14 1.22
220 1 0.01
221 1 0.01
222 1 1.76
223 14 1.22
224 14 1.02
225 1 0.01
226 1 0.01
227 9 2.92
228 1 1.79
229 1 0.01
230 1 0.01
231 1 0.01
232 1 0.01
233 1 0.01
234 1 0.01
235 1 0.01
236 1 0.01
237 1 1.79
238 1 0.01
239 1 0.01
240 1 0.01
241 1 0.01
242 10 9.22
243 25 12.16
244 9 4.90
245 14 1.02
246 1 0.01
247 1 0.01
248 1 0.01
249 1 0.01
250 1 0.01
251 1 0.01
252 1 0.01
253 1 0.01
254 1 1.76
255 1 1.76
256 1 0.01
257 1 0.01
258 1 1.79
259 2 8.12
260 18 20.43
261 11 24.57
262 9 6.48
263 15 20.55
264 11 13.39
265 2 31.20
266 17 27.92
267 9 2.94
268 10 11.30
269 14 4.57
270 14 2.53
271 9 4.07
272 1 0.01
273 1 0.01
274 9 2.54
275 25 3.65
276 1 0.01
277 1 0.01
278 1 0.01
279 2 16.64
280 1 0.01
281 1 0.01
282 14 1.02
283 1 0.01
284 14 1.28
285 1 0.01
286 9 10.72
287 1 1.78
288 14 1.29
289 1 0.01
290 1 0.01
291 1 0.01
292 1 0.01
293 1 0.01
294 1 0.01
295 1 0.01
296 25 14.92
297 1 1.78
298 1 0.01
299 1 0.01
300 1 0.01
301 1 0.01
302 1 0.01
303 1 0.01
304 1 0.01
305 1 0.01
306 1 0.01
307 1 0.01
308 1 0.01
309 1 0.01
310 9 3.67
311 1 0.01
312 1 0.01
313 1 0.01
314 1 0.01
315 1 0.01
316 1 0.01
317 1 0.01
318 1 0.01
319 1 0.01
320 22 37.59
321 15 23.49
322 2 7.94
323 17 16.38
324 17 14.65
325 17 16.60
326 10 6.70
327 9 7.54
328 14 1.14
329 1 0.01
330 1 0.01
331 1 1.80
332 1 0.01
333 1 1.78
334 1 0.01
335 14 1.29
336 1 0.01
337 14 7.72
338 1 0.01
339 1 0.01
340 1 0.01
341 1 0.01
342 9 5.37
343 1 0.01
344 1 0.01
345 1 0.01
346 1 0.01
347 1 0.01
348 1 1.76
349 1 0.01
350 1 0.01
351 9 3.82
352 1 0.01
353 1 0.01
354 1 1.78
355 1 0.01
356 1 0.01
357 1 0.01
358 1 0.01
359 1 0.01
360 1 0.01
361 1 0.01
362 1 0.01
363 1 0.01
364 1 0.01
365 1 0.01
366 1 0.01
