1 1 0.01
2 1 0.01
3 1 1.76
4 1 0.01
5 1 0.01
6 1 0.01
7 1 0.01
8 1 0.01
9 1 0.01
10 1 0.01
11 1 0.01
12 6 9.91
13 1 2.00
14 1 0.01
15 1 1.78
16 1 0.01
17 1 0.01
18 1 0.01
19 1 0.01
20 1 0.01
21 1 0.01
22 1 0.01
23 1 0.01
24 25 47.47
25 1 2.00
26 1 0.01
27 10 17.39
28 1 0.01
29 1 1.80
30 1 0.01
31 1 0.01
32 14 4.23
33 1 0.01
34 1 1.76
35 1 0.01
36 1 0.01
37 1 0.01
38 1 0.01
39 1 0.01
40 1 0.01
41 1 0.01
42 1 0.01
43 1 1.80
44 1 0.01
45 1 0.01
46 1 1.80
47 1 0.01
48 1 0.01
49 1 0.01
50 25 17.33
51 14 1.21
52 1 0.01
53 1 1.78
54 1 0.01
55 1 0.01
56 1 0.01
