1 1 0.01
2 7 5.44
3 1 1.84
4 1 1.83
5 1 1.83
6 1 1.83
7 1 0.01
8 1 1.86
9 1 0.01
10 1 1.83
11 1 0.01
12 15 16.69
13 1 0.01
14 1 0.01
15 1 1.85
16 1 0.01
17 1 0.01
18 1 0.01
19 1 0.01
20 1 0.01
21 1 0.01
22 1 0.01
23 1 1.85
24 1 0.01
25 1 0.01
26 1 0.01
27 1 0.01
28 1 0.01
29 1 0.01
30 1 0.01
31 1 0.01
32 1 0.01
33 6 17.16
34 15 7.67
35 1 0.01
36 1 0.01
37 1 0.01
38 1 0.01
39 1 0.01
40 1 0.01
41 1 0.01
42 1 0.01
43 1 0.01
44 1 1.86
45 1 0.01
46 1 1.83
47 1 0.01
48 1 0.01
49 1 1.86
50 1 0.01
51 1 0.01
52 1 0.01
53 1 0.01
54 1 1.83
55 1 0.01
56 1 0.01
57 25 4.58
58 1 1.84
59 1 0.01
60 1 0.01
61 1 0.01
62 1 0.01
63 25 5.90
64 1 0.01
65 25 2.90
66 25 3.17
67 1 0.01
68 25 1.24
69 1 0.01
70 1 0.01
71 1 0.01
72 1 0.01
73 1 0.01
74 15 23.44
75 1 1.84
76 1 0.01
77 1 0.01
78 1 0.01
79 1 0.01
80 1 0.01
81 1 0.01
82 1 0.01
83 1 0.01
84 1 0.01
85 1 0.01
86 2 15.25
87 8 30.14
88 20 25.64
89 16 18.15
90 20 18.66
91 18 37.34
92 14 19.56
93 20 25.43
94 18 26.98
95 18 36.36
96 16 46.59
97 14 23.24
98 25 6.16
99 17 12.77
100 7 2.43
101 25 2.67
102 25 1.24
103 1 0.01
104 1 0.01
