1 1 0.01
2 14 41.11
3 25 6.17
4 17 45.72
5 16 27.30
6 14 19.64
7 2 15.16
8 17 16.59
9 7 3.18
10 7 6.81
11 1 0.01
12 15 16.86
13 1 1.83
14 1 0.01
15 1 0.01
16 17 14.47
17 1 0.01
18 1 1.83
19 1 0.01
20 1 0.01
21 1 0.01
22 22 57.95
23 17 23.25
24 2 8.86
25 17 9.92
26 7 10.82
27 25 2.67
28 25 1.24
29 1 0.01
30 1 0.01
31 1 0.01
32 1 0.01
33 25 2.82
34 25 4.68
35 1 0.01
36 1 1.83
37 1 0.01
38 25 1.24
39 1 0.01
40 1 0.01
41 25 3.79
42 15 46.61
43 1 0.01
44 1 0.01
45 25 11.94
46 1 0.01
47 1 0.01
48 1 0.01
49 1 1.84
50 1 0.01
51 1 0.01
52 1 0.01
53 25 6.25
54 1 0.01
55 1 1.85
56 1 0.01
57 7 5.63
58 25 4.84
59 17 17.46
60 17 16.40
61 25 9.75
62 15 5.81
63 1 1.84
64 1 0.01
65 1 0.01
66 1 1.84
67 1 0.01
68 1 0.01
69 15 26.87
70 25 3.46
71 25 2.67
72 1 1.86
73 1 0.01
74 25 4.68
75 1 0.01
76 1 0.01
77 1 1.85
78 1 0.01
79 1 0.01
80 1 0.01
81 1 0.01
82 1 0.01
83 14 49.80
84 17 11.64
85 17 10.31
86 6 6.17
87 6 2.79
88 1 1.83
89 1 0.01
90 1 0.01
91 1 0.01
92 1 0.01
93 1 0.01
94 1 0.01
95 1 0.01
96 1 0.01
97 1 0.01
