1 1 0.01
2 1 0.01
3 1 0.01
4 1 0.01
5 1 0.01
6 25 5.32
7 23 18.49
8 25 4.01
9 1 0.01
10 25 2.69
11 17 22.04
12 2 23.29
13 20 20.48
14 25 4.84
15 17 16.97
16 7 14.43
17 7 5.10
18 25 5.82
19 25 4.52
20 7 2.28
21 1 1.83
22 1 0.01
23 25 7.61
24 7 4.41
25 1 0.01
26 25 1.24
27 1 1.84
28 1 0.01
29 1 1.85
30 10 38.51
31 14 26.04
32 2 8.95
33 17 8.46
34 7 15.43
35 25 2.69
36 1 1.86
37 1 0.01
38 1 0.01
39 1 0.01
40 1 0.01
41 1 3.68
42 1 1.83
43 1 0.01
44 7 2.90
45 1 0.01
46 25 2.70
47 1 1.84
48 1 0.01
49 25 3.79
50 15 62.75
51 1 0.01
52 7 6.77
53 1 1.86
54 1 0.01
55 1 0.01
56 1 0.01
57 1 0.01
58 1 0.01
59 1 0.01
60 1 0.01
61 1 1.84
62 1 0.01
63 1 0.01
64 1 0.01
65 17 23.36
66 17 11.93
67 2 12.93
68 25 8.82
69 25 10.35
70 25 4.84
71 1 0.01
72 1 0.01
73 1 0.01
74 6 19.86
75 1 1.84
76 1 0.01
77 14 18.76
78 25 2.62
79 7 6.31
80 2 12.02
81 2 15.46
82 1 0.01
83 1 0.01
84 1 0.01
85 18 31.94
86 14 20.47
87 23 26.35
88 23 13.51
89 25 2.69
90 17 14.62
91 25 6.67
92 6 2.59
93 1 0.01
94 1 0.01
95 20 28.80
96 14 17.59
97 25 2.67
98 17 10.71
99 6 10.22
100 25 7.37
101 1 1.84
102 1 0.01
103 1 0.01
104 1 0.01
105 1 0.01
