1 16 17.07
2 10 26.31
3 9 14.35
4 16 15.56
5 14 15.04
6 23 7.56
7 17 8.33
8 2 12.60
9 6 3.44
10 1 3.70
11 1 0.01
12 1 0.01
13 1 0.01
14 1 0.01
15 6 9.04
16 25 1.50
17 25 1.24
18 1 0.01
19 1 0.01
20 1 0.01
21 8 44.03
22 9 28.22
23 2 8.54
24 10 23.03
25 21 31.06
26 25 6.38
27 20 33.88
28 23 12.20
29 23 20.45
30 14 17.55
31 25 1.50
32 6 5.60
33 25 2.80
34 1 1.85
35 1 0.01
36 25 5.92
37 25 1.24
38 1 0.01
39 1 0.01
40 7 2.97
41 25 1.24
42 1 0.01
43 1 0.01
44 1 0.01
45 18 20.16
46 13 13.74
47 16 31.96
48 10 36.28
49 5 22.96
50 17 12.11
51 17 25.84
52 25 6.29
53 6 4.81
54 7 4.24
55 1 0.01
56 1 1.86
57 25 4.91
58 1 1.85
59 1 0.01
60 1 0.01
61 25 1.24
62 1 0.01
63 1 0.01
64 1 0.01
65 9 17.11
66 9 26.52
67 2 7.69
68 5 13.75
69 21 26.40
70 2 8.51
71 11 23.81
72 18 22.95
73 18 19.46
74 2 8.78
75 20 16.52
76 9 19.19
77 10 15.82
78 5 16.69
79 23 15.87
80 17 13.81
81 2 29.65
82 17 9.44
83 6 17.13
84 7 4.65
85 1 0.01
86 1 1.84
87 25 12.60
88 1 0.01
89 1 1.85
90 1 0.01
91 25 1.24
92 1 0.01
93 1 0.01
94 1 0.01
95 2 13.19
96 7 5.17
97 1 0.01
98 5 18.42
99 23 10.08
100 17 15.75
101 25 2.90
102 6 10.11
103 6 12.86
104 7 2.65
105 1 0.01
106 1 0.01
107 1 0.01
108 1 0.01
109 1 0.01
110 1 0.01
111 8 46.37
112 2 8.64
113 10 20.63
114 23 26.32
115 23 10.50
116 17 10.54
117 2 11.83
118 6 3.28
119 7 3.53
120 1 0.01
121 1 0.01
122 1 0.01
123 25 3.79
124 15 7.70
125 1 0.01
126 1 0.01
127 1 0.01
128 1 0.01
129 1 0.01
130 10 25.13
131 2 31.33
132 7 5.67
133 2 8.13
134 18 17.15
135 18 30.25
136 2 8.78
137 20 19.29
138 18 24.14
139 2 8.42
140 5 20.26
141 21 32.66
142 10 15.32
143 9 15.20
144 23 32.72
145 17 11.57
146 14 17.29
147 17 9.55
148 6 3.12
149 7 4.61
150 1 0.01
151 1 1.86
152 25 9.81
153 1 0.01
154 25 1.24
155 1 0.01
156 1 0.01
157 1 0.01
158 1 0.01
159 1 0.01
160 1 0.01
161 1 0.01
162 14 46.38
163 21 22.09
164 14 18.15
165 2 18.69
166 25 6.03
167 7 9.44
168 1 2.00
169 1 0.01
170 25 1.52
171 1 1.84
172 1 0.01
173 1 0.01
