1 1 0.01
2 9 3.31
3 14 2.93
4 1 0.01
5 1 0.01
6 14 4.59
7 14 4.03
8 14 9.86
9 14 2.22
10 14 2.62
11 14 1.19
12 1 0.01
13 8 16.59
14 13 15.57
15 3 20.48
16 8 20.64
17 3 16.48
18 2 7.53
19 8 23.18
20 17 14.29
21 11 15.75
22 10 12.78
23 9 8.58
24 25 19.95
25 14 4.03
26 1 0.01
27 1 0.01
28 1 0.01
29 1 0.01
30 1 1.76
31 1 0.01
32 1 0.01
33 1 0.01
34 1 0.01
35 1 0.01
36 2 20.52
37 21 31.45
38 17 20.61
39 17 15.61
40 2 13.01
41 10 9.28
42 10 8.66
43 1 0.01
44 14 2.56
45 14 1.14
46 1 0.01
47 1 0.01
48 1 0.01
49 1 0.01
50 1 0.01
51 1 0.01
52 1 0.01
53 14 7.66
54 1 0.01
55 14 3.93
56 1 1.76
57 1 0.01
58 1 0.01
59 1 0.01
60 1 1.76
61 1 0.01
62 1 0.01
63 22 23.77
64 15 48.44
65 17 17.41
66 10 10.90
67 17 7.45
68 9 8.48
69 9 6.70
70 14 1.29
71 1 0.01
72 14 1.02
73 1 0.01
74 9 2.40
75 9 3.67
76 1 0.01
77 1 0.01
78 1 0.01
79 1 0.01
80 14 4.56
81 1 0.01
82 14 4.17
83 1 0.01
84 14 2.64
85 1 0.01
86 1 0.01
87 1 0.01
88 18 17.35
89 24 25.65
90 2 7.94
91 11 35.54
92 10 14.33
93 10 18.32
94 9 2.94
95 25 23.30
96 14 1.14
97 1 0.01
98 1 0.01
99 1 0.01
100 1 0.01
101 1 0.01
102 1 0.01
103 1 0.01
104 1 0.01
105 1 0.01
106 1 0.01
107 1 0.01
108 1 0.01
109 12 19.24
110 8 33.57
111 7 37.38
112 23 25.83
113 8 19.68
114 3 17.30
115 13 10.83
116 23 21.34
117 17 12.64
118 10 10.39
119 10 12.78
120 9 8.58
121 25 15.08
122 14 1.02
123 1 0.01
124 1 0.01
125 1 0.01
126 1 0.01
