1 1 0.01
2 1 0.01
3 1 2.00
4 1 0.01
5 1 0.01
6 25 4.03
7 7 5.87
8 1 1.83
9 1 0.01
10 1 0.01
11 1 1.83
12 25 1.24
13 1 0.01
14 25 2.80
15 25 5.78
16 1 1.85
17 1 1.83
18 1 0.01
19 1 0.01
20 25 4.61
21 1 0.01
22 25 2.25
23 25 1.24
24 1 0.01
25 1 0.01
26 1 0.01
27 1 0.01
28 1 0.01
29 1 0.01
30 1 1.86
31 1 1.85
32 1 0.01
33 1 0.01
34 15 6.77
35 1 1.86
36 1 0.01
37 1 0.01
38 1 0.01
39 1 0.01
40 1 0.01
41 1 0.01
42 25 3.17
43 1 0.01
44 1 0.01
45 1 0.01
46 1 0.01
47 1 0.01
48 1 0.01
49 1 0.01
50 25 3.79
51 25 3.56
52 1 0.01
53 1 0.01
54 1 0.01
55 1 1.85
56 1 0.01
57 1 0.01
58 1 0.01
