1 0 0 0 0 0 0 0 0 0 0 0 0 0 0 0 0 0 
2 0 0 0 0 0 0 0 0 0 0 0 0 0 0 0 0 0 
3 0 0 0 0 0 0 0 0 0 0 0 0 0 0 0 0 0 
4 0 0 0 0 0 0 0 0 0 0 0 0 0 0 0 0 0 
5 0 0 0 0 0 4 0 0 0 0 0 0 0 0 0 0 0 
6 0 0 0 0 0 1 0 0 0 0 0 0 0 0 0 0 0 
7 0 0 0 0 0 0 0 0 0 0 0 0 0 0 0 0 0 
8 1 0 0 0 0 1 0 0 1 0 0 0 0 0 0 0 0 
9 0 0 0 0 0 1 0 0 0 0 0 0 0 0 0 0 0 
10 0 0 0 0 0 0 0 0 0 0 0 0 0 0 0 0 0 
11 1 0 0 0 0 1 0 0 1 0 0 0 0 0 0 0 0 
12 0 0 0 0 0 0 0 0 0 0 0 0 0 0 0 0 0 
13 0 0 0 0 0 0 0 0 0 0 0 0 0 0 0 0 0 
14 0 0 0 0 0 2 0 0 0 0 0 0 0 0 0 0 0 
15 0 0 0 0 0 0 0 0 0 0 0 0 0 0 0 0 0 
16 0 0 0 0 0 1 0 0 0 0 0 0 0 0 0 0 0 
17 0 0 0 0 0 0 0 0 0 0 0 0 0 0 0 0 0 
18 0 0 0 0 0 1 0 0 0 0 0 0 0 0 0 0 0 
19 0 0 0 0 0 0 0 0 0 0 0 0 0 0 0 0 0 
20 0 0 0 0 0 1 0 0 0 0 0 0 0 0 0 0 0 
21 0 0 0 0 0 0 0 0 0 0 0 0 0 0 0 0 0 
22 0 0 0 0 0 0 0 0 0 0 0 0 0 0 0 0 0 
23 0 0 0 0 0 0 0 0 0 0 0 0 0 0 0 0 0 
24 0 0 0 0 0 0 0 0 0 0 0 0 0 0 0 0 0 
25 0 0 0 0 0 0 0 0 0 0 0 0 0 0 0 0 0 
26 0 0 0 0 0 0 0 0 0 0 0 0 0 0 0 0 0 
27 0 0 0 0 0 0 0 0 0 0 0 0 0 0 0 0 0 
28 0 0 0 0 0 0 0 0 0 0 0 0 0 0 0 0 0 
29 1 0 0 0 0 1 0 0 0 0 0 0 0 0 0 0 0 
30 0 0 0 0 0 0 0 0 0 0 0 0 0 0 0 0 0 
31 0 0 0 0 0 1 0 0 0 0 0 0 0 0 0 0 0 
32 0 0 0 0 0 0 0 0 0 0 0 0 0 0 0 0 0 
33 0 1 0 0 0 3 1 0 0 0 0 0 0 0 0 0 0 
34 2 1 1 0 0 4 0 0 4 0 0 0 0 0 0 0 0 
35 0 2 0 0 0 11 2 0 0 0 0 1 1 0 0 0 0 
36 0 0 0 0 0 0 0 0 0 0 0 0 0 0 0 0 0 
37 0 0 0 0 0 0 0 0 0 0 0 0 0 0 0 0 0 
38 0 0 0 0 0 0 0 0 0 0 0 0 0 0 0 0 0 
39 0 0 0 0 0 0 0 0 0 0 0 0 0 0 0 0 0 
40 1 0 0 1 0 1 0 0 1 0 0 0 0 0 0 0 0 
41 1 0 0 0 0 1 0 0 1 0 0 0 0 0 0 0 0 
42 0 0 0 0 0 3 0 0 0 0 0 0 0 0 0 0 0 
43 2 0 1 1 0 2 0 0 2 0 0 1 0 0 1 0 0 
44 0 0 0 0 0 0 0 0 0 0 0 0 0 0 0 0 0 
45 1 0 0 1 0 4 0 0 4 0 0 1 0 0 1 0 0 
46 2 1 1 2 0 14 2 0 10 0 0 4 1 0 2 0 0 
47 1 2 0 1 0 14 2 0 6 0 0 4 1 0 2 0 0 
48 1 0 0 1 0 2 0 0 2 0 0 1 0 0 1 0 0 
49 2 1 1 2 0 10 1 0 8 0 0 3 0 0 3 0 0 
50 2 1 1 2 0 9 2 0 5 0 0 2 1 0 0 0 0 
51 1 2 0 0 0 4 1 0 2 0 0 3 1 0 1 0 0 
52 1 0 0 1 0 0 0 0 0 0 0 0 0 0 0 0 0 
53 2 1 1 0 0 4 0 0 4 0 0 0 0 0 0 0 0 
54 0 1 0 0 0 2 2 0 0 0 0 0 0 0 0 0 0 
55 0 0 0 0 0 0 0 0 0 0 0 0 0 0 0 0 0 
56 0 0 0 0 0 0 0 0 0 0 0 0 0 0 0 0 0 
57 0 0 0 0 0 4 0 0 0 0 0 0 0 0 0 0 0 
58 1 0 0 0 0 9 0 0 9 0 0 0 0 0 0 0 0 
59 2 0 1 0 0 22 0 0 6 0 0 1 0 0 1 0 0 
60 0 2 0 0 0 0 0 0 0 0 0 0 0 0 0 0 0 
61 1 2 0 0 0 20 4 0 3 0 0 0 0 0 0 0 0 
62 0 0 0 0 0 0 0 0 0 0 0 0 0 0 0 0 0 
63 0 0 0 0 0 2 0 0 0 0 0 0 0 0 0 0 0 
64 0 0 0 0 0 1 0 0 0 0 0 0 0 0 0 0 0 
65 0 0 0 0 0 0 0 0 0 0 0 0 0 0 0 0 0 
66 1 0 0 0 0 1 0 0 1 0 0 0 0 0 0 0 0 
67 0 0 0 0 0 1 0 0 0 0 0 0 0 0 0 0 0 
68 0 0 0 0 0 0 0 0 0 0 0 0 0 0 0 0 0 
69 0 1 0 0 0 1 1 0 0 0 0 0 0 0 0 0 0 
70 0 0 0 0 0 0 0 0 0 0 0 0 0 0 0 0 0 
71 3 0 2 1 0 1 1 0 1 1 0 0 0 0 0 0 0 
72 0 0 0 0 0 0 0 0 0 0 0 0 0 0 0 0 0 
73 0 0 0 0 0 0 0 0 0 0 0 0 0 0 0 0 0 
74 1 0 0 0 0 0 0 0 0 0 0 0 0 0 0 0 0 
75 0 0 0 0 0 0 0 0 0 0 0 0 0 0 0 0 0 
76 0 0 0 0 0 0 0 0 0 0 0 0 0 0 0 0 0 
77 0 0 0 0 0 0 0 0 0 0 0 0 0 0 0 0 0 
78 0 0 0 0 0 0 0 0 0 0 0 0 0 0 0 0 0 
79 0 0 0 0 0 0 0 0 0 0 0 0 0 0 0 0 0 
80 0 0 0 0 0 0 0 0 0 0 0 0 0 0 0 0 0 
81 0 0 0 0 0 0 0 0 0 0 0 0 0 0 0 0 0 
82 0 0 0 0 0 0 0 0 0 0 0 0 0 0 0 0 0 
83 0 1 0 0 0 4 2 0 0 0 0 0 0 0 0 0 0 
84 1 0 0 0 0 1 0 0 1 0 0 0 0 0 0 0 0 
85 0 0 0 0 0 3 0 0 0 0 0 0 0 0 0 0 0 
86 2 1 1 2 0 22 2 0 14 0 0 4 1 0 2 0 0 
87 4 1 3 1 0 27 2 0 11 0 0 4 1 0 2 0 0 
88 2 1 1 1 0 14 1 0 2 0 0 1 0 0 1 0 0 
89 2 1 1 1 0 1 0 0 1 0 0 0 0 0 0 0 0 
90 1 2 0 0 0 7 0 0 3 0 0 1 0 0 0 0 0 
91 0 0 0 0 0 1 0 0 0 0 0 0 0 0 0 0 0 
92 0 0 0 0 0 0 0 0 0 0 0 0 0 0 0 0 0 
93 0 0 0 0 0 0 0 0 0 0 0 0 0 0 0 0 0 
94 1 1 0 0 0 3 3 0 0 0 0 0 0 0 0 0 0 
95 0 0 0 0 0 0 0 0 0 0 0 0 0 0 0 0 0 
96 0 0 0 0 0 0 0 0 0 0 0 0 0 0 0 0 0 
97 0 0 0 0 0 3 0 0 0 0 0 0 0 0 0 0 0 
98 1 2 0 1 0 22 2 0 6 0 0 4 1 0 2 0 0 
99 1 0 0 1 0 28 0 0 2 0 0 0 0 0 0 0 0 
100 2 1 1 1 0 8 1 0 6 0 0 3 0 0 3 0 0 
101 2 1 1 2 0 10 1 0 8 0 0 1 0 0 1 0 0 
102 1 2 0 0 0 12 2 0 6 0 0 3 1 0 1 0 0 
103 0 1 0 0 0 2 0 0 0 0 0 1 0 0 0 0 0 
104 1 0 0 1 0 6 0 0 6 0 0 0 0 0 0 0 0 
105 1 2 0 0 0 16 3 0 8 0 0 3 1 0 1 0 0 
106 0 1 0 0 0 2 0 0 0 0 0 0 0 0 0 0 0 
107 1 0 0 1 0 3 0 0 3 0 0 1 0 0 1 0 0 
108 1 2 0 1 0 17 1 0 4 0 0 2 0 0 1 0 0 
109 0 1 0 0 0 4 0 0 0 0 0 1 0 0 0 0 0 
110 0 1 0 0 0 4 0 0 0 0 0 1 0 0 0 0 0 
111 1 0 0 1 0 4 0 0 4 0 0 1 0 0 1 0 0 
112 2 1 1 2 0 14 2 0 10 0 0 6 1 0 3 0 0 
113 2 1 1 3 0 21 2 0 17 0 0 6 1 0 4 0 0 
114 2 2 1 2 0 6 3 0 0 0 0 2 1 0 0 0 0 
115 2 1 1 2 0 3 2 0 3 2 0 2 2 0 2 2 0 
116 2 1 1 3 0 5 2 0 3 1 0 0 0 0 0 0 0 
117 3 0 2 0 0 2 0 0 0 0 0 0 0 0 0 0 0 
118 0 0 0 0 0 0 0 0 0 0 0 0 0 0 0 0 0 
119 0 0 0 0 0 0 0 0 0 0 0 0 0 0 0 0 0 
120 0 0 0 0 0 0 0 0 0 0 0 0 0 0 0 0 0 
121 0 0 0 0 0 0 0 0 0 0 0 0 0 0 0 0 0 
122 0 0 0 0 0 0 0 0 0 0 0 0 0 0 0 0 0 
123 4 0 4 0 0 19 0 0 6 0 0 0 0 0 0 0 0 
124 0 0 0 0 0 13 0 0 0 0 0 0 0 0 0 0 0 
125 0 1 0 0 0 2 2 0 0 0 0 0 0 0 0 0 0 
126 0 0 0 0 0 0 0 0 0 0 0 0 0 0 0 0 0 
127 0 2 0 0 0 2 1 0 0 0 0 0 0 0 0 0 0 
128 0 1 0 0 0 1 1 0 0 0 0 0 0 0 0 0 0 
129 0 0 0 0 0 0 0 0 0 0 0 0 0 0 0 0 0 
130 0 0 0 0 0 1 0 0 0 0 0 0 0 0 0 0 0 
131 0 0 0 0 0 0 0 0 0 0 0 0 0 0 0 0 0 
132 0 0 0 0 0 1 0 0 0 0 0 0 0 0 0 0 0 
133 0 0 0 0 0 0 0 0 0 0 0 0 0 0 0 0 0 
134 0 0 0 0 0 2 0 0 0 0 0 0 0 0 0 0 0 
135 1 0 0 0 0 0 0 0 0 0 0 0 0 0 0 0 0 
136 0 0 0 0 0 0 0 0 0 0 0 0 0 0 0 0 0 
137 0 0 0 0 0 0 0 0 0 0 0 0 0 0 0 0 0 
138 0 0 0 0 0 0 0 0 0 0 0 0 0 0 0 0 0 
139 0 0 0 0 0 0 0 0 0 0 0 0 0 0 0 0 0 
140 0 0 0 0 0 0 0 0 0 0 0 0 0 0 0 0 0 
141 0 0 0 0 0 0 0 0 0 0 0 0 0 0 0 0 0 
142 0 0 0 0 0 0 0 0 0 0 0 0 0 0 0 0 0 
143 0 0 0 0 0 0 0 0 0 0 0 0 0 0 0 0 0 
144 0 0 0 0 0 0 0 0 0 0 0 0 0 0 0 0 0 
145 1 0 0 1 0 3 3 0 3 3 0 0 0 0 0 0 0 
146 1 0 0 0 0 0 0 0 0 0 0 0 0 0 0 0 0 
147 0 0 0 0 0 0 0 0 0 0 0 0 0 0 0 0 0 
148 1 1 0 0 0 0 0 0 0 0 0 0 0 0 0 0 0 
149 0 0 0 0 0 0 0 0 0 0 0 0 0 0 0 0 0 
150 0 0 0 0 0 0 0 0 0 0 0 0 0 0 0 0 0 
151 0 0 0 0 0 0 0 0 0 0 0 0 0 0 0 0 0 
152 0 0 0 0 0 0 0 0 0 0 0 0 0 0 0 0 0 
153 1 2 0 1 0 6 6 0 0 0 0 0 0 0 0 0 0 
154 1 0 0 0 0 0 0 0 0 0 0 0 0 0 0 0 0 
155 0 0 0 0 0 0 0 0 0 0 0 0 0 0 0 0 0 
156 0 0 0 0 0 0 0 0 0 0 0 0 0 0 0 0 0 
157 2 1 1 0 0 7 1 0 6 0 0 0 0 0 0 0 0 
158 0 1 0 0 0 2 2 0 0 0 0 0 0 0 0 0 0 
159 0 0 0 0 0 0 0 0 0 0 0 0 0 0 0 0 0 
160 0 1 0 0 0 6 3 0 0 0 0 1 1 0 0 0 0 
161 0 0 0 0 0 12 0 0 0 0 0 0 0 0 0 0 0 
162 2 1 1 1 0 4 1 0 2 0 0 3 1 0 1 0 0 
163 2 1 1 1 0 5 0 0 5 0 0 1 0 0 1 0 0 
164 3 1 3 0 0 4 1 0 0 0 0 0 0 0 0 0 0 
165 0 1 0 0 0 1 1 0 0 0 0 0 0 0 0 0 0 
166 0 0 0 0 0 0 0 0 0 0 0 0 0 0 0 0 0 
167 0 0 0 0 0 2 0 0 0 0 0 0 0 0 0 0 0 
168 0 0 0 0 0 0 0 0 0 0 0 0 0 0 0 0 0 
169 0 0 0 0 0 0 0 0 0 0 0 0 0 0 0 0 0 
170 0 0 0 0 0 0 0 0 0 0 0 0 0 0 0 0 0 
171 2 1 1 0 0 13 0 0 12 0 0 2 0 0 2 0 0 
172 0 2 0 0 0 5 1 0 0 0 0 1 0 0 0 0 0 
173 3 2 2 1 0 31 2 0 10 0 0 4 1 0 1 0 0 
174 0 1 0 0 0 4 0 0 0 0 0 1 0 0 0 0 0 
175 1 0 0 1 0 4 0 0 4 0 0 1 0 0 1 0 0 
176 2 1 1 2 0 18 2 0 12 0 0 5 1 0 3 0 0 
177 2 1 1 2 0 22 2 0 10 0 0 5 1 0 3 0 0 
178 2 1 1 2 0 14 2 0 10 0 0 5 1 0 3 0 0 
179 2 1 1 2 0 14 2 0 10 0 0 5 1 0 3 0 0 
180 2 1 1 2 0 24 2 0 20 0 0 5 1 0 3 0 0 
181 2 1 1 2 0 22 4 0 14 0 0 4 1 0 2 0 0 
182 2 1 1 1 0 7 2 0 3 0 0 3 1 0 1 0 0 
183 2 1 1 1 0 1 0 0 1 0 0 1 0 0 1 0 0 
184 3 1 3 1 0 27 0 0 10 0 0 1 0 0 1 0 0 
185 1 1 0 1 0 3 2 0 0 0 0 0 0 0 0 0 0 
186 0 0 0 0 0 0 0 0 0 0 0 0 0 0 0 0 0 
187 0 0 0 0 0 0 0 0 0 0 0 0 0 0 0 0 0 
188 1 1 0 0 0 6 3 0 0 0 0 0 0 0 0 0 0 
189 0 0 0 0 0 0 0 0 0 0 0 0 0 0 0 0 0 
190 0 0 0 0 0 2 0 0 0 0 0 0 0 0 0 0 0 
191 0 0 0 0 0 0 0 0 0 0 0 0 0 0 0 0 0 
192 0 0 0 0 0 0 0 0 0 0 0 0 0 0 0 0 0 
193 0 0 0 0 0 0 0 0 0 0 0 0 0 0 0 0 0 
194 0 0 0 0 0 0 0 0 0 0 0 0 0 0 0 0 0 
195 0 0 0 0 0 0 0 0 0 0 0 0 0 0 0 0 0 
196 1 0 0 1 0 2 0 0 2 0 0 1 0 0 1 0 0 
197 2 1 1 2 0 10 1 0 8 0 0 2 0 0 2 0 0 
198 1 2 0 1 0 14 2 0 6 0 0 3 1 0 1 0 0 
199 0 1 0 0 0 2 0 0 0 0 0 1 0 0 0 0 0 
200 1 0 0 1 0 4 0 0 4 0 0 1 0 0 1 0 0 
201 2 1 1 2 0 9 2 0 5 0 0 2 1 0 0 0 0 
202 1 2 0 0 0 8 1 0 4 0 0 3 1 0 1 0 0 
203 1 0 0 1 0 2 0 0 2 0 0 1 0 0 1 0 0 
204 2 1 1 1 0 2 1 0 1 0 0 0 0 0 0 0 0 
205 0 1 0 0 0 2 1 0 0 0 0 1 1 0 0 0 0 
206 0 0 0 0 0 4 0 0 0 0 0 0 0 0 0 0 0 
207 1 0 0 0 0 0 0 0 0 0 0 0 0 0 0 0 0 
208 0 0 0 0 0 0 0 0 0 0 0 0 0 0 0 0 0 
209 0 0 0 0 0 0 0 0 0 0 0 0 0 0 0 0 0 
210 0 0 0 0 0 0 0 0 0 0 0 0 0 0 0 0 0 
211 0 0 0 0 0 0 0 0 0 0 0 0 0 0 0 0 0 
212 0 0 0 0 0 0 0 0 0 0 0 0 0 0 0 0 0 
213 0 0 0 0 0 3 0 0 0 0 0 1 0 0 0 0 0 
214 0 0 0 0 0 0 0 0 0 0 0 0 0 0 0 0 0 
215 0 1 0 0 0 1 1 0 0 0 0 0 0 0 0 0 0 
216 0 0 0 0 0 0 0 0 0 0 0 0 0 0 0 0 0 
217 1 1 0 1 0 8 3 0 4 2 0 0 0 0 0 0 0 
218 0 0 0 0 0 0 0 0 0 0 0 0 0 0 0 0 0 
219 0 0 0 0 0 0 0 0 0 0 0 0 0 0 0 0 0 
220 1 0 0 2 0 4 4 0 4 4 0 1 1 0 1 1 0 
221 2 1 1 1 0 12 2 0 8 0 0 3 1 0 1 0 0 
222 1 2 0 0 0 10 1 0 4 0 0 3 0 0 2 0 0 
223 1 0 0 1 0 24 0 0 4 0 0 1 0 0 1 0 0 
224 1 2 0 1 0 14 2 0 6 0 0 4 1 0 1 0 0 
225 0 1 0 0 0 4 0 0 0 0 0 1 0 0 0 0 0 
226 1 0 0 1 0 4 0 0 4 0 0 0 0 0 0 0 0 
227 2 1 1 1 0 7 2 0 3 0 0 3 1 0 1 0 0 
228 2 1 1 1 0 1 0 0 1 0 0 1 0 0 1 0 0 
229 2 1 1 0 0 6 0 0 6 0 0 0 0 0 0 0 0 
230 0 2 0 0 0 7 3 0 0 0 0 0 0 0 0 0 0 
231 0 0 0 0 0 0 0 0 0 0 0 0 0 0 0 0 0 
232 0 0 0 0 0 0 0 0 0 0 0 0 0 0 0 0 0 
233 1 0 0 1 0 1 1 0 1 1 0 0 0 0 0 0 0 
234 1 0 0 2 0 2 2 0 2 2 0 0 0 0 0 0 0 
235 2 1 1 0 0 2 0 0 2 0 0 0 0 0 0 0 0 
236 0 1 0 0 0 1 1 0 0 0 0 0 0 0 0 0 0 
237 0 0 0 0 0 0 0 0 0 0 0 0 0 0 0 0 0 
238 0 0 0 0 0 0 0 0 0 0 0 0 0 0 0 0 0 
239 0 0 0 0 0 0 0 0 0 0 0 0 0 0 0 0 0 
240 0 0 0 0 0 0 0 0 0 0 0 0 0 0 0 0 0 
241 2 1 1 2 0 9 2 0 5 0 0 3 1 0 1 0 0 
242 2 1 1 1 0 4 1 0 2 0 0 3 1 0 1 0 0 
243 2 1 1 1 0 1 0 0 1 0 0 1 0 0 1 0 0 
244 2 1 1 0 0 8 0 0 8 0 0 0 0 0 0 0 0 
245 0 1 0 0 0 4 4 0 0 0 0 0 0 0 0 0 0 
246 0 0 0 0 0 0 0 0 0 0 0 0 0 0 0 0 0 
247 0 0 0 0 0 0 0 0 0 0 0 0 0 0 0 0 0 
248 3 1 2 0 0 8 0 0 4 0 0 4 0 0 3 0 0 
249 0 1 0 0 0 4 0 0 0 0 0 0 0 0 0 0 0 
250 0 1 0 0 0 2 0 0 0 0 0 0 0 0 0 0 0 
251 0 1 0 0 0 0 0 0 0 0 0 0 0 0 0 0 0 
252 1 0 0 1 0 2 0 0 2 0 0 1 0 0 1 0 0 
253 1 3 0 1 0 0 0 0 0 0 0 0 0 0 0 0 0 
254 0 1 0 0 0 1 1 0 0 0 0 1 1 0 0 0 0 
255 0 0 0 0 0 0 0 0 0 0 0 0 0 0 0 0 0 
256 1 0 0 0 0 0 0 0 0 0 0 0 0 0 0 0 0 
257 0 0 0 0 0 0 0 0 0 0 0 0 0 0 0 0 0 
258 0 0 0 0 0 0 0 0 0 0 0 0 0 0 0 0 0 
