702 0 0 0 0 0 0 0 0 0 0 0 0 0 0 0 0 0 
703 1 0 0 0 0 8 0 0 4 0 0 1 0 0 1 0 0 
704 0 2 0 0 0 8 0 0 0 0 0 0 0 0 0 0 0 
705 0 2 0 0 0 2 1 0 0 0 0 1 0 0 0 0 0 
706 0 1 0 0 0 3 3 0 0 0 0 1 1 0 0 0 0 
707 0 0 0 0 0 0 0 0 0 0 0 0 0 0 0 0 0 
708 1 0 0 1 0 4 2 0 4 2 0 1 1 0 1 1 0 
709 1 1 0 1 0 8 2 0 4 0 0 0 0 0 0 0 0 
710 0 0 0 0 0 0 0 0 0 0 0 0 0 0 0 0 0 
711 2 0 1 1 0 7 0 0 3 0 0 0 0 0 0 0 0 
712 1 0 0 0 0 5 0 0 1 0 0 0 0 0 0 0 0 
713 0 0 0 0 0 2 0 0 0 0 0 0 0 0 0 0 0 
714 0 0 0 0 0 1 0 0 0 0 0 0 0 0 0 0 0 
715 0 0 0 0 0 0 0 0 0 0 0 0 0 0 0 0 0 
716 1 0 0 0 0 1 0 0 1 0 0 0 0 0 0 0 0 
717 0 1 0 0 0 2 1 0 0 0 0 0 0 0 0 0 0 
718 0 1 0 0 0 8 2 0 0 0 0 0 0 0 0 0 0 
719 3 0 3 0 0 1 0 0 0 0 0 0 0 0 0 0 0 
720 0 0 0 0 0 0 0 0 0 0 0 0 0 0 0 0 0 
721 0 0 0 0 0 1 0 0 0 0 0 0 0 0 0 0 0 
722 0 0 0 0 0 0 0 0 0 0 0 0 0 0 0 0 0 
723 0 0 0 0 0 1 0 0 0 0 0 0 0 0 0 0 0 
724 0 0 0 0 0 0 0 0 0 0 0 0 0 0 0 0 0 
725 0 0 0 0 0 1 0 0 0 0 0 0 0 0 0 0 0 
726 0 0 0 0 0 0 0 0 0 0 0 0 0 0 0 0 0 
727 0 0 0 0 0 1 0 0 0 0 0 0 0 0 0 0 0 
728 0 0 0 0 0 0 0 0 0 0 0 0 0 0 0 0 0 
729 0 0 0 0 0 2 0 0 0 0 0 0 0 0 0 0 0 
730 0 0 0 0 0 0 0 0 0 0 0 0 0 0 0 0 0 
731 1 0 0 1 0 2 1 0 2 1 0 0 0 0 0 0 0 
732 1 0 0 0 0 3 0 0 1 0 0 0 0 0 0 0 0 
733 0 0 0 0 0 3 0 0 0 0 0 0 0 0 0 0 0 
734 0 0 0 0 0 0 0 0 0 0 0 0 0 0 0 0 0 
735 0 1 0 0 0 2 1 0 0 0 0 0 0 0 0 0 0 
736 0 1 0 0 0 2 1 0 0 0 0 0 0 0 0 0 0 
737 0 0 0 0 0 1 0 0 0 0 0 0 0 0 0 0 0 
738 0 0 0 0 0 0 0 0 0 0 0 0 0 0 0 0 0 
739 0 1 0 0 0 1 1 0 0 0 0 0 0 0 0 0 0 
740 0 0 0 0 0 0 0 0 0 0 0 0 0 0 0 0 0 
741 0 1 0 0 0 4 1 0 0 0 0 0 0 0 0 0 0 
742 0 0 0 0 0 0 0 0 0 0 0 0 0 0 0 0 0 
743 7 4 7 1 0 29 5 0 6 2 0 0 0 0 0 0 0 
744 0 0 0 0 0 0 0 0 0 0 0 0 0 0 0 0 0 
745 1 0 0 0 0 2 0 0 0 0 0 0 0 0 0 0 0 
746 0 0 0 0 0 0 0 0 0 0 0 0 0 0 0 0 0 
747 0 0 0 0 0 4 0 0 0 0 0 0 0 0 0 0 0 
748 0 1 0 0 0 4 2 0 0 0 0 0 0 0 0 0 0 
749 0 0 0 0 0 2 0 0 0 0 0 0 0 0 0 0 0 
750 1 0 0 0 0 2 0 0 2 0 0 0 0 0 0 0 0 
751 1 0 0 0 0 5 0 0 2 0 0 0 0 0 0 0 0 
752 0 0 0 0 0 2 0 0 0 0 0 0 0 0 0 0 0 
753 0 0 0 0 0 1 0 0 0 0 0 0 0 0 0 0 0 
754 0 0 0 0 0 0 0 0 0 0 0 0 0 0 0 0 0 
755 0 0 0 0 0 4 0 0 0 0 0 0 0 0 0 0 0 
756 0 0 0 0 0 0 0 0 0 0 0 0 0 0 0 0 0 
757 0 0 0 0 0 2 0 0 0 0 0 0 0 0 0 0 0 
758 1 0 0 2 0 4 4 0 4 4 0 2 2 0 2 2 0 
759 2 1 1 2 0 9 2 0 5 0 0 2 0 0 1 0 0 
760 2 1 1 0 0 4 1 0 3 0 0 3 1 0 2 0 0 
761 0 2 0 0 0 0 0 0 0 0 0 0 0 0 0 0 0 
762 2 1 1 0 0 8 3 0 5 0 0 0 0 0 0 0 0 
763 0 1 0 0 0 1 1 0 0 0 0 0 0 0 0 0 0 
764 0 0 0 0 0 0 0 0 0 0 0 0 0 0 0 0 0 
765 3 0 0 0 3 6 0 0 3 0 0 1 0 0 1 0 0 
766 0 0 0 0 0 0 0 0 0 0 0 0 0 0 0 0 0 
767 1 0 0 0 0 2 0 0 0 0 0 0 0 0 0 0 0 
768 0 0 0 0 0 0 0 0 0 0 0 0 0 0 0 0 0 
769 0 0 0 0 0 3 0 0 0 0 0 0 0 0 0 0 0 
770 1 0 0 0 0 1 0 0 0 0 0 0 0 0 0 0 0 
771 0 0 0 0 0 0 0 0 0 0 0 0 0 0 0 0 0 
772 0 0 0 0 0 0 0 0 0 0 0 0 0 0 0 0 0 
773 0 0 0 0 0 0 0 0 0 0 0 0 0 0 0 0 0 
774 0 0 0 0 0 0 0 0 0 0 0 0 0 0 0 0 0 
775 0 0 0 0 0 0 0 0 0 0 0 0 0 0 0 0 0 
776 0 0 0 0 0 0 0 0 0 0 0 0 0 0 0 0 0 
777 0 0 0 0 0 0 0 0 0 0 0 0 0 0 0 0 0 
778 0 1 0 0 0 1 1 0 0 0 0 0 0 0 0 0 0 
779 0 0 0 0 0 0 0 0 0 0 0 0 0 0 0 0 0 
780 0 0 0 0 0 0 0 0 0 0 0 0 0 0 0 0 0 
781 0 0 0 0 0 0 0 0 0 0 0 0 0 0 0 0 0 
782 0 0 0 0 0 0 0 0 0 0 0 0 0 0 0 0 0 
783 0 0 0 0 0 0 0 0 0 0 0 0 0 0 0 0 0 
784 0 0 0 0 0 0 0 0 0 0 0 0 0 0 0 0 0 
785 0 0 0 0 0 0 0 0 0 0 0 0 0 0 0 0 0 
786 0 0 0 0 0 0 0 0 0 0 0 0 0 0 0 0 0 
787 0 0 0 0 0 0 0 0 0 0 0 0 0 0 0 0 0 
788 0 0 0 0 0 0 0 0 0 0 0 0 0 0 0 0 0 
789 0 0 0 0 0 0 0 0 0 0 0 0 0 0 0 0 0 
790 0 0 0 0 0 0 0 0 0 0 0 0 0 0 0 0 0 
791 1 1 0 0 0 2 0 0 1 0 0 0 0 0 0 0 0 
792 0 0 0 0 0 1 0 0 0 0 0 0 0 0 0 0 0 
793 0 0 0 0 0 0 0 0 0 0 0 0 0 0 0 0 0 
794 0 0 0 0 0 2 0 0 0 0 0 1 0 0 0 0 0 
795 0 0 0 0 0 0 0 0 0 0 0 0 0 0 0 0 0 
796 0 0 0 0 0 3 0 0 0 0 0 0 0 0 0 0 0 
797 0 0 0 0 0 0 0 0 0 0 0 0 0 0 0 0 0 
798 0 0 0 0 0 0 0 0 0 0 0 0 0 0 0 0 0 
799 0 0 0 0 0 2 0 0 0 0 0 0 0 0 0 0 0 
800 0 0 0 0 0 0 0 0 0 0 0 0 0 0 0 0 0 
801 0 1 0 0 0 4 1 0 0 0 0 0 0 0 0 0 0 
802 1 3 0 0 0 6 2 0 1 0 0 0 0 0 0 0 0 
803 0 0 0 0 0 1 0 0 0 0 0 0 0 0 0 0 0 
804 0 0 0 0 0 0 0 0 0 0 0 0 0 0 0 0 0 
805 0 0 0 0 0 1 0 0 0 0 0 0 0 0 0 0 0 
806 0 0 0 0 0 0 0 0 0 0 0 0 0 0 0 0 0 
807 0 1 0 0 0 2 2 0 0 0 0 0 0 0 0 0 0 
808 0 0 0 0 0 0 0 0 0 0 0 0 0 0 0 0 0 
809 0 0 0 0 0 0 0 0 0 0 0 0 0 0 0 0 0 
810 1 0 0 0 0 0 0 0 0 0 0 0 0 0 0 0 0 
811 0 0 0 0 0 0 0 0 0 0 0 0 0 0 0 0 0 
812 0 0 0 0 0 0 0 0 0 0 0 0 0 0 0 0 0 
813 0 0 0 0 0 0 0 0 0 0 0 0 0 0 0 0 0 
814 0 0 0 0 0 0 0 0 0 0 0 0 0 0 0 0 0 
815 0 0 0 0 0 0 0 0 0 0 0 0 0 0 0 0 0 
816 0 0 0 0 0 0 0 0 0 0 0 0 0 0 0 0 0 
817 0 0 0 0 0 0 0 0 0 0 0 0 0 0 0 0 0 
818 1 0 0 0 0 0 0 0 0 0 0 0 0 0 0 0 0 
819 0 0 0 0 0 0 0 0 0 0 0 0 0 0 0 0 0 
820 0 0 0 0 0 0 0 0 0 0 0 0 0 0 0 0 0 
821 2 1 1 1 0 5 0 0 4 0 0 2 0 0 1 0 0 
822 0 2 0 0 0 3 1 0 0 0 0 0 0 0 0 0 0 
823 1 0 0 1 0 4 1 0 1 1 0 0 0 0 0 0 0 
824 1 0 0 0 0 1 0 0 1 0 0 0 0 0 0 0 0 
825 0 0 0 0 0 1 0 0 0 0 0 0 0 0 0 0 0 
826 0 0 0 0 0 0 0 0 0 0 0 0 0 0 0 0 0 
827 0 0 0 0 0 1 0 0 0 0 0 0 0 0 0 0 0 
828 0 0 0 0 0 0 0 0 0 0 0 0 0 0 0 0 0 
829 0 0 0 0 0 1 0 0 0 0 0 0 0 0 0 0 0 
830 0 0 0 0 0 0 0 0 0 0 0 0 0 0 0 0 0 
831 0 2 0 0 0 6 4 0 0 0 0 1 1 0 0 0 0 
832 2 1 1 2 0 14 2 0 10 0 0 3 1 0 1 0 0 
833 1 2 0 0 0 12 2 0 6 0 0 5 1 0 2 0 0 
834 1 0 0 1 0 2 0 0 2 0 0 0 0 0 0 0 0 
835 2 1 1 1 0 8 1 0 6 0 0 4 1 0 2 0 0 
836 1 2 0 1 0 14 1 0 6 0 0 4 0 0 2 0 0 
837 1 0 0 0 0 1 0 0 1 0 0 1 0 0 1 0 0 
838 0 2 0 0 0 0 0 0 0 0 0 0 0 0 0 0 0 
839 1 0 0 2 0 0 0 0 0 0 0 0 0 0 0 0 0 
840 2 0 1 0 0 1 0 0 0 0 0 0 0 0 0 0 0 
841 0 0 0 0 0 0 0 0 0 0 0 0 0 0 0 0 0 
842 0 0 0 0 0 0 0 0 0 0 0 0 0 0 0 0 0 
843 0 0 0 0 0 0 0 0 0 0 0 0 0 0 0 0 0 
844 0 0 0 0 0 0 0 0 0 0 0 0 0 0 0 0 0 
845 3 0 0 1 3 2 0 0 2 0 0 0 0 0 0 0 0 
846 2 0 1 0 0 2 0 0 2 0 0 0 0 0 0 0 0 
847 0 0 0 0 0 0 0 0 0 0 0 0 0 0 0 0 0 
848 1 0 0 1 0 9 2 0 4 2 0 1 0 0 0 0 0 
849 0 0 0 0 0 0 0 0 0 0 0 0 0 0 0 0 0 
850 0 1 0 0 0 13 1 0 0 0 0 1 0 0 0 0 0 
851 0 3 0 0 0 4 2 0 0 0 0 0 0 0 0 0 0 
852 0 0 0 0 0 5 0 0 0 0 0 0 0 0 0 0 0 
853 0 0 0 0 0 0 0 0 0 0 0 0 0 0 0 0 0 
854 0 0 0 0 0 1 0 0 0 0 0 0 0 0 0 0 0 
855 0 0 0 0 0 0 0 0 0 0 0 0 0 0 0 0 0 
856 0 0 0 0 0 3 0 0 0 0 0 0 0 0 0 0 0 
857 1 2 0 1 0 0 0 0 0 0 0 0 0 0 0 0 0 
858 2 0 1 0 0 6 0 0 0 0 0 0 0 0 0 0 0 
859 1 0 0 1 0 4 0 0 4 0 0 1 0 0 1 0 0 
860 1 0 0 1 0 9 0 0 4 0 0 1 0 0 1 0 0 
861 2 1 1 2 0 14 2 0 10 0 0 4 1 0 2 0 0 
862 1 2 0 1 0 14 2 0 6 0 0 5 1 0 2 0 0 
863 1 0 0 1 0 4 0 0 4 0 0 1 0 0 1 0 0 
864 2 1 1 2 0 19 2 0 15 0 0 5 1 0 3 0 0 
865 2 1 1 2 0 18 3 0 12 0 0 5 1 0 3 0 0 
866 2 1 1 2 0 9 2 0 5 0 0 3 1 0 1 0 0 
867 2 1 1 1 0 5 1 0 2 0 0 3 1 0 1 0 0 
868 2 1 1 1 0 5 0 0 1 0 0 1 0 0 1 0 0 
869 2 1 1 0 0 2 0 0 2 0 0 0 0 0 0 0 0 
870 0 1 0 0 0 1 1 0 0 0 0 0 0 0 0 0 0 
871 0 0 0 0 0 0 0 0 0 0 0 0 0 0 0 0 0 
872 0 0 0 0 0 0 0 0 0 0 0 0 0 0 0 0 0 
873 0 0 0 0 0 0 0 0 0 0 0 0 0 0 0 0 0 
874 0 0 0 0 0 0 0 0 0 0 0 0 0 0 0 0 0 
875 0 0 0 0 0 1 0 0 0 0 0 0 0 0 0 0 0 
876 0 0 0 0 0 0 0 0 0 0 0 0 0 0 0 0 0 
877 0 0 0 0 0 1 0 0 0 0 0 0 0 0 0 0 0 
878 0 0 0 0 0 0 0 0 0 0 0 0 0 0 0 0 0 
879 0 0 0 0 0 0 0 0 0 0 0 0 0 0 0 0 0 
880 0 0 0 0 0 0 0 0 0 0 0 0 0 0 0 0 0 
881 2 0 1 1 0 2 1 0 2 1 0 0 0 0 0 0 0 
882 0 0 0 0 0 0 0 0 0 0 0 0 0 0 0 0 0 
883 2 0 1 0 0 0 0 0 0 0 0 0 0 0 0 0 0 
884 0 0 0 0 0 0 0 0 0 0 0 0 0 0 0 0 0 
885 0 0 0 0 0 0 0 0 0 0 0 0 0 0 0 0 0 
886 0 0 0 0 0 0 0 0 0 0 0 0 0 0 0 0 0 
887 0 0 0 0 0 1 0 0 0 0 0 0 0 0 0 0 0 
888 0 0 0 0 0 0 0 0 0 0 0 0 0 0 0 0 0 
889 0 0 0 0 0 1 0 0 0 0 0 0 0 0 0 0 0 
890 0 0 0 0 0 0 0 0 0 0 0 0 0 0 0 0 0 
891 0 0 0 0 0 1 0 0 0 0 0 0 0 0 0 0 0 
892 0 0 0 0 0 0 0 0 0 0 0 0 0 0 0 0 0 
893 0 0 0 0 0 2 0 0 0 0 0 0 0 0 0 0 0 
894 0 0 0 0 0 0 0 0 0 0 0 0 0 0 0 0 0 
895 3 0 2 0 0 0 0 0 0 0 0 0 0 0 0 0 0 
896 0 0 0 0 0 0 0 0 0 0 0 0 0 0 0 0 0 
897 0 0 0 0 0 0 0 0 0 0 0 0 0 0 0 0 0 
898 0 0 0 0 0 0 0 0 0 0 0 0 0 0 0 0 0 
899 0 0 0 0 0 0 0 0 0 0 0 0 0 0 0 0 0 
900 1 0 0 0 0 1 0 0 1 0 0 0 0 0 0 0 0 
901 0 0 0 0 0 1 0 0 0 0 0 0 0 0 0 0 0 
902 0 0 0 0 0 0 0 0 0 0 0 0 0 0 0 0 0 
903 0 0 0 0 0 1 0 0 0 0 0 0 0 0 0 0 0 
904 0 0 0 0 0 0 0 0 0 0 0 0 0 0 0 0 0 
905 0 0 0 0 0 1 0 0 0 0 0 0 0 0 0 0 0 
906 0 0 0 0 0 0 0 0 0 0 0 0 0 0 0 0 0 
907 0 0 0 0 0 1 0 0 0 0 0 0 0 0 0 0 0 
908 0 0 0 0 0 0 0 0 0 0 0 0 0 0 0 0 0 
909 5 0 6 0 0 0 0 0 0 0 0 0 0 0 0 0 0 
910 0 1 0 0 0 1 1 0 0 0 0 0 0 0 0 0 0 
911 0 0 0 0 0 0 0 0 0 0 0 0 0 0 0 0 0 
912 0 0 0 0 0 0 0 0 0 0 0 0 0 0 0 0 0 
913 0 0 0 0 0 0 0 0 0 0 0 0 0 0 0 0 0 
914 0 0 0 0 0 0 0 0 0 0 0 0 0 0 0 0 0 
915 0 0 0 0 0 0 0 0 0 0 0 0 0 0 0 0 0 
916 0 0 0 0 0 0 0 0 0 0 0 0 0 0 0 0 0 
917 0 0 0 0 0 0 0 0 0 0 0 0 0 0 0 0 0 
918 0 0 0 0 0 0 0 0 0 0 0 0 0 0 0 0 0 
919 0 0 0 0 0 0 0 0 0 0 0 0 0 0 0 0 0 
920 0 0 0 0 0 0 0 0 0 0 0 0 0 0 0 0 0 
921 2 0 1 2 0 4 4 0 4 4 0 1 1 0 1 1 0 
922 0 0 0 0 0 0 0 0 0 0 0 0 0 0 0 0 0 
923 2 1 1 1 0 12 2 0 8 0 0 4 1 0 2 0 0 
924 1 2 0 1 0 10 1 0 4 0 0 3 0 0 2 0 0 
925 1 0 0 1 0 4 0 0 4 0 0 0 0 0 0 0 0 
926 1 2 0 0 0 12 2 0 6 0 0 4 1 0 2 0 0 
927 1 0 0 1 0 2 0 0 2 0 0 1 0 0 1 0 0 
928 2 1 1 2 0 10 1 0 8 0 0 2 0 0 2 0 0 
929 1 2 0 1 0 14 2 0 6 0 0 4 1 0 1 0 0 
930 0 1 0 0 0 2 0 0 0 0 0 0 0 0 0 0 0 
931 1 0 0 1 0 2 0 0 2 0 0 0 0 0 0 0 0 
932 2 1 1 1 0 4 1 0 2 0 0 2 0 0 1 0 0 
933 2 1 1 0 0 2 0 0 2 0 0 2 0 0 2 0 0 
934 0 2 0 0 0 0 0 0 0 0 0 0 0 0 0 0 0 
935 0 1 0 0 0 0 0 0 0 0 0 0 0 0 0 0 0 
936 0 0 0 0 0 0 0 0 0 0 0 0 0 0 0 0 0 
937 0 0 0 0 0 0 0 0 0 0 0 0 0 0 0 0 0 
938 0 0 0 0 0 0 0 0 0 0 0 0 0 0 0 0 0 
