pdb lig overlap PP-crit PP-dst crit4 crit5 crit6 crit6_continue lig_vol pock_vol nb_AS nb_AS_norm mean_as_ray mean_as_solv_acc apol_as_prop apol_as_prop_norm mean_loc_hyd_dens mean_loc_hyd_dens_norm hydrophobicity_score volume_score polarity_score polarity_score_norm charge_score flex prop_polar_atm as_density as_density_norm as_max_dst as_max_dst_norm drug_score pock_asa pock_pol_asa pock_apol_asa ALA ARG ASN ASP CYS GLN GLU GLY HIS ILE LEU LYS MET PHE PRO SER THR TRP TYR VAL
dpoc.receptor.peptide.pdb PEP  28.09  0  60.34 0.00 0.00  0 -1.25   496.26    1783.67   228 1.00   3.78   0.50  0.28 0.28   16.63 0.46     24.67    4.00    14  1.00    -2   0.22   48.78 10.66  1.00 28.45  1.00  0.10 921.43 524.85 396.58   2   0   0   4   3   2   0   1   0   3   2   2   1   0   3   2   1   3   0   1
dpoc.receptor.peptide.pdb PEP   0.00  0  29.79 0.00 0.00  0 -1.25   496.26     746.48    70 0.30   4.02   0.55  0.51 0.51   33.67 0.93     12.46    3.92     7  0.50     0   0.63   44.44  4.69  0.44 13.17  0.48  0.24 353.16 144.24 208.92   0   0   1   1   0   3   0   0   1   2   0   0   2   0   2   0   1   0   0   0
dpoc.receptor.peptide.pdb PEP   6.74  0   9.80 0.00 0.00  0 -1.25   496.26     326.22    60 0.26   3.68   0.51  0.40 0.40   23.00 0.64     17.17    4.08     6  0.43     0   0.33   48.48  4.25  0.40 11.48  0.42  0.04 238.90 108.39 130.50   1   0   0   1   1   2   0   0   0   1   1   1   0   0   2   0   1   1   0   0
dpoc.receptor.peptide.pdb PEP   0.00  0  45.91 0.00 0.00  0 -1.25   496.26     671.50    78 0.34   4.02   0.55  0.33 0.33   14.92 0.41     30.67    4.44    10  0.71    -3   0.29   37.78  6.51  0.61 14.99  0.54  0.06 320.84 122.79 198.05   1   0   1   2   2   0   2   0   1   1   0   0   2   1   1   0   1   3   0   0
dpoc.receptor.peptide.pdb PEP   0.00  0  31.21 0.00 0.00  0 -1.25   496.26     854.06    89 0.39   3.71   0.46  0.24 0.24   11.81 0.33     35.59    4.41     9  0.64     1   0.29   46.00  6.71  0.63 14.97  0.54  0.06 453.92 290.89 163.03   1   0   1   2   1   0   0   0   1   3   1   2   1   1   0   0   2   1   0   0
dpoc.receptor.peptide.pdb PEP   0.00  0  30.57 0.00 0.00  0 -1.25   496.26     557.23    48 0.21   3.58   0.54  0.21 0.21    9.00 0.25     10.58    4.00     8  0.57    -3   0.29   45.71  4.43  0.41 12.58  0.46  0.01 239.80 189.08 50.72   0   0   2   2   0   0   1   0   0   1   0   0   0   2   1   1   1   0   1   0
dpoc.receptor.peptide.pdb PEP   0.00  0  23.72 0.00 0.00  0 -1.25   496.26     475.17    43 0.19   4.26   0.62  0.40 0.40   16.00 0.44    -17.78    3.11     4  0.29    -3   0.31   57.14  2.65  0.25  7.11  0.28  0.01 225.46 166.29 59.17   0   0   0   3   1   0   0   0   0   1   0   0   0   0   3   1   0   0   0   0
dpoc.receptor.peptide.pdb PEP   0.00  0  52.76 0.00 0.00  0 -1.25   496.26     903.60    74 0.32   3.95   0.48  0.19 0.19   13.00 0.36      7.00    3.53     7  0.50    -2   0.15   60.00  6.28  0.59 14.68  0.53  0.01 388.73 226.91 161.82   0   0   1   2   0   2   0   1   0   3   0   0   1   1   4   2   0   0   0   0
dpoc.receptor.peptide.pdb PEP   0.00  0  41.96 0.00 0.00  0 -1.25   496.26     572.38    47 0.20   4.40   0.57  0.32 0.32   12.53 0.35     20.60    4.30     6  0.43    -1   0.27   37.04  3.71  0.35 10.64  0.40  0.02 305.26 143.43 161.82   1   0   1   1   1   0   1   0   1   0   0   0   1   0   1   0   0   2   0   0
dpoc.receptor.peptide.pdb PEP   0.00  0  19.72 0.00 0.00  0 -1.25   496.26     200.14    43 0.19   3.18   0.33  1.00 1.00   31.53 0.87     48.81    4.06     5  0.36     0   0.08    9.68  4.59  0.43 10.23  0.38  0.60 66.95 5.36 61.59   1   0   0   0   2   1   0   3   0   3   1   0   0   0   1   0   1   3   0   0
dpoc.receptor.peptide.pdb PEP   0.00  0  45.20 0.00 0.00  0 -1.25   496.26     556.20    36 0.15   3.68   0.49  0.22 0.22    7.00 0.19     -7.89    3.78     7  0.50     2   0.18   54.55  3.64  0.34  9.36  0.35  0.01 197.21 103.01 94.19   0   0   0   2   0   0   0   1   2   0   0   2   1   0   0   1   0   0   0   0
dpoc.receptor.peptide.pdb PEP   4.49  0   7.50 0.00 0.00  0 -1.25   496.26     607.61    39 0.17   4.67   0.54  0.13 0.13    4.00 0.11     36.89    4.44     6  0.43     1   0.18   60.00  3.11  0.29  6.52  0.26  0.04 251.53 180.28 71.25   0   0   0   0   0   0   0   0   1   1   0   0   1   0   1   2   1   2   0   0
dpoc.receptor.peptide.pdb PEP   0.00  0  39.74 0.00 0.00  0 -1.25   496.26     670.55    36 0.15   4.67   0.56  0.14 0.14    4.00 0.11      9.31    3.85     7  0.50    -1   0.20   52.17  3.84  0.36  8.35  0.32  0.01 271.95 114.96 156.99   1   0   0   3   0   1   0   0   1   1   0   1   3   0   1   1   0   0   0   0
dpoc.receptor.peptide.pdb PEP   0.00  0  38.91 0.00 0.00  0 -1.25   496.26     431.44    37 0.16   4.07   0.61  0.68 0.68   23.92 0.66     27.33    4.00     1  0.07     1   0.36   33.33  2.96  0.28  7.21  0.28  0.05 174.44 74.21 100.23   0   0   0   0   1   0   0   0   1   1   0   0   0   1   2   0   0   0   0   0
dpoc.receptor.peptide.pdb PEP   0.00  0  41.20 0.00 0.00  0 -1.25   496.26     166.94    43 0.19   3.13   0.34  0.95 0.95   27.95 0.77     80.12    4.81     3  0.21     0   0.12   14.71  4.85  0.45  8.61  0.33  0.81 7.25 0.00 7.25   1   0   0   0   2   0   0   0   0   6   2   0   2   0   0   0   1   2   0   0
dpoc.receptor.peptide.pdb PEP   0.00  0  17.63 0.00 0.00  0 -1.25   496.26     676.82    36 0.15   4.20   0.57  0.33 0.33   10.67 0.30    -19.67    2.67     4  0.29     0   0.25   48.15  4.21  0.39  8.77  0.33  0.01 273.74 133.66 140.08   1   0   1   1   0   0   0   1   1   0   0   0   0   0   3   1   0   0   0   0
dpoc.receptor.peptide.pdb PEP   3.37  0   9.82 0.00 0.00  0 -1.25   496.26     554.00    37 0.16   4.04   0.61  0.14 0.14    4.00 0.11     19.90    3.70     4  0.29    -2   0.24   52.00  3.87  0.36  8.64  0.33  0.01 249.79 155.60 94.19   1   0   2   0   1   0   2   0   0   0   1   0   0   1   1   0   0   0   0   1
dpoc.receptor.peptide.pdb PEP   0.00  0  43.64 0.00 0.00  0 -1.25   496.26     785.29    43 0.19   4.46   0.69  0.26 0.26    9.45 0.26     10.50    3.20     2  0.14     0   0.09   42.86  4.11  0.38  9.64  0.36  0.01 281.80 152.58 129.22   2   0   1   0   0   1   0   1   0   1   0   0   0   1   3   0   0   0   0   0
