318 1 0.01
319 1 0.01
320 1 0.01
321 12 18.90
322 11 12.68
323 2 23.62
324 17 30.35
325 9 2.77
326 10 7.58
327 14 3.96
328 14 1.22
329 1 0.01
330 1 0.01
331 1 0.01
332 2 8.18
333 23 31.09
334 18 25.92
335 18 25.66
336 14 6.09
337 2 8.33
338 24 16.95
339 17 28.85
340 9 6.51
341 15 33.18
342 8 27.00
343 2 15.48
344 17 22.31
345 14 1.22
346 9 2.46
347 14 7.58
348 1 0.01
349 1 0.01
350 1 0.01
351 1 1.78
352 1 0.01
353 1 0.01
354 1 1.78
355 1 0.01
356 1 0.01
357 1 1.76
358 1 0.01
359 1 0.01
360 2 9.16
361 8 38.88
362 7 42.97
363 8 22.16
364 2 8.12
365 23 42.01
366 13 29.85
367 2 8.22
368 8 26.47
369 22 57.04
370 23 26.32
371 3 21.29
372 15 22.29
373 7 19.37
374 11 11.17
375 17 21.27
376 17 16.51
377 10 7.68
378 2 32.78
379 14 4.51
380 2 14.31
381 2 9.93
382 10 7.17
383 1 0.01
384 9 4.51
385 9 10.76
386 1 0.01
387 1 0.01
388 2 20.64
389 13 34.34
390 14 2.63
391 2 8.19
392 18 25.17
393 24 20.48
394 17 11.68
395 9 2.40
396 2 14.23
397 2 17.75
398 1 1.78
399 1 0.01
400 3 19.66
401 15 24.12
402 11 15.63
403 24 17.74
404 8 25.53
405 7 26.02
406 17 12.36
407 14 2.61
408 2 8.83
409 2 15.31
410 10 10.21
411 2 15.46
412 9 2.54
413 14 2.64
414 1 0.01
415 1 0.01
416 1 0.01
417 1 0.01
418 14 1.19
419 1 0.01
420 1 0.01
421 14 1.02
422 1 0.01
423 1 0.01
424 25 17.63
425 9 2.33
426 1 1.76
427 1 0.01
428 1 0.01
429 1 0.01
430 1 0.01
431 22 47.04
432 17 19.97
433 14 2.75
434 2 8.43
435 14 3.96
436 9 10.40
437 1 1.78
438 1 0.01
439 10 19.42
440 23 44.83
441 7 23.70
442 8 21.83
443 15 20.40
444 23 23.12
445 23 18.75
446 15 28.70
447 8 25.11
448 23 16.04
449 8 29.86
450 15 26.80
451 12 16.29
452 18 19.26
453 17 19.92
454 17 14.82
455 7 28.30
456 10 8.39
457 25 15.34
458 14 4.44
459 1 0.01
460 1 1.80
461 1 0.01
462 1 0.01
463 16 36.60
464 23 33.43
465 2 8.41
466 11 13.08
467 17 13.31
468 17 22.59
469 2 13.78
470 9 8.69
471 14 7.77
472 1 0.01
473 1 0.01
474 1 0.01
475 1 1.79
476 1 0.01
477 1 0.01
478 9 2.40
479 1 1.76
480 1 0.01
481 1 0.01
482 1 0.01
483 1 0.01
484 2 13.94
485 24 24.07
486 7 27.35
487 2 8.78
488 15 21.64
489 14 6.31
490 2 7.65
491 7 14.63
492 7 24.72
493 11 15.91
494 23 20.76
495 24 14.44
496 15 20.02
497 24 25.61
498 14 6.16
499 2 9.41
500 17 9.46
501 10 12.67
502 9 2.40
503 9 7.62
504 14 2.67
505 1 0.01
506 1 0.01
507 1 0.01
508 14 4.51
509 1 0.01
510 1 1.78
511 1 0.01
512 1 0.01
513 21 49.32
514 23 23.94
515 15 42.67
516 2 14.85
517 10 21.50
518 2 11.85
519 2 24.40
520 1 0.01
521 3 17.74
522 8 23.24
523 23 21.38
524 24 25.92
525 2 9.05
526 23 26.00
527 7 29.13
528 8 24.46
529 23 15.69
530 13 43.47
531 9 6.51
532 8 18.28
533 18 23.17
534 10 18.91
535 17 16.60
536 9 2.40
537 9 8.55
538 10 8.66
539 14 1.19
540 14 1.29
541 1 0.01
542 1 0.01
543 1 0.01
544 1 0.01
545 1 0.01
546 1 0.01
547 1 0.01
548 12 26.75
549 14 6.09
550 2 9.11
551 17 20.40
552 17 9.52
553 2 10.93
554 9 6.73
555 14 2.92
556 1 0.01
557 1 0.01
558 1 0.01
559 1 0.01
