1722 1 0.01
1723 1 0.01
1724 14 0.99
1725 14 1.02
1726 1 0.01
1727 1 0.01
1728 1 1.80
1729 1 0.01
1730 9 9.99
1731 14 1.19
1732 1 0.01
1733 1 0.01
1734 1 0.01
1735 1 0.01
1736 1 0.01
1737 1 0.01
1738 1 0.01
1739 1 1.78
1740 1 0.01
1741 14 1.25
1742 1 0.01
1743 1 0.01
1744 1 0.01
1745 1 0.01
1746 1 0.01
1747 1 0.01
1748 1 0.01
1749 1 0.01
1750 1 0.01
1751 1 1.79
1752 1 0.01
1753 1 0.01
1754 9 5.75
1755 14 4.40
1756 1 0.01
1757 9 2.40
1758 17 15.14
1759 17 13.08
1760 9 6.76
1761 14 4.58
1762 1 0.01
1763 1 1.76
1764 1 0.01
1765 1 0.01
1766 1 0.01
1767 14 1.28
1768 1 0.01
1769 1 0.01
1770 1 0.01
1771 1 0.01
1772 1 0.01
1773 1 1.79
1774 1 0.01
1775 9 2.84
1776 1 1.76
1777 1 0.01
1778 1 0.01
1779 1 1.76
1780 14 0.99
1781 1 0.01
1782 1 0.01
1783 1 0.01
1784 18 41.45
1785 14 5.99
1786 2 8.95
1787 17 22.56
1788 17 16.63
1789 17 9.28
1790 9 8.41
1791 9 4.80
1792 14 1.22
1793 1 0.01
1794 1 0.01
1795 1 0.01
1796 1 0.01
1797 1 0.01
1798 1 0.01
1799 1 0.01
1800 1 0.01
1801 1 0.01
1802 1 0.01
1803 1 0.01
1804 1 0.01
1805 1 0.01
1806 1 0.01
1807 1 0.01
1808 1 0.01
1809 1 0.01
1810 1 0.01
