261 10 13.36
262 10 13.88
263 2 9.45
264 2 12.99
265 14 1.14
266 1 0.01
267 14 6.05
268 2 7.94
269 8 18.15
270 3 22.96
271 7 26.02
272 11 17.55
273 15 22.80
274 12 30.27
275 3 24.28
276 8 39.83
277 14 6.27
278 2 8.85
279 12 28.93
280 17 33.28
281 10 16.07
282 10 14.33
283 10 9.77
284 9 4.59
285 14 1.22
286 1 0.01
287 1 0.01
288 1 0.01
289 1 0.01
290 14 1.14
291 17 30.97
292 11 12.81
293 10 17.57
294 11 15.05
295 14 7.19
296 14 4.37
297 14 6.10
298 14 4.53
299 1 0.01
300 1 1.80
301 14 1.02
302 1 0.01
303 14 2.60
304 8 34.95
305 3 19.15
306 11 28.07
307 11 29.16
308 17 22.27
309 10 9.35
310 10 8.54
311 14 4.43
312 14 6.05
313 1 0.01
314 1 1.99
315 12 20.88
316 24 32.93
317 2 8.14
318 8 24.31
319 8 31.90
320 8 19.56
321 24 36.70
322 8 36.04
323 12 18.65
324 8 30.34
325 7 49.83
326 23 14.56
327 8 24.53
328 23 17.33
329 23 26.44
330 15 68.07
331 15 68.89
332 23 22.29
333 17 31.89
334 17 47.54
335 10 13.49
336 10 14.43
337 9 6.96
338 9 3.57
339 1 0.01
340 1 0.01
341 14 6.06
342 1 0.01
343 9 8.63
344 9 6.73
345 14 1.28
346 1 0.01
347 10 26.66
348 13 51.44
349 11 22.70
350 24 32.14
351 18 29.99
352 24 25.78
353 10 14.29
354 2 12.70
355 2 8.98
356 2 21.54
357 1 0.01
358 1 0.01
359 8 26.22
360 24 15.74
361 17 23.78
362 24 21.15
363 17 13.80
364 17 10.12
365 14 14.99
366 14 2.48
367 9 4.56
368 9 4.87
369 14 1.02
370 1 0.01
371 1 0.01
372 1 0.01
373 6 28.19
374 14 1.21
375 1 0.01
376 1 0.01
377 1 0.01
378 1 0.01
379 1 0.01
380 1 0.01
381 14 1.28
382 1 0.01
383 1 0.01
384 1 0.01
385 1 0.01
386 1 0.01
387 10 7.06
388 14 3.69
389 14 2.66
390 1 0.01
391 14 3.63
392 14 4.21
393 1 0.01
394 1 1.79
395 1 0.01
396 3 17.83
397 23 17.33
398 23 26.44
399 15 28.61
400 15 28.65
401 23 18.13
402 8 21.35
403 15 48.84
404 8 18.80
405 23 29.39
406 8 22.66
407 17 17.91
408 10 13.55
409 14 8.81
410 9 6.44
411 9 6.57
412 1 1.76
413 1 0.01
414 1 0.01
415 1 0.01
416 16 56.96
417 23 32.14
418 23 23.99
419 24 18.95
420 7 46.33
421 7 36.92
422 15 45.85
423 17 12.37
424 10 16.75
425 2 26.60
426 14 2.53
427 9 3.75
428 1 1.79
429 1 0.01
430 14 1.05
431 1 0.01
432 1 0.01
433 14 2.05
434 1 0.01
435 1 0.01
436 1 0.01
437 2 20.80
438 12 29.71
439 12 36.65
440 7 38.52
441 12 14.12
442 8 30.70
443 13 25.23
444 23 22.53
445 8 19.76
446 23 23.10
447 23 15.89
448 24 18.57
449 15 29.83
450 3 54.60
451 7 21.19
452 15 25.55
453 17 29.62
454 10 11.82
455 9 4.56
456 9 10.97
457 9 17.45
458 1 0.01
459 1 0.01
460 1 0.01
461 9 5.47
462 1 0.01
463 1 0.01
464 1 0.01
465 8 22.70
466 17 19.16
467 17 26.47
468 9 5.98
469 18 20.70
470 17 20.02
471 14 14.28
472 10 26.79
473 23 21.58
474 8 30.03
475 3 21.55
476 24 37.12
477 8 18.61
478 2 9.40
479 8 67.94
480 7 53.38
481 23 25.65
482 7 35.52
483 13 40.09
484 23 35.94
485 23 30.28
486 23 22.32
487 11 29.70
488 17 16.91
489 17 15.05
490 9 11.25
491 9 4.97
492 14 1.29
493 1 0.01
494 1 0.01
495 17 14.64
496 14 1.19
497 9 2.98
498 9 12.07
499 14 2.63
500 1 0.01
501 1 0.01
502 1 0.01
503 1 0.01
504 10 10.39
505 10 9.45
506 9 8.58
507 9 4.90
508 14 1.02
509 1 0.01
510 1 0.01
511 1 0.01
