#PDB	RANK	SIZE	TP	FP	TN	FN	TPR	FPR	F1_MEASURE	CLUSTER_RESIDUES
1EG4	0	9	0	9	94	11	0.00	0.09	0.00	47,72,43,50,71,53,51,44,41
1EG4	1	3	0	3	100	11	0.00	0.03	0.00	5,1,6
1EG4	2	8	0	8	95	11	0.00	0.08	0.00	259,56,60,57,64,254,260,258
1EG4	3	9	0	9	94	11	0.00	0.09	0.00	214,212,211,193,218,206,185,200,219
1EG4	4	8	6	2	101	5	0.55	0.02	0.63	28,14,30,26,34,35,33,37
1EG4	5	2	0	2	101	11	0.00	0.02	0.00	124,122
1EG4	6	3	0	3	100	11	0.00	0.03	0.00	242,244,241
1EG4	7	2	1	1	102	10	0.09	0.01	0.15	145,22
1EG4	8	2	0	2	101	11	0.00	0.02	0.00	164,162
