#PDB	RANK	SIZE	TP	FP	TN	FN	TPR	FPR	F1_MEASURE	CLUSTER_RESIDUES
1ER8	0	10	5	5	127	12	0.29	0.04	0.37	74,113,117,75,82,112,79,77,118,76
1ER8	1	4	0	4	128	17	0.00	0.03	0.00	64,24,23,63
1ER8	2	3	2	1	131	15	0.12	0.01	0.20	13,11,14
1ER8	3	3	0	3	129	17	0.00	0.02	0.00	144,145,140
1ER8	4	14	6	8	124	11	0.35	0.06	0.39	294,187,224,130,183,131,217,298,192,185,220,320,226,188
1ER8	5	4	0	4	128	17	0.00	0.03	0.00	171,175,151,173
1ER8	6	3	0	3	129	17	0.00	0.02	0.00	254,253,286
1ER8	7	3	0	3	129	17	0.00	0.02	0.00	47,48,45
1ER8	8	2	0	2	130	17	0.00	0.02	0.00	266,198
