#PDB	RANK	SIZE	TP	FP	TN	FN	TPR	FPR	F1_MEASURE	CLUSTER_RESIDUES
1NVR	0	4	0	4	121	4	0.00	0.03	0.00	84,125,82,85
1NVR	1	2	0	2	123	4	0.00	0.02	0.00	142,139
1NVR	2	2	0	2	123	4	0.00	0.02	0.00	226,224
1NVR	3	3	0	3	122	4	0.00	0.02	0.00	89,88,91
1NVR	4	3	0	3	122	4	0.00	0.02	0.00	2,1,4
1NVR	5	2	0	2	123	4	0.00	0.02	0.00	240,239
1NVR	6	8	0	8	117	4	0.00	0.06	0.00	170,157,153,154,158,156,162,152
1NVR	7	2	0	2	123	4	0.00	0.02	0.00	246,178
1NVR	8	5	1	4	121	3	0.25	0.03	0.22	66,65,67,64,72
1NVR	9	2	0	2	123	4	0.00	0.02	0.00	13,12
1NVR	10	2	0	2	123	4	0.00	0.02	0.00	18,17
1NVR	11	3	2	1	124	2	0.50	0.01	0.57	9,10,7
1NVR	12	2	0	2	123	4	0.00	0.02	0.00	45,42
1NVR	13	3	0	3	122	4	0.00	0.02	0.00	134,264,133
1NVR	14	2	0	2	123	4	0.00	0.02	0.00	219,208
1NVR	15	2	0	2	123	4	0.00	0.02	0.00	261,258
