#PDB	RANK	SIZE	TP	FP	TN	FN	TPR	FPR	F1_MEASURE	CLUSTER_RESIDUES
1NX1	0	16	0	16	70	13	0.00	0.19	0.00	151,166,144,145,168,170,169,172,140,171,161,167,148,146,165,159
1NX1	1	3	3	0	86	10	0.23	0.00	0.38	77,73,80
1NX1	2	5	4	1	85	9	0.31	0.01	0.44	24,36,13,28,32
1NX1	3	3	0	3	83	13	0.00	0.03	0.00	48,46,50
1NX1	4	3	0	3	83	13	0.00	0.03	0.00	114,113,111
1NX1	5	2	0	2	84	13	0.00	0.02	0.00	91,89
1NX1	6	2	0	2	84	13	0.00	0.02	0.00	2,1
1NX1	7	3	0	3	83	13	0.00	0.03	0.00	59,58,61
1NX1	8	2	0	2	84	13	0.00	0.02	0.00	100,96
