#PDB	RANK	SIZE	TP	FP	TN	FN	TPR	FPR	F1_MEASURE	CLUSTER_RESIDUES
1QKZ	0	5	0	5	113	7	0.00	0.04	0.00	114,93,116,154,11
1QKZ	1	9	4	5	113	3	0.57	0.04	0.50	45,109,50,99,33,46,47,106,104
1QKZ	2	4	0	4	114	7	0.00	0.03	0.00	43,41,175,176
1QKZ	3	4	0	4	114	7	0.00	0.03	0.00	123,206,122,207
1QKZ	4	2	0	2	116	7	0.00	0.02	0.00	162,161
1QKZ	5	2	0	2	116	7	0.00	0.02	0.00	149,126
1QKZ	6	4	0	4	114	7	0.00	0.03	0.00	213,214,129,215
1QKZ	7	9	0	9	109	7	0.00	0.08	0.00	197,192,141,196,143,191,195,188,140
1QKZ	8	3	0	3	115	7	0.00	0.03	0.00	134,133,219
1QKZ	9	3	0	3	115	7	0.00	0.03	0.00	171,172,170
1QKZ	10	2	0	2	116	7	0.00	0.02	0.00	23,5
1QKZ	11	2	0	2	116	7	0.00	0.02	0.00	119,14
