#PDB	RANK	SIZE	TP	FP	TN	FN	TPR	FPR	F1_MEASURE	CLUSTER_RESIDUES
1RXZ	0	18	14	4	89	1	0.93	0.04	0.85	244,240,218,46,122,123,42,41,192,44,220,125,241,243,43,242,121,239
1RXZ	1	4	0	4	89	15	0.00	0.04	0.00	196,200,150,203
1RXZ	2	3	0	3	90	15	0.00	0.03	0.00	24,23,117
1RXZ	3	2	0	2	91	15	0.00	0.02	0.00	12,9
1RXZ	4	2	0	2	91	15	0.00	0.02	0.00	79,76
1RXZ	5	2	0	2	91	15	0.00	0.02	0.00	62,1
1RXZ	6	2	0	2	91	15	0.00	0.02	0.00	172,170
1RXZ	7	2	0	2	91	15	0.00	0.02	0.00	112,94
1RXZ	8	2	0	2	91	15	0.00	0.02	0.00	109,107
