#PDB	RANK	SIZE	TP	FP	TN	FN	TPR	FPR	F1_MEASURE	CLUSTER_RESIDUES
2FVJ	0	2	0	2	113	8	0.00	0.02	0.00	69,66
2FVJ	1	17	7	10	105	1	0.88	0.09	0.56	78,82,253,99,79,95,93,87,96,92,256,247,251,252,85,248,255
2FVJ	2	2	0	2	113	8	0.00	0.02	0.00	4,3
2FVJ	3	4	0	4	111	8	0.00	0.03	0.00	123,26,124,21
2FVJ	4	10	0	10	105	8	0.00	0.09	0.00	228,232,225,214,215,224,258,217,222,221
2FVJ	5	2	0	2	113	8	0.00	0.02	0.00	61,53
2FVJ	6	2	0	2	113	8	0.00	0.02	0.00	179,177
2FVJ	7	2	0	2	113	8	0.00	0.02	0.00	240,238
2FVJ	8	2	0	2	113	8	0.00	0.02	0.00	207,205
2FVJ	9	2	0	2	113	8	0.00	0.02	0.00	188,183
2FVJ	10	6	0	6	109	8	0.00	0.05	0.00	46,45,44,118,42,136
