#PDB	RANK	SIZE	TP	FP	TN	FN	TPR	FPR	F1_MEASURE	CLUSTER_RESIDUES
2JAM	0	7	0	7	117	7	0.00	0.06	0.00	81,89,122,120,84,124,88
2JAM	1	23	0	23	101	7	0.00	0.19	0.00	153,166,168,163,238,160,172,167,165,155,237,209,175,247,208,205,162,177,164,239,204,159,244
2JAM	2	3	0	3	121	7	0.00	0.02	0.00	197,198,194
2JAM	3	3	0	3	121	7	0.00	0.02	0.00	218,221,217
2JAM	4	4	4	0	124	3	0.57	0.00	0.73	64,66,1,65
2JAM	5	5	0	5	119	7	0.00	0.04	0.00	134,99,78,136,130
2JAM	6	2	0	2	122	7	0.00	0.02	0.00	278,277
2JAM	7	2	0	2	122	7	0.00	0.02	0.00	144,44
2JAM	8	3	0	3	121	7	0.00	0.02	0.00	252,229,258
2JAM	9	2	1	1	123	6	0.14	0.01	0.22	51,50
