#PDB	RANK	SIZE	TP	FP	TN	FN	TPR	FPR	F1_MEASURE	CLUSTER_RESIDUES
2P54	0	15	10	5	117	0	1.00	0.04	0.80	260,102,109,108,257,88,104,91,105,101,87,264,265,258,261
2P54	1	3	0	3	119	10	0.00	0.02	0.00	2,1,94
2P54	2	14	0	14	108	10	0.00	0.11	0.00	53,18,74,42,133,48,38,54,78,39,132,81,75,41
2P54	3	10	0	10	112	10	0.00	0.08	0.00	234,226,223,224,230,231,237,233,241,267
2P54	4	2	0	2	120	10	0.00	0.02	0.00	249,247
2P54	5	2	0	2	120	10	0.00	0.02	0.00	188,186
2P54	6	3	0	3	119	10	0.00	0.02	0.00	148,152,147
2P54	7	5	0	5	117	10	0.00	0.04	0.00	25,31,33,23,27
2P54	8	2	0	2	120	10	0.00	0.02	0.00	214,170
