#PDB	RANK	SIZE	TP	FP	TN	FN	TPR	FPR	F1_MEASURE	CLUSTER_RESIDUES
2R7G	0	3	0	3	139	22	0.00	0.02	0.00	284,286,283
2R7G	1	2	2	0	142	20	0.09	0.00	0.17	200,197
2R7G	2	15	10	5	137	12	0.45	0.04	0.54	148,93,103,102,100,152,97,81,89,92,149,85,27,145,88
2R7G	3	3	0	3	139	22	0.00	0.02	0.00	179,139,181
2R7G	4	2	0	2	140	22	0.00	0.01	0.00	335,211
2R7G	5	8	0	8	134	22	0.00	0.06	0.00	170,134,166,159,171,160,163,130
2R7G	6	5	2	3	139	20	0.09	0.02	0.15	312,292,304,288,305
2R7G	7	3	0	3	139	22	0.00	0.02	0.00	3,5,2
2R7G	8	2	0	2	140	22	0.00	0.01	0.00	20,18
2R7G	9	3	1	2	140	21	0.05	0.01	0.08	324,320,265
2R7G	10	2	0	2	140	22	0.00	0.01	0.00	126,125
