#PDB	RANK	SIZE	TP	FP	TN	FN	TPR	FPR	F1_MEASURE	CLUSTER_RESIDUES
2VJ0	0	3	0	3	107	13	0.00	0.03	0.00	136,135,200
2VJ0	1	7	1	6	104	12	0.08	0.05	0.10	37,42,35,20,44,39,19
2VJ0	2	8	1	7	103	12	0.08	0.06	0.10	148,143,145,140,147,149,150,152
2VJ0	3	7	3	4	106	10	0.23	0.04	0.30	92,90,31,26,51,23,27
2VJ0	4	4	0	4	106	13	0.00	0.04	0.00	77,79,75,78
2VJ0	5	2	0	2	108	13	0.00	0.02	0.00	244,240
2VJ0	6	12	4	8	102	9	0.31	0.07	0.32	217,215,159,221,163,191,192,190,213,222,224,219
2VJ0	7	2	0	2	108	13	0.00	0.02	0.00	67,65
2VJ0	8	4	0	4	106	13	0.00	0.04	0.00	5,7,4,10
2VJ0	9	2	0	2	108	13	0.00	0.02	0.00	169,166
2VJ0	10	4	0	4	106	13	0.00	0.04	0.00	61,114,59,84
