#PDB	RANK	SIZE	TP	FP	TN	FN	TPR	FPR	F1_MEASURE	CLUSTER_RESIDUES
3D1E	0	21	9	12	139	2	0.82	0.08	0.56	364,242,362,240,366,245,176,363,360,365,329,342,276,344,326,277,279,243,247,278,175
3D1E	1	4	1	3	148	10	0.09	0.02	0.13	151,153,149,152
3D1E	2	2	0	2	149	11	0.00	0.01	0.00	229,56
3D1E	3	2	0	2	149	11	0.00	0.01	0.00	300,298
3D1E	4	3	0	3	148	11	0.00	0.02	0.00	269,272,268
3D1E	5	4	0	4	147	11	0.00	0.03	0.00	107,104,106,103
3D1E	6	8	0	8	143	11	0.00	0.05	0.00	221,50,198,201,205,49,238,235
3D1E	7	3	0	3	148	11	0.00	0.02	0.00	120,118,121
3D1E	8	4	0	4	147	11	0.00	0.03	0.00	74,80,73,77
3D1E	9	7	0	7	144	11	0.00	0.05	0.00	28,25,112,111,24,27,115
3D1E	10	2	0	2	149	11	0.00	0.01	0.00	140,136
