318 0 0 0 0 0 0 0 0 0 0 0 0 0 0 0 0 0 
319 0 0 0 0 0 1 0 0 0 0 0 0 0 0 0 0 0 
320 0 0 0 0 0 0 0 0 0 0 0 0 0 0 0 0 0 
321 2 1 1 1 0 12 2 0 8 0 0 5 1 0 3 0 0 
322 2 1 1 2 0 10 1 0 8 0 0 3 0 0 3 0 0 
323 2 1 1 2 0 9 2 0 5 0 0 2 1 0 0 0 0 
324 1 2 0 0 0 8 1 0 4 0 0 4 1 0 2 0 0 
325 1 0 0 1 0 0 0 0 0 0 0 0 0 0 0 0 0 
326 2 1 1 0 0 4 0 0 4 0 0 2 0 0 2 0 0 
327 0 2 0 0 0 2 1 0 0 0 0 0 0 0 0 0 0 
328 0 1 0 0 0 2 2 0 0 0 0 0 0 0 0 0 0 
329 0 0 0 0 0 0 0 0 0 0 0 0 0 0 0 0 0 
330 0 0 0 0 0 2 0 0 0 0 0 0 0 0 0 0 0 
331 0 0 0 0 0 8 0 0 0 0 0 0 0 0 0 0 0 
332 1 0 0 1 0 4 0 0 4 0 0 1 0 0 1 0 0 
333 2 1 1 1 0 8 1 0 6 0 0 3 0 0 3 0 0 
334 2 1 1 2 0 14 1 0 12 0 0 2 0 0 2 0 0 
335 1 2 0 1 0 18 3 0 8 0 0 3 1 0 1 0 0 
336 0 1 0 0 0 2 0 0 0 0 0 1 0 0 0 0 0 
337 1 0 0 1 0 6 0 0 6 0 0 1 0 0 1 0 0 
338 2 1 1 2 0 22 2 0 10 0 0 4 1 0 2 0 0 
339 1 2 0 1 0 14 2 0 6 0 0 5 1 0 2 0 0 
340 1 0 0 1 0 6 0 0 6 0 0 0 0 0 0 0 0 
341 2 1 1 1 0 16 3 0 10 0 0 4 1 0 2 0 0 
342 2 1 1 1 0 8 1 0 6 0 0 3 0 0 3 0 0 
343 2 1 1 2 0 13 1 0 10 0 0 1 0 0 1 0 0 
344 1 2 0 0 0 33 2 0 6 0 0 3 1 0 1 0 0 
345 0 1 0 0 0 0 0 0 0 0 0 0 0 0 0 0 0 
346 1 0 0 1 0 0 0 0 0 0 0 0 0 0 0 0 0 
347 1 2 0 0 0 4 0 0 2 0 0 1 0 0 0 0 0 
348 0 0 0 0 0 1 0 0 0 0 0 0 0 0 0 0 0 
349 0 0 0 0 0 0 0 0 0 0 0 0 0 0 0 0 0 
350 0 0 0 0 0 0 0 0 0 0 0 0 0 0 0 0 0 
351 1 0 0 0 0 0 0 0 0 0 0 0 0 0 0 0 0 
352 0 0 0 0 0 0 0 0 0 0 0 0 0 0 0 0 0 
353 0 0 0 0 0 0 0 0 0 0 0 0 0 0 0 0 0 
354 1 0 0 0 0 0 0 0 0 0 0 0 0 0 0 0 0 
355 0 0 0 0 0 0 0 0 0 0 0 0 0 0 0 0 0 
356 0 0 0 0 0 0 0 0 0 0 0 0 0 0 0 0 0 
357 1 0 0 0 0 0 0 0 0 0 0 0 0 0 0 0 0 
358 0 0 0 0 0 0 0 0 0 0 0 0 0 0 0 0 0 
359 0 0 0 0 0 0 0 0 0 0 0 0 0 0 0 0 0 
360 1 0 0 1 0 2 0 0 2 0 0 1 0 0 1 0 0 
361 2 1 1 2 0 10 1 0 8 0 0 3 0 0 3 0 0 
362 2 1 1 2 0 19 2 0 15 0 0 4 1 0 2 0 0 
363 1 2 0 0 0 16 3 0 8 0 0 5 1 0 2 0 0 
364 1 0 0 1 0 4 0 0 4 0 0 1 0 0 1 0 0 
365 2 1 1 3 0 33 2 0 27 0 0 5 1 0 3 0 0 
366 2 2 1 2 0 47 4 0 20 0 0 6 1 0 3 0 0 
367 1 0 0 1 0 4 0 0 4 0 0 1 0 0 1 0 0 
368 2 1 1 2 0 26 2 0 16 0 0 5 1 0 3 0 0 
369 4 2 2 4 0 80 3 0 18 0 0 7 1 0 5 0 0 
370 2 1 1 2 0 14 2 0 10 0 0 5 1 0 3 0 0 
371 2 1 1 2 0 14 2 0 10 0 0 5 1 0 3 0 0 
372 2 1 1 2 0 14 2 0 10 0 0 5 1 0 3 0 0 
373 2 1 1 2 0 14 2 0 10 0 0 5 1 0 3 0 0 
374 2 1 1 2 0 19 2 0 15 0 0 5 1 0 3 0 0 
375 2 1 1 2 0 12 3 0 6 0 0 3 1 0 1 0 0 
376 2 1 1 1 0 12 1 0 10 0 0 3 1 0 1 0 0 
377 2 1 1 1 0 15 2 0 9 0 0 2 0 0 2 0 0 
378 2 2 1 1 0 28 1 0 10 0 0 0 0 0 0 0 0 
379 0 1 0 0 0 12 4 0 0 0 0 1 1 0 0 0 0 
380 1 0 0 1 0 14 0 0 4 0 0 1 0 0 1 0 0 
381 1 0 0 1 0 3 1 0 3 1 0 1 1 0 1 1 0 
382 1 1 0 1 0 16 3 0 0 0 0 2 1 0 0 0 0 
383 0 0 0 0 0 0 0 0 0 0 0 0 0 0 0 0 0 
384 1 0 0 2 0 0 0 0 0 0 0 0 0 0 0 0 0 
385 3 0 2 1 0 3 3 0 3 3 0 0 0 0 0 0 0 
386 0 0 0 0 0 0 0 0 0 0 0 0 0 0 0 0 0 
387 0 0 0 0 0 0 0 0 0 0 0 0 0 0 0 0 0 
388 1 0 0 1 0 9 3 0 9 3 0 2 1 0 2 1 0 
389 3 1 2 2 0 21 0 0 12 0 0 6 0 0 3 0 0 
390 0 1 0 0 0 4 0 0 0 0 0 0 0 0 0 0 0 
391 1 0 0 1 0 8 0 0 8 0 0 1 0 0 1 0 0 
392 3 1 1 3 0 48 2 0 12 0 0 4 0 0 4 0 0 
393 2 1 1 2 0 14 2 0 10 0 0 3 1 0 1 0 0 
394 1 2 0 0 0 15 2 0 6 0 0 4 1 0 1 0 0 
395 1 0 0 1 0 6 0 0 2 0 0 0 0 0 0 0 0 
396 2 1 1 1 0 12 1 0 10 0 0 2 1 0 1 0 0 
397 1 1 0 1 0 21 2 0 9 0 0 1 0 0 1 0 0 
398 1 0 0 0 0 1 0 0 1 0 0 0 0 0 0 0 0 
399 0 0 0 0 0 3 0 0 0 0 0 0 0 0 0 0 0 
400 2 1 1 2 0 18 2 0 12 0 0 5 1 0 3 0 0 
401 2 1 1 2 0 45 2 0 12 0 0 5 1 0 3 0 0 
402 2 1 1 2 0 38 2 0 10 0 0 4 1 0 2 0 0 
403 2 1 1 1 0 12 2 0 8 0 0 4 1 0 2 0 0 
404 2 1 1 1 0 8 1 0 6 0 0 3 0 0 3 0 0 
405 2 1 1 2 0 10 1 0 8 0 0 2 0 0 2 0 0 
406 1 2 0 1 0 14 2 0 6 0 0 4 1 0 1 0 0 
407 0 1 0 0 0 4 0 0 0 0 0 0 0 0 0 0 0 
408 1 0 0 1 0 2 0 0 2 0 0 1 0 0 1 0 0 
409 2 1 1 2 0 18 1 0 16 0 0 2 0 0 2 0 0 
410 2 1 1 1 0 13 4 0 5 0 0 2 1 0 0 0 0 
411 1 2 0 0 0 1 0 0 1 0 0 1 0 0 1 0 0 
412 1 0 0 1 0 4 0 0 4 0 0 0 0 0 0 0 0 
413 1 1 0 0 0 18 1 0 2 0 0 0 0 0 0 0 0 
414 0 0 0 0 0 0 0 0 0 0 0 0 0 0 0 0 0 
415 0 0 0 0 0 0 0 0 0 0 0 0 0 0 0 0 0 
416 0 0 0 0 0 1 0 0 0 0 0 0 0 0 0 0 0 
417 0 0 0 0 0 0 0 0 0 0 0 0 0 0 0 0 0 
418 0 1 0 0 0 2 2 0 0 0 0 0 0 0 0 0 0 
419 0 0 0 0 0 0 0 0 0 0 0 0 0 0 0 0 0 
420 0 0 0 0 0 6 0 0 0 0 0 0 0 0 0 0 0 
421 0 1 0 0 0 0 0 0 0 0 0 0 0 0 0 0 0 
422 0 0 0 0 0 1 0 0 0 0 0 0 0 0 0 0 0 
423 0 0 0 0 0 0 0 0 0 0 0 0 0 0 0 0 0 
424 5 0 2 0 6 0 0 0 0 0 0 0 0 0 0 0 0 
425 1 0 0 1 0 0 0 0 0 0 0 0 0 0 0 0 0 
426 1 0 0 0 0 0 0 0 0 0 0 0 0 0 0 0 0 
427 0 0 0 0 0 0 0 0 0 0 0 0 0 0 0 0 0 
428 0 0 0 0 0 0 0 0 0 0 0 0 0 0 0 0 0 
429 0 0 0 0 0 0 0 0 0 0 0 0 0 0 0 0 0 
430 0 0 0 0 0 0 0 0 0 0 0 0 0 0 0 0 0 
431 4 0 4 2 0 7 0 0 4 0 0 3 0 0 2 0 0 
432 1 2 0 0 0 12 1 0 6 0 0 4 1 0 1 0 0 
433 0 1 0 0 0 2 0 0 0 0 0 1 0 0 0 0 0 
434 1 0 0 0 0 1 0 0 1 0 0 1 0 0 1 0 0 
435 0 2 0 0 0 0 0 0 0 0 0 0 0 0 0 0 0 
436 2 0 1 2 0 11 4 0 7 4 0 0 0 0 0 0 0 
437 1 0 0 0 0 0 0 0 0 0 0 0 0 0 0 0 0 
438 0 0 0 0 0 0 0 0 0 0 0 0 0 0 0 0 0 
439 1 0 0 2 0 12 6 0 12 6 0 2 2 0 2 2 0 
440 3 1 1 3 0 58 4 0 14 2 0 6 1 0 4 0 0 
441 2 1 1 2 0 14 2 0 10 0 0 5 1 0 3 0 0 
442 2 1 1 2 0 14 2 0 10 0 0 5 1 0 3 0 0 
443 2 1 1 2 0 14 2 0 10 0 0 5 1 0 3 0 0 
444 2 1 1 2 0 14 2 0 10 0 0 5 1 0 3 0 0 
445 2 1 1 2 0 14 2 0 10 0 0 5 1 0 3 0 0 
446 2 1 1 2 0 14 2 0 10 0 0 5 1 0 3 0 0 
447 2 1 1 2 0 14 2 0 10 0 0 5 1 0 3 0 0 
448 2 1 1 2 0 14 2 0 10 0 0 5 1 0 3 0 0 
449 2 1 1 2 0 14 2 0 10 0 0 5 1 0 3 0 0 
450 2 1 1 2 0 14 2 0 10 0 0 5 1 0 3 0 0 
451 2 1 1 2 0 14 2 0 10 0 0 5 1 0 3 0 0 
452 2 1 1 2 0 14 2 0 10 0 0 5 1 0 3 0 0 
453 2 1 1 2 0 19 2 0 15 0 0 5 1 0 3 0 0 
454 2 1 1 2 0 12 3 0 6 0 0 3 1 0 1 0 0 
455 2 1 1 1 0 4 1 0 2 0 0 3 1 0 1 0 0 
456 2 1 1 1 0 5 0 0 5 0 0 2 0 0 2 0 0 
457 3 1 3 1 0 6 1 0 2 0 0 0 0 0 0 0 0 
458 0 1 0 0 0 2 2 0 0 0 0 1 1 0 0 0 0 
459 0 0 0 0 0 0 0 0 0 0 0 0 0 0 0 0 0 
460 1 0 0 0 0 3 0 0 3 0 0 0 0 0 0 0 0 
461 0 0 0 0 0 3 0 0 0 0 0 0 0 0 0 0 0 
462 0 0 0 0 0 0 0 0 0 0 0 0 0 0 0 0 0 
463 5 2 6 3 0 78 6 0 11 0 0 6 0 0 4 0 0 
464 1 2 0 1 0 18 2 0 6 0 0 5 1 0 2 0 0 
465 1 0 0 1 0 19 0 0 4 0 0 1 0 0 1 0 0 
466 2 1 1 2 0 14 2 0 10 0 0 5 1 0 3 0 0 
467 2 1 1 2 0 14 2 0 10 0 0 4 1 0 2 0 0 
468 2 1 1 1 0 12 2 0 8 0 0 4 1 0 2 0 0 
469 2 1 1 1 0 4 1 0 2 0 0 1 0 0 1 0 0 
470 2 1 1 1 0 1 0 0 1 0 0 0 0 0 0 0 0 
471 1 2 0 0 0 4 0 0 2 0 0 1 0 0 0 0 0 
472 0 0 0 0 0 1 0 0 0 0 0 0 0 0 0 0 0 
473 0 0 0 0 0 0 0 0 0 0 0 0 0 0 0 0 0 
474 0 0 0 0 0 0 0 0 0 0 0 0 0 0 0 0 0 
475 1 0 0 0 0 0 0 0 0 0 0 0 0 0 0 0 0 
476 0 0 0 0 0 0 0 0 0 0 0 0 0 0 0 0 0 
477 0 0 0 0 0 0 0 0 0 0 0 0 0 0 0 0 0 
478 1 0 0 1 0 6 0 0 0 0 0 0 0 0 0 0 0 
479 1 0 0 0 0 0 0 0 0 0 0 0 0 0 0 0 0 
480 0 0 0 0 0 0 0 0 0 0 0 0 0 0 0 0 0 
481 0 0 0 0 0 0 0 0 0 0 0 0 0 0 0 0 0 
482 0 0 0 0 0 0 0 0 0 0 0 0 0 0 0 0 0 
483 0 0 0 0 0 0 0 0 0 0 0 0 0 0 0 0 0 
484 1 0 0 1 0 4 0 0 4 0 0 1 0 0 1 0 0 
485 2 1 1 1 0 12 2 0 8 0 0 3 1 0 1 0 0 
486 1 2 0 0 0 8 1 0 4 0 0 3 0 0 2 0 0 
487 1 0 0 1 0 4 0 0 4 0 0 1 0 0 1 0 0 
488 1 2 0 1 0 14 2 0 6 0 0 4 1 0 1 0 0 
489 0 1 0 0 0 4 0 0 0 0 0 1 0 0 0 0 0 
490 1 0 0 1 0 4 0 0 4 0 0 1 0 0 1 0 0 
491 2 1 1 2 0 14 2 0 10 0 0 5 1 0 3 0 0 
492 2 1 1 2 0 14 2 0 10 0 0 5 1 0 3 0 0 
493 2 1 1 2 0 14 2 0 10 0 0 4 1 0 2 0 0 
494 2 1 1 1 0 12 2 0 8 0 0 4 1 0 2 0 0 
495 2 1 1 1 0 8 1 0 6 0 0 3 0 0 3 0 0 
496 2 1 1 2 0 10 1 0 8 0 0 2 0 0 2 0 0 
497 1 2 0 1 0 14 2 0 6 0 0 3 1 0 1 0 0 
498 0 1 0 0 0 2 0 0 0 0 0 1 0 0 0 0 0 
499 1 0 0 1 0 4 0 0 4 0 0 1 0 0 1 0 0 
500 2 1 1 2 0 14 2 0 10 0 0 3 1 0 1 0 0 
501 1 2 0 0 0 7 2 0 3 0 0 3 1 0 1 0 0 
502 1 0 0 1 0 0 0 0 0 0 0 0 0 0 0 0 0 
503 2 1 1 1 0 1 0 0 1 0 0 0 0 0 0 0 0 
504 1 1 0 0 0 6 0 0 3 0 0 0 0 0 0 0 0 
505 0 0 0 0 0 0 0 0 0 0 0 0 0 0 0 0 0 
506 0 0 0 0 0 0 0 0 0 0 0 0 0 0 0 0 0 
507 0 0 0 0 0 0 0 0 0 0 0 0 0 0 0 0 0 
508 0 1 0 0 0 10 1 0 0 0 0 1 1 0 0 0 0 
509 0 0 0 0 0 0 0 0 0 0 0 0 0 0 0 0 0 
510 1 0 0 0 0 0 0 0 0 0 0 0 0 0 0 0 0 
511 0 0 0 0 0 0 0 0 0 0 0 0 0 0 0 0 0 
512 0 0 0 0 0 0 0 0 0 0 0 0 0 0 0 0 0 
513 4 1 4 4 0 15 0 0 9 0 0 9 0 0 5 0 0 
514 2 1 1 2 0 9 2 0 5 0 0 5 1 0 2 0 0 
515 2 1 1 2 0 10 1 0 8 0 0 6 1 0 4 0 0 
516 2 2 1 2 0 2 1 0 0 0 0 1 0 0 0 0 0 
517 2 1 1 2 0 6 6 0 6 6 0 2 2 0 2 2 0 
518 1 0 0 2 0 4 2 0 4 2 0 1 0 0 1 0 0 
519 2 0 1 1 0 4 0 0 4 0 0 1 0 0 1 0 0 
520 0 0 0 0 0 0 0 0 0 0 0 0 0 0 0 0 0 
521 2 1 1 1 0 12 2 0 8 0 0 5 1 0 3 0 0 
522 2 1 1 2 0 10 1 0 8 0 0 3 0 0 3 0 0 
523 2 1 1 2 0 14 2 0 10 0 0 4 1 0 2 0 0 
524 1 2 0 1 0 14 2 0 6 0 0 5 1 0 2 0 0 
525 1 0 0 1 0 4 0 0 4 0 0 1 0 0 1 0 0 
526 2 1 1 2 0 14 2 0 10 0 0 4 1 0 2 0 0 
527 2 1 1 1 0 12 2 0 8 0 0 5 1 0 3 0 0 
528 2 1 1 2 0 10 1 0 8 0 0 3 0 0 3 0 0 
529 2 1 1 2 0 14 2 0 10 0 0 4 1 0 2 0 0 
530 1 2 0 1 0 14 2 0 6 0 0 5 1 0 2 0 0 
531 1 0 0 1 0 4 0 0 4 0 0 0 0 0 0 0 0 
532 2 1 1 1 0 12 2 0 8 0 0 5 1 0 3 0 0 
533 2 1 1 2 0 14 1 0 12 0 0 3 0 0 3 0 0 
534 2 1 1 2 0 18 3 0 12 0 0 3 1 0 1 0 0 
535 1 2 0 0 0 12 2 0 6 0 0 3 1 0 1 0 0 
536 1 0 0 1 0 3 0 0 3 0 0 0 0 0 0 0 0 
537 2 1 1 1 0 9 1 0 2 0 0 1 0 0 0 0 0 
538 1 1 0 0 0 3 0 0 1 0 0 2 0 0 1 0 0 
539 0 1 0 0 0 2 1 0 0 0 0 0 0 0 0 0 0 
540 0 1 0 0 0 1 1 0 0 0 0 0 0 0 0 0 0 
541 0 0 0 0 0 0 0 0 0 0 0 0 0 0 0 0 0 
542 0 0 0 0 0 0 0 0 0 0 0 0 0 0 0 0 0 
543 0 0 0 0 0 0 0 0 0 0 0 0 0 0 0 0 0 
544 0 0 0 0 0 0 0 0 0 0 0 0 0 0 0 0 0 
545 0 0 0 0 0 0 0 0 0 0 0 0 0 0 0 0 0 
546 0 0 0 0 0 0 0 0 0 0 0 0 0 0 0 0 0 
547 0 0 0 0 0 0 0 0 0 0 0 0 0 0 0 0 0 
548 1 2 0 1 0 14 2 0 6 0 0 4 1 0 1 0 0 
549 0 1 0 0 0 4 0 0 0 0 0 1 0 0 0 0 0 
550 1 0 0 1 0 4 0 0 4 0 0 1 0 0 1 0 0 
551 2 1 1 2 0 14 2 0 10 0 0 4 1 0 2 0 0 
552 2 1 1 1 0 7 2 0 3 0 0 3 1 0 1 0 0 
553 2 1 1 1 0 1 0 0 1 0 0 1 0 0 1 0 0 
554 2 1 1 1 0 1 0 0 1 0 0 0 0 0 0 0 0 
555 1 1 0 0 0 0 0 0 0 0 0 0 0 0 0 0 0 
556 0 0 0 0 0 0 0 0 0 0 0 0 0 0 0 0 0 
557 0 0 0 0 0 0 0 0 0 0 0 0 0 0 0 0 0 
558 0 0 0 0 0 0 0 0 0 0 0 0 0 0 0 0 0 
559 0 0 0 0 0 0 0 0 0 0 0 0 0 0 0 0 0 
