1 4 1 4 4 0 15 0 0 9 0 0 7 0 0 4 0 0 
2 2 1 1 2 0 19 2 0 15 0 0 5 1 0 3 0 0 
3 2 1 1 2 0 18 3 0 12 0 0 5 1 0 3 0 0 
4 2 1 1 2 0 14 2 0 10 0 0 5 1 0 3 0 0 
5 2 1 1 2 0 18 2 0 12 0 0 5 1 0 3 0 0 
6 2 1 1 2 0 38 2 0 10 0 0 5 1 0 3 0 0 
7 2 1 1 2 0 14 2 0 10 0 0 5 1 0 3 0 0 
8 2 1 1 2 0 14 2 0 10 0 0 5 1 0 3 0 0 
9 2 1 1 2 0 14 2 0 10 0 0 5 1 0 3 0 0 
10 2 1 1 2 0 14 2 0 10 0 0 5 1 0 3 0 0 
11 2 1 1 2 0 19 2 0 15 0 0 5 1 0 3 0 0 
12 2 1 1 2 0 30 3 0 24 0 0 4 1 0 2 0 0 
13 2 1 1 1 0 13 4 0 5 0 0 3 1 0 1 0 0 
14 2 1 1 1 0 1 0 0 1 0 0 1 0 0 1 0 0 
15 2 2 1 1 0 9 1 0 1 0 0 0 0 0 0 0 0 
16 1 2 0 0 0 26 0 0 1 0 0 0 0 0 0 0 0 
17 0 0 0 0 0 0 0 0 0 0 0 0 0 0 0 0 0 
18 0 0 0 0 0 0 0 0 0 0 0 0 0 0 0 0 0 
19 0 0 0 0 0 0 0 0 0 0 0 0 0 0 0 0 0 
20 0 0 0 0 0 0 0 0 0 0 0 0 0 0 0 0 0 
21 1 0 0 0 0 0 0 0 0 0 0 0 0 0 0 0 0 
22 0 0 0 0 0 0 0 0 0 0 0 0 0 0 0 0 0 
23 2 1 1 2 0 16 1 0 12 0 0 1 0 0 1 0 0 
24 2 3 0 0 0 70 5 0 20 0 0 7 3 0 2 0 0 
25 0 1 0 0 0 29 0 0 0 0 0 2 0 0 0 0 0 
26 1 0 0 1 0 4 0 0 4 0 0 2 0 0 2 0 0 
27 1 3 0 1 0 4 1 0 0 0 0 2 1 0 0 0 0 
28 1 1 0 3 0 30 2 0 0 0 0 0 0 0 0 0 0 
29 6 0 4 1 6 4 0 0 0 0 0 0 0 0 0 0 0 
30 2 0 1 1 0 0 0 0 0 0 0 0 0 0 0 0 0 
31 0 0 0 0 0 0 0 0 0 0 0 0 0 0 0 0 0 
32 1 0 0 0 0 0 0 0 0 0 0 0 0 0 0 0 0 
33 0 0 0 0 0 0 0 0 0 0 0 0 0 0 0 0 0 
34 0 0 0 0 0 0 0 0 0 0 0 0 0 0 0 0 0 
35 1 0 0 0 0 0 0 0 0 0 0 0 0 0 0 0 0 
36 0 0 0 0 0 0 0 0 0 0 0 0 0 0 0 0 0 
37 0 0 0 0 0 0 0 0 0 0 0 0 0 0 0 0 0 
38 0 0 0 0 0 0 0 0 0 0 0 0 0 0 0 0 0 
39 0 0 0 0 0 0 0 0 0 0 0 0 0 0 0 0 0 
40 0 0 0 0 0 0 0 0 0 0 0 0 0 0 0 0 0 
41 0 2 0 0 0 5 4 0 0 0 0 0 0 0 0 0 0 
42 0 0 0 0 0 0 0 0 0 0 0 0 0 0 0 0 0 
43 0 1 0 0 0 13 3 0 0 0 0 0 0 0 0 0 0 
44 1 0 0 1 0 2 0 0 2 0 0 1 0 0 1 0 0 
45 2 1 1 2 0 10 1 0 8 0 0 3 0 0 3 0 0 
46 2 1 1 2 0 14 2 0 10 0 0 4 1 0 2 0 0 
47 1 2 0 1 0 14 2 0 6 0 0 6 1 0 3 0 0 
48 1 0 0 1 0 2 0 0 2 0 0 1 0 0 1 0 0 
49 2 1 1 2 0 14 1 0 12 0 0 7 1 0 5 0 0 
50 2 2 1 3 0 6 2 0 2 0 0 2 0 0 1 0 0 
51 2 1 1 3 0 5 4 0 4 3 0 3 2 0 2 1 0 
52 1 0 0 2 0 3 1 0 3 1 0 1 0 0 1 0 0 
53 3 0 0 1 3 6 0 0 0 0 0 0 0 0 0 0 0 
54 1 0 0 1 0 0 0 0 0 0 0 0 0 0 0 0 0 
55 1 0 0 0 0 0 0 0 0 0 0 0 0 0 0 0 0 
56 0 0 0 0 0 0 0 0 0 0 0 0 0 0 0 0 0 
57 0 0 0 0 0 0 0 0 0 0 0 0 0 0 0 0 0 
58 0 0 0 0 0 0 0 0 0 0 0 0 0 0 0 0 0 
59 1 0 0 2 0 6 6 0 6 6 0 2 2 0 2 2 0 
60 2 1 1 2 0 10 1 0 8 0 0 2 0 0 2 0 0 
61 1 2 0 1 0 14 2 0 6 0 0 3 1 0 1 0 0 
62 0 1 0 0 0 2 0 0 0 0 0 1 0 0 0 0 0 
63 1 0 0 1 0 4 0 0 4 0 0 1 0 0 1 0 0 
64 2 1 1 2 0 14 2 0 10 0 0 4 1 0 2 0 0 
65 1 2 0 1 0 14 2 0 6 0 0 5 1 0 2 0 0 
66 1 0 0 1 0 4 0 0 4 0 0 1 0 0 1 0 0 
67 2 1 1 2 0 14 2 0 10 0 0 5 1 0 3 0 0 
68 2 1 1 2 0 14 2 0 10 0 0 5 1 0 3 0 0 
69 2 1 1 2 0 14 2 0 10 0 0 5 1 0 3 0 0 
70 2 1 1 2 0 14 2 0 10 0 0 5 1 0 3 0 0 
71 2 1 1 2 0 14 2 0 10 0 0 5 1 0 3 0 0 
72 2 1 1 2 0 14 2 0 10 0 0 4 1 0 2 0 0 
73 2 1 1 1 0 12 2 0 8 0 0 4 1 0 2 0 0 
74 2 1 1 1 0 8 1 0 6 0 0 3 0 0 3 0 0 
75 2 1 1 2 0 10 1 0 8 0 0 2 0 0 2 0 0 
76 1 2 0 1 0 14 2 0 6 0 0 4 1 0 1 0 0 
77 0 1 0 0 0 4 0 0 0 0 0 1 0 0 0 0 0 
78 1 0 0 1 0 4 0 0 4 0 0 1 0 0 1 0 0 
79 2 1 1 2 0 14 2 0 10 0 0 3 1 0 1 0 0 
80 2 1 1 1 0 12 2 0 8 0 0 4 1 0 2 0 0 
81 2 1 1 1 0 4 1 0 2 0 0 2 0 0 1 0 0 
82 2 1 1 0 0 3 0 0 3 0 0 2 0 0 2 0 0 
83 0 2 0 0 0 8 0 0 0 0 0 0 0 0 0 0 0 
84 0 1 0 0 0 2 2 0 0 0 0 0 0 0 0 0 0 
85 0 0 0 0 0 0 0 0 0 0 0 0 0 0 0 0 0 
86 0 0 0 0 0 0 0 0 0 0 0 0 0 0 0 0 0 
87 0 1 0 0 0 3 3 0 0 0 0 2 2 0 0 0 0 
88 0 0 0 0 0 0 0 0 0 0 0 0 0 0 0 0 0 
89 3 0 0 1 3 4 0 0 4 0 0 2 0 0 2 0 0 
90 2 1 1 0 0 1 0 0 0 0 0 0 0 0 0 0 0 
91 0 1 0 0 0 3 3 0 0 0 0 0 0 0 0 0 0 
92 0 0 0 0 0 0 0 0 0 0 0 0 0 0 0 0 0 
93 1 0 0 2 0 9 6 0 9 6 0 3 2 0 3 2 0 
94 4 1 4 4 0 25 0 0 17 0 0 7 0 0 4 0 0 
95 2 1 1 2 0 14 2 0 10 0 0 4 1 0 2 0 0 
96 2 1 1 1 0 18 2 0 10 0 0 4 1 0 2 0 0 
97 3 1 1 1 0 14 1 0 6 0 0 3 0 0 3 0 0 
98 2 1 1 2 0 10 1 0 8 0 0 1 0 0 1 0 0 
99 1 2 0 0 0 22 2 0 12 0 0 2 1 0 0 0 0 
100 0 1 0 0 0 2 0 0 0 0 0 0 0 0 0 0 0 
101 1 0 0 1 0 4 0 0 4 0 0 1 0 0 1 0 0 
102 1 1 0 1 0 26 2 0 6 0 0 1 0 0 1 0 0 
103 2 1 1 0 0 10 2 0 0 0 0 1 1 0 0 0 0 
104 0 0 0 0 0 0 0 0 0 0 0 0 0 0 0 0 0 
105 2 1 1 2 0 14 2 0 10 0 0 5 1 0 3 0 0 
106 2 1 1 2 0 14 2 0 10 0 0 4 1 0 2 0 0 
107 2 1 1 1 0 17 2 0 13 0 0 5 1 0 3 0 0 
108 2 1 1 2 0 9 2 0 5 0 0 1 0 0 1 0 0 
109 2 1 1 1 0 8 1 0 6 0 0 3 1 0 1 0 0 
110 1 2 0 0 0 10 1 0 4 0 0 3 0 0 2 0 0 
111 1 0 0 0 0 19 0 0 3 0 0 1 0 0 1 0 0 
112 0 2 0 0 0 4 2 0 0 0 0 0 0 0 0 0 0 
113 0 2 0 0 0 0 0 0 0 0 0 0 0 0 0 0 0 
114 0 2 0 0 0 3 1 0 0 0 0 0 0 0 0 0 0 
115 1 1 0 0 0 7 1 0 4 0 0 0 0 0 0 0 0 
116 0 0 0 0 0 0 0 0 0 0 0 0 0 0 0 0 0 
117 0 0 0 0 0 2 0 0 0 0 0 0 0 0 0 0 0 
118 0 0 0 0 0 8 0 0 0 0 0 0 0 0 0 0 0 
119 2 0 1 1 0 5 0 0 1 0 0 1 0 0 0 0 0 
120 1 0 0 0 0 3 0 0 3 0 0 0 0 0 0 0 0 
121 0 0 0 0 0 3 0 0 0 0 0 0 0 0 0 0 0 
122 0 0 0 0 0 0 0 0 0 0 0 0 0 0 0 0 0 
123 0 0 0 0 0 1 0 0 0 0 0 0 0 0 0 0 0 
124 0 0 0 0 0 0 0 0 0 0 0 0 0 0 0 0 0 
125 3 1 3 2 0 3 0 0 1 0 0 0 0 0 0 0 0 
126 1 0 0 1 0 1 1 0 1 1 0 0 0 0 0 0 0 
127 1 0 0 0 0 0 0 0 0 0 0 0 0 0 0 0 0 
128 0 0 0 0 0 0 0 0 0 0 0 0 0 0 0 0 0 
129 0 0 0 0 0 0 0 0 0 0 0 0 0 0 0 0 0 
130 0 0 0 0 0 0 0 0 0 0 0 0 0 0 0 0 0 
131 0 0 0 0 0 0 0 0 0 0 0 0 0 0 0 0 0 
132 0 0 0 0 0 0 0 0 0 0 0 0 0 0 0 0 0 
133 2 1 1 2 0 9 2 0 5 0 0 3 1 0 1 0 0 
134 2 1 1 1 0 4 1 0 2 0 0 3 1 0 1 0 0 
135 2 1 1 1 0 1 0 0 1 0 0 1 0 0 1 0 0 
136 2 1 1 0 0 4 0 0 4 0 0 0 0 0 0 0 0 
137 0 1 0 0 0 2 2 0 0 0 0 0 0 0 0 0 0 
138 0 0 0 0 0 0 0 0 0 0 0 0 0 0 0 0 0 
139 0 0 0 0 0 0 0 0 0 0 0 0 0 0 0 0 0 
140 1 0 0 2 0 2 2 0 2 2 0 1 1 0 1 1 0 
141 2 1 1 1 0 4 1 0 2 0 0 2 0 0 1 0 0 
142 2 1 1 0 0 2 0 0 2 0 0 2 0 0 2 0 0 
143 0 2 0 0 0 0 0 0 0 0 0 0 0 0 0 0 0 
144 0 1 0 0 0 2 2 0 0 0 0 0 0 0 0 0 0 
145 0 0 0 0 0 0 0 0 0 0 0 0 0 0 0 0 0 
146 0 0 0 0 0 0 0 0 0 0 0 0 0 0 0 0 0 
147 1 0 0 1 0 6 0 0 6 0 0 1 0 0 1 0 0 
148 2 1 1 2 0 18 3 0 12 0 0 3 1 0 1 0 0 
149 1 2 0 0 0 12 2 0 6 0 0 5 1 0 2 0 0 
150 1 0 0 1 0 6 0 0 6 0 0 0 0 0 0 0 0 
151 2 1 1 1 0 40 2 0 8 0 0 3 1 0 1 0 0 
152 1 2 0 0 0 8 1 0 4 0 0 3 0 0 2 0 0 
153 1 0 0 1 0 2 0 0 2 0 0 0 0 0 0 0 0 
154 1 2 0 0 0 8 1 0 4 0 0 3 1 0 1 0 0 
155 0 1 0 0 0 2 0 0 0 0 0 0 0 0 0 0 0 
156 1 0 0 0 0 1 0 0 1 0 0 1 0 0 1 0 0 
157 0 2 0 0 0 0 0 0 0 0 0 0 0 0 0 0 0 
158 0 2 0 0 0 0 0 0 0 0 0 0 0 0 0 0 0 
159 0 1 0 0 0 2 2 0 0 0 0 0 0 0 0 0 0 
160 0 0 0 0 0 0 0 0 0 0 0 0 0 0 0 0 0 
161 0 0 0 0 0 0 0 0 0 0 0 0 0 0 0 0 0 
162 0 0 0 0 0 2 0 0 0 0 0 0 0 0 0 0 0 
163 0 0 0 0 0 0 0 0 0 0 0 0 0 0 0 0 0 
164 5 1 6 4 0 29 2 0 14 1 0 2 0 0 1 0 0 
165 1 1 0 0 0 14 2 0 6 0 0 4 1 0 2 0 0 
166 1 0 0 1 0 8 0 0 8 0 0 0 0 0 0 0 0 
167 3 1 1 3 0 48 3 0 12 1 0 5 1 0 3 0 0 
168 1 2 0 1 0 14 2 0 6 0 0 5 1 0 2 0 0 
169 1 0 0 1 0 4 0 0 4 0 0 1 0 0 1 0 0 
170 2 1 1 2 0 14 2 0 10 0 0 3 1 0 1 0 0 
171 2 1 1 1 0 17 2 0 13 0 0 5 1 0 3 0 0 
172 2 1 1 2 0 9 2 0 5 0 0 3 0 0 2 0 0 
173 2 1 1 1 0 4 1 0 2 0 0 2 1 0 1 0 0 
174 0 2 0 0 0 15 0 0 0 0 0 0 0 0 0 0 0 
175 2 0 1 2 0 11 4 0 8 4 0 0 0 0 0 0 0 
176 1 0 0 0 0 0 0 0 0 0 0 0 0 0 0 0 0 
177 0 0 0 0 0 0 0 0 0 0 0 0 0 0 0 0 0 
178 2 0 1 0 0 0 0 0 0 0 0 0 0 0 0 0 0 
179 0 0 0 0 0 0 0 0 0 0 0 0 0 0 0 0 0 
180 0 0 0 0 0 0 0 0 0 0 0 0 0 0 0 0 0 
181 0 1 0 0 0 1 1 0 0 0 0 0 0 0 0 0 0 
182 0 0 0 0 0 0 0 0 0 0 0 0 0 0 0 0 0 
183 0 0 0 0 0 0 0 0 0 0 0 0 0 0 0 0 0 
184 0 0 0 0 0 0 0 0 0 0 0 0 0 0 0 0 0 
185 0 0 0 0 0 0 0 0 0 0 0 0 0 0 0 0 0 
186 0 0 0 0 0 0 0 0 0 0 0 0 0 0 0 0 0 
187 2 1 1 2 0 14 2 0 10 0 0 4 1 0 2 0 0 
188 1 2 0 1 0 14 2 0 6 0 0 5 1 0 2 0 0 
189 1 0 0 1 0 4 0 0 4 0 0 1 0 0 1 0 0 
190 2 1 1 2 0 14 2 0 10 0 0 5 1 0 3 0 0 
191 2 1 1 2 0 14 2 0 10 0 0 5 1 0 3 0 0 
192 2 1 1 2 0 14 2 0 10 0 0 5 1 0 3 0 0 
193 2 1 1 2 0 14 2 0 10 0 0 5 1 0 3 0 0 
194 2 1 1 2 0 14 2 0 10 0 0 5 1 0 3 0 0 
195 2 1 1 2 0 14 2 0 10 0 0 4 1 0 2 0 0 
196 2 1 1 1 0 12 2 0 8 0 0 5 1 0 3 0 0 
197 2 1 1 2 0 10 1 0 8 0 0 3 0 0 3 0 0 
198 2 1 1 2 0 14 2 0 10 0 0 4 1 0 2 0 0 
199 1 2 0 1 0 14 2 0 6 0 0 5 1 0 2 0 0 
200 1 0 0 1 0 4 0 0 4 0 0 0 0 0 0 0 0 
201 2 1 1 1 0 12 2 0 8 0 0 4 1 0 2 0 0 
202 2 1 1 1 0 4 1 0 2 0 0 1 0 0 1 0 0 
203 2 1 1 1 0 1 0 0 1 0 0 0 0 0 0 0 0 
204 1 2 0 0 0 1 0 0 1 0 0 0 0 0 0 0 0 
205 0 0 0 0 0 2 0 0 0 0 0 0 0 0 0 0 0 
206 0 0 0 0 0 0 0 0 0 0 0 0 0 0 0 0 0 
207 0 0 0 0 0 0 0 0 0 0 0 0 0 0 0 0 0 
208 0 0 0 0 0 0 0 0 0 0 0 0 0 0 0 0 0 
209 0 1 0 0 0 2 2 0 0 0 0 1 1 0 0 0 0 
210 0 0 0 0 0 0 0 0 0 0 0 0 0 0 0 0 0 
211 1 0 0 0 0 2 0 0 2 0 0 1 0 0 1 0 0 
212 0 2 0 0 0 4 2 0 0 0 0 1 0 0 0 0 0 
213 1 0 0 2 0 6 6 0 6 6 0 2 2 0 2 2 0 
214 2 1 1 2 0 14 2 0 10 0 0 5 1 0 3 0 0 
215 2 1 1 2 0 14 2 0 10 0 0 5 1 0 3 0 0 
216 2 1 1 2 0 9 2 0 5 0 0 3 1 0 1 0 0 
217 2 1 1 1 0 12 1 0 10 0 0 5 1 0 3 0 0 
218 2 1 1 2 0 14 2 0 10 0 0 4 0 0 3 0 0 
219 2 1 1 1 0 11 2 0 9 0 0 4 1 0 3 0 0 
220 0 2 0 0 0 6 2 0 0 0 0 2 1 0 0 0 0 
221 2 1 1 2 0 10 1 0 8 0 0 3 0 0 3 0 0 
222 2 1 1 2 0 14 2 0 10 0 0 4 1 0 2 0 0 
223 1 2 0 1 0 14 2 0 6 0 0 5 1 0 2 0 0 
224 1 0 0 1 0 4 0 0 4 0 0 0 0 0 0 0 0 
225 2 1 1 1 0 12 2 0 8 0 0 5 1 0 3 0 0 
226 2 1 1 2 0 10 1 0 8 0 0 3 0 0 3 0 0 
227 2 1 1 2 0 14 2 0 10 0 0 4 1 0 2 0 0 
228 1 2 0 1 0 14 2 0 6 0 0 5 1 0 2 0 0 
229 1 0 0 1 0 6 0 0 6 0 0 1 0 0 1 0 0 
230 2 1 1 2 0 18 3 0 12 0 0 5 1 0 3 0 0 
231 2 1 1 2 0 14 2 0 10 0 0 5 1 0 3 0 0 
232 2 1 1 2 0 18 2 0 12 0 0 5 1 0 3 0 0 
233 2 1 1 2 0 30 2 0 10 0 0 5 1 0 3 0 0 
234 2 1 1 2 0 14 2 0 10 0 0 5 1 0 3 0 0 
235 2 1 1 2 0 14 2 0 10 0 0 5 1 0 3 0 0 
236 2 1 1 2 0 14 2 0 10 0 0 4 1 0 2 0 0 
237 2 1 1 1 0 7 2 0 3 0 0 3 1 0 1 0 0 
238 2 1 1 1 0 1 0 0 1 0 0 1 0 0 1 0 0 
239 2 1 1 1 0 1 0 0 1 0 0 0 0 0 0 0 0 
240 1 1 0 0 0 2 0 0 1 0 0 0 0 0 0 0 0 
241 0 0 0 0 0 0 0 0 0 0 0 0 0 0 0 0 0 
242 0 0 0 0 0 0 0 0 0 0 0 0 0 0 0 0 0 
243 0 0 0 0 0 0 0 0 0 0 0 0 0 0 0 0 0 
244 0 0 0 0 0 0 0 0 0 0 0 0 0 0 0 0 0 
245 1 0 0 0 0 0 0 0 0 0 0 0 0 0 0 0 0 
246 0 0 0 0 0 0 0 0 0 0 0 0 0 0 0 0 0 
247 0 0 0 0 0 0 0 0 0 0 0 0 0 0 0 0 0 
248 0 0 0 0 0 0 0 0 0 0 0 0 0 0 0 0 0 
249 0 0 0 0 0 0 0 0 0 0 0 0 0 0 0 0 0 
250 4 1 4 3 0 12 0 0 7 0 0 6 0 0 4 0 0 
251 2 1 1 2 0 9 2 0 5 0 0 2 1 0 0 0 0 
252 1 2 0 0 0 4 1 0 2 0 0 3 1 0 1 0 0 
253 1 0 0 1 0 2 0 0 2 0 0 1 0 0 1 0 0 
254 2 1 1 1 0 5 1 0 4 0 0 0 0 0 0 0 0 
255 0 1 0 0 0 2 2 0 0 0 0 1 1 0 0 0 0 
256 0 0 0 0 0 0 0 0 0 0 0 0 0 0 0 0 0 
257 1 0 0 1 0 1 1 0 1 1 0 0 0 0 0 0 0 
258 1 0 0 0 0 0 0 0 0 0 0 0 0 0 0 0 0 
259 0 0 0 0 0 0 0 0 0 0 0 0 0 0 0 0 0 
260 0 0 0 0 0 0 0 0 0 0 0 0 0 0 0 0 0 
261 0 0 0 0 0 0 0 0 0 0 0 0 0 0 0 0 0 
