159 14 1.29
160 14 1.14
161 14 1.14
162 14 8.17
163 14 2.86
164 14 0.99
165 1 0.01
166 1 0.01
167 1 0.01
168 1 0.01
169 1 0.01
170 1 0.01
171 14 2.84
172 1 0.01
173 14 1.14
174 1 0.01
175 1 0.01
176 1 0.01
177 1 0.01
178 14 1.19
179 1 0.01
180 1 0.01
181 1 0.01
182 1 0.01
183 1 0.01
184 1 0.01
185 1 0.01
186 1 1.80
187 1 1.78
188 1 0.01
189 1 0.01
190 25 3.80
191 1 0.01
192 1 0.01
193 1 0.01
194 1 0.01
195 1 0.01
196 1 0.01
197 1 0.01
198 14 1.19
199 1 0.01
200 1 0.01
201 1 0.01
202 1 0.01
203 1 0.01
204 1 0.01
205 1 0.01
206 9 4.56
207 9 3.82
208 1 0.01
209 1 0.01
210 1 0.01
211 1 0.01
212 9 2.40
213 1 1.80
214 1 0.01
215 1 0.01
