#pdb lig overlap PP-crit PP-dst crit4 crit5 crit6 crit6_continue lig_vol pock_vol nb_AS nb_AS_norm mean_as_ray mean_as_solv_acc apol_as_prop apol_as_prop_norm mean_loc_hyd_dens mean_loc_hyd_dens_norm hydrophobicity_score volume_score polarity_score polarity_score_norm charge_score flex prop_polar_atm as_density as_density_norm as_max_dst as_max_dst_norm drug_score pock_asa pock_pol_asa pock_apol_asa ALA ARG ASN ASP CYS GLN GLU GLY HIS ILE LEU LYS MET PHE PRO SER THR TRP TYR VAL
dpoc.receptor.peptide.pdb PEP   0.00  0  16.46 0.00 0.00  0 -1.25  1346.33    1994.74   402 1.00   3.87   0.48  0.60 0.60   79.04 1.00     39.35    4.04    19  1.00    -3   0.50   29.48 10.05  1.00 22.59  1.00  0.88 1023.63 287.69 735.94   2   1   0   4   6   2   3   5   3  10   3   0   1   2   2   2   0   4   0   2
dpoc.receptor.peptide.pdb PEP   0.00  0  23.07 0.00 0.00  0 -1.25  1346.33    1021.44   112 0.28   3.86   0.57  0.34 0.34   21.63 0.27     20.75    4.00     9  0.47    -2   0.42   39.34  6.70  0.66 16.05  0.72  0.02 435.44 238.59 196.84   0   0   2   3   2   0   1   1   2   1   0   0   1   2   0   0   0   1   0   0
dpoc.receptor.peptide.pdb PEP   0.00  0  14.63 0.00 0.00  0 -1.25  1346.33     633.29    92 0.23   3.63   0.45  0.62 0.62   43.68 0.55     46.44    4.06     6  0.32     1   0.79   32.00  5.58  0.55 14.44  0.65  0.12 295.09 148.97 146.12   0   0   1   1   3   0   0   1   2   2   1   0   0   2   0   1   0   1   0   1
dpoc.receptor.peptide.pdb PEP   3.95  0   8.48 0.00 0.00  0 -1.25  1346.33     267.92    48 0.12   3.60   0.47  0.54 0.54   24.77 0.31     40.20    4.50     6  0.32     1   0.60   34.48  3.29  0.32  9.82  0.46  0.04 190.90 95.49 95.40   0   0   1   0   0   0   1   1   2   1   0   0   0   0   0   0   0   2   0   2
dpoc.receptor.peptide.pdb PEP   0.00  0  30.55 0.00 0.00  0 -1.25  1346.33     783.91    39 0.09   4.28   0.62  0.62 0.62   23.00 0.29     26.60    4.00     6  0.32     1   0.17   34.62  4.02  0.39  9.36  0.44  0.02 279.97 118.15 161.82   0   0   1   0   1   1   0   1   0   1   0   1   1   0   0   1   1   1   0   0
dpoc.receptor.peptide.pdb PEP   0.00  0  31.84 0.00 0.00  0 -1.25  1346.33     499.03    52 0.13   3.70   0.46  0.23 0.23   11.00 0.14     34.00    3.73     5  0.26    -1   0.25   46.88  4.05  0.40  9.61  0.45  0.02 257.79 135.82 121.97   1   0   0   1   1   0   1   0   1   2   0   0   1   1   0   2   0   0   0   0
dpoc.receptor.peptide.pdb PEP   0.00  0  33.47 0.00 0.00  0 -1.25  1346.33     643.93    40 0.10   4.07   0.57  0.08 0.08    2.00 0.03    -22.14    3.29     6  0.32     0   0.25   51.85  4.29  0.42 11.34  0.52  0.00 246.64 177.81 68.83   0   0   1   2   0   0   0   0   2   0   0   0   0   0   1   0   1   0   0   0
dpoc.receptor.peptide.pdb PEP   0.00  0  25.18 0.00 0.00  0 -1.25  1346.33     463.26    57 0.14   3.72   0.54  0.33 0.33   17.37 0.22     35.45    3.64     3  0.16     2   0.19   44.12  4.94  0.48 13.87  0.63  0.02 238.44 126.14 112.31   2   0   0   0   0   0   0   1   1   2   0   1   0   1   1   1   0   0   0   1
dpoc.receptor.peptide.pdb PEP   0.00  0  16.87 0.00 0.00  0 -1.25  1346.33     458.45    58 0.14   3.69   0.48  0.33 0.33   11.26 0.14     24.18    3.64     3  0.16    -1   0.39   44.44  4.86  0.48  9.74  0.46  0.01 219.54 140.91 78.63   0   0   1   1   0   0   0   1   0   1   1   0   1   1   2   1   0   0   0   1
