1 1 0.01
2 1 0.01
3 1 0.01
4 25 2.22
5 1 0.01
6 1 0.01
7 1 0.01
8 1 1.86
9 1 1.83
10 1 1.83
11 1 0.01
12 1 0.01
13 1 0.01
14 7 3.00
15 7 10.90
16 17 13.18
17 2 19.25
18 1 0.01
19 7 4.48
20 7 12.02
21 1 0.01
22 1 1.84
23 1 0.01
24 15 14.83
25 25 1.50
26 25 1.24
27 1 1.83
28 1 0.01
29 1 0.01
30 1 1.84
31 1 0.01
32 1 1.83
33 1 0.01
34 15 13.42
35 25 2.82
36 25 1.24
37 1 0.01
38 1 0.01
39 1 1.83
40 1 1.83
41 1 1.86
42 1 0.01
43 1 1.84
44 1 0.01
45 1 0.01
46 25 1.24
47 1 0.01
48 1 0.01
49 1 0.01
50 1 0.01
51 25 1.24
52 1 0.01
53 1 0.01
54 1 0.01
55 1 0.01
56 7 3.19
57 7 14.66
58 17 13.61
59 25 9.00
60 1 0.01
61 25 1.24
62 1 0.01
63 1 0.01
64 1 0.01
65 1 0.01
66 15 25.92
67 25 3.69
68 1 1.85
69 1 0.01
70 1 0.01
71 1 0.01
72 1 1.84
73 1 1.83
74 1 1.83
75 1 0.01
76 15 23.79
77 25 2.22
78 1 1.85
79 1 0.01
80 1 0.01
81 7 4.34
82 7 10.07
83 1 1.84
84 1 0.01
85 15 7.04
86 1 0.01
87 1 0.01
88 25 1.24
89 1 0.01
90 1 0.01
91 25 3.17
92 1 0.01
93 1 0.01
94 25 1.24
95 1 0.01
96 1 0.01
97 1 0.01
98 7 3.18
99 7 14.94
100 17 13.18
101 25 7.06
102 1 0.01
103 1 1.84
104 25 4.47
105 1 0.01
106 1 0.01
107 1 0.01
108 25 4.64
109 1 0.01
110 1 0.01
111 1 0.01
112 1 0.01
113 1 0.01
114 1 1.84
115 1 0.01
116 1 1.83
117 1 0.01
118 15 8.74
119 25 2.80
120 1 1.85
121 1 0.01
122 1 0.01
123 1 0.01
124 7 2.43
125 1 1.84
126 1 0.01
127 15 7.04
128 1 0.01
129 1 0.01
130 25 1.24
131 1 0.01
132 1 0.01
133 25 1.24
134 1 0.01
135 1 0.01
136 1 0.01
137 1 1.84
138 1 0.01
139 7 3.20
140 25 3.63
141 7 14.87
142 17 10.17
143 25 5.40
144 1 0.01
145 25 2.64
146 1 0.01
147 1 0.01
148 1 1.86
149 7 2.84
150 15 9.30
151 1 0.01
152 25 1.50
153 1 1.86
154 1 0.01
155 1 0.01
156 1 1.84
157 1 0.01
158 1 1.83
159 1 0.01
160 15 11.34
161 25 2.69
162 1 1.86
163 1 0.01
164 1 0.01
165 1 1.83
166 1 1.83
167 1 1.84
168 1 0.01
169 25 7.39
170 1 0.01
171 1 0.01
172 25 1.24
173 1 0.01
174 1 0.01
175 25 3.17
176 1 0.01
177 1 0.01
178 1 0.01
179 1 0.01
180 1 0.01
181 1 1.85
182 1 0.01
183 1 0.01
184 1 0.01
185 1 0.01
186 1 0.01
187 1 0.01
188 1 1.86
189 1 0.01
190 1 0.01
191 1 0.01
192 1 0.01
193 15 21.70
194 1 0.01
195 25 4.67
196 1 0.01
197 1 0.01
198 1 0.01
199 1 0.01
200 1 0.01
201 1 0.01
202 1 0.01
203 25 3.53
204 1 0.01
205 1 1.85
206 1 1.85
207 1 0.01
208 1 0.01
209 1 0.01
210 6 4.93
211 25 5.07
212 15 22.48
213 1 1.83
214 1 0.01
215 1 0.01
216 1 0.01
217 1 0.01
218 25 1.24
219 1 0.01
220 1 0.01
221 1 0.01
222 1 1.84
223 1 0.01
224 1 0.01
225 1 0.01
226 25 3.69
227 1 0.01
228 25 2.25
229 25 1.24
230 1 1.84
231 1 0.01
232 1 0.01
233 25 4.35
234 1 0.01
235 1 0.01
236 1 0.01
237 1 0.01
238 1 0.01
239 25 4.79
240 25 2.69
241 6 3.96
242 1 0.01
243 1 0.01
244 1 0.01
245 1 0.01
246 1 0.01
247 1 0.01
248 15 3.53
249 1 0.01
250 25 2.71
251 1 0.01
252 1 0.01
253 1 0.01
254 1 0.01
255 1 1.84
256 1 0.01
257 15 13.49
258 1 0.01
259 1 0.01
260 1 1.85
261 1 0.01
262 1 0.01
263 1 0.01
264 1 0.01
265 1 0.01
266 1 0.01
267 1 0.01
268 1 0.01
269 1 0.01
270 1 1.84
271 25 5.90
272 1 5.98
273 1 1.87
274 1 0.01
275 1 1.84
276 1 0.01
277 1 0.01
278 1 0.01
279 1 0.01
280 15 5.01
281 1 0.01
282 1 0.01
283 25 1.24
284 1 0.01
285 1 0.01
286 1 1.84
287 1 0.01
288 1 1.83
289 1 0.01
290 6 11.89
291 6 16.13
292 25 6.25
293 1 0.01
294 1 1.85
295 1 0.01
296 1 0.01
297 1 0.01
298 1 0.01
299 1 0.01
300 1 0.01
301 1 0.01
302 1 1.85
303 1 0.01
304 1 0.01
