1 2 1 1 1 0 19 1 0 2 0 0 2 0 0 1 0 0 
2 2 1 1 0 0 4 0 0 4 0 0 2 0 0 2 0 0 
3 0 2 0 0 0 2 1 0 0 0 0 0 0 0 0 0 0 
4 0 1 0 0 0 3 3 0 0 0 0 0 0 0 0 0 0 
5 0 0 0 0 0 0 0 0 0 0 0 0 0 0 0 0 0 
6 0 0 0 0 0 9 0 0 0 0 0 0 0 0 0 0 0 
7 2 1 1 2 0 10 1 0 8 0 0 3 0 0 3 0 0 
8 2 1 1 2 0 14 2 0 10 0 0 3 1 0 1 0 0 
9 1 2 0 0 0 12 2 0 6 0 0 5 1 0 2 0 0 
10 1 0 0 1 0 4 0 0 4 0 0 1 0 0 1 0 0 
11 2 1 1 2 0 9 2 0 5 0 0 2 1 0 0 0 0 
12 1 2 0 0 0 8 1 0 4 0 0 4 1 0 2 0 0 
13 1 0 0 1 0 0 0 0 0 0 0 0 0 0 0 0 0 
14 2 1 1 0 0 2 0 0 2 0 0 2 0 0 2 0 0 
15 0 2 0 0 0 0 0 0 0 0 0 0 0 0 0 0 0 
16 0 1 0 0 0 1 1 0 0 0 0 0 0 0 0 0 0 
17 0 0 0 0 0 0 0 0 0 0 0 0 0 0 0 0 0 
18 0 0 0 0 0 0 0 0 0 0 0 0 0 0 0 0 0 
19 0 0 0 0 0 0 0 0 0 0 0 0 0 0 0 0 0 
20 0 0 0 0 0 0 0 0 0 0 0 0 0 0 0 0 0 
21 0 0 0 0 0 0 0 0 0 0 0 0 0 0 0 0 0 
22 0 0 0 0 0 0 0 0 0 0 0 0 0 0 0 0 0 
23 0 0 0 0 0 0 0 0 0 0 0 0 0 0 0 0 0 
24 0 0 0 0 0 9 0 0 0 0 0 0 0 0 0 0 0 
25 1 0 0 0 0 3 0 0 1 0 0 0 0 0 0 0 0 
26 0 0 0 0 0 3 0 0 0 0 0 0 0 0 0 0 0 
27 0 0 0 0 0 0 0 0 0 0 0 0 0 0 0 0 0 
28 2 0 1 0 0 0 0 0 0 0 0 0 0 0 0 0 0 
29 0 0 0 0 0 0 0 0 0 0 0 0 0 0 0 0 0 
30 0 0 0 0 0 0 0 0 0 0 0 0 0 0 0 0 0 
31 0 0 0 0 0 0 0 0 0 0 0 0 0 0 0 0 0 
32 0 0 0 0 0 0 0 0 0 0 0 0 0 0 0 0 0 
33 0 0 0 0 0 0 0 0 0 0 0 0 0 0 0 0 0 
34 3 1 2 2 0 18 0 0 7 0 0 6 0 0 3 0 0 
35 0 1 0 0 0 19 0 0 0 0 0 0 0 0 0 0 0 
36 1 0 0 1 0 2 0 0 2 0 0 0 0 0 0 0 0 
37 2 1 1 1 0 8 1 0 6 0 0 3 0 0 3 0 0 
38 2 1 1 2 0 10 1 0 8 0 0 2 0 0 2 0 0 
39 1 2 0 1 0 14 2 0 6 0 0 4 1 0 1 0 0 
40 0 1 0 0 0 4 0 0 0 0 0 1 0 0 0 0 0 
41 1 0 0 1 0 4 0 0 4 0 0 1 0 0 1 0 0 
42 2 1 1 2 0 14 2 0 10 0 0 5 1 0 3 0 0 
43 2 1 1 2 0 19 2 0 15 0 0 5 1 0 3 0 0 
44 2 1 1 2 0 18 3 0 12 0 0 5 1 0 3 0 0 
45 2 1 1 2 0 14 2 0 10 0 0 5 1 0 3 0 0 
46 2 1 1 2 0 18 2 0 12 0 0 5 1 0 3 0 0 
47 2 1 1 2 0 38 2 0 10 0 0 5 1 0 3 0 0 
48 2 1 1 2 0 14 2 0 10 0 0 5 1 0 3 0 0 
49 2 1 1 2 0 14 2 0 10 0 0 5 1 0 3 0 0 
50 2 1 1 2 0 14 2 0 10 0 0 4 1 0 2 0 0 
51 2 1 1 1 0 7 2 0 3 0 0 3 1 0 1 0 0 
52 2 1 1 1 0 7 0 0 7 0 0 3 0 0 3 0 0 
53 2 1 1 3 0 11 2 0 7 0 0 2 0 0 1 0 0 
54 1 1 0 1 0 3 2 0 0 0 0 3 2 0 0 0 0 
55 0 0 0 0 0 0 0 0 0 0 0 0 0 0 0 0 0 
56 3 0 0 1 3 4 0 0 4 0 0 0 0 0 0 0 0 
57 2 0 1 0 0 0 0 0 0 0 0 0 0 0 0 0 0 
58 0 0 0 0 0 0 0 0 0 0 0 0 0 0 0 0 0 
59 0 0 0 0 0 0 0 0 0 0 0 0 0 0 0 0 0 
60 0 1 0 0 0 3 3 0 0 0 0 0 0 0 0 0 0 
61 0 0 0 0 0 0 0 0 0 0 0 0 0 0 0 0 0 
62 0 2 0 0 0 0 0 0 0 0 0 0 0 0 0 0 0 
63 1 1 0 1 0 8 3 0 4 2 0 0 0 0 0 0 0 
64 0 0 0 0 0 0 0 0 0 0 0 0 0 0 0 0 0 
65 0 0 0 0 0 0 0 0 0 0 0 0 0 0 0 0 0 
66 1 0 0 2 0 4 4 0 4 4 0 1 1 0 1 1 0 
67 2 1 1 1 0 12 2 0 8 0 0 5 1 0 3 0 0 
68 2 1 1 2 0 10 1 0 8 0 0 3 0 0 3 0 0 
69 2 1 1 2 0 24 2 0 20 0 0 2 1 0 0 0 0 
70 1 2 0 0 0 13 4 0 5 0 0 3 1 0 1 0 0 
71 1 0 0 1 0 2 0 0 2 0 0 0 0 0 0 0 0 
72 2 1 1 0 0 4 1 0 0 0 0 0 0 0 0 0 0 
73 2 2 1 1 0 15 2 0 3 0 0 0 0 0 0 0 0 
74 0 0 0 0 0 0 0 0 0 0 0 0 0 0 0 0 0 
75 0 0 0 0 0 0 0 0 0 0 0 0 0 0 0 0 0 
76 0 0 0 0 0 0 0 0 0 0 0 0 0 0 0 0 0 
77 2 1 1 1 0 24 3 0 12 0 0 5 1 0 3 0 0 
78 3 1 1 4 0 38 1 0 8 0 0 3 0 0 3 0 0 
79 2 1 1 2 0 18 2 0 12 0 0 4 1 0 2 0 0 
80 1 2 0 1 0 30 2 0 6 0 0 5 1 0 2 0 0 
81 1 0 0 1 0 4 0 0 4 0 0 1 0 0 1 0 0 
82 2 1 1 2 0 14 2 0 10 0 0 5 1 0 3 0 0 
83 2 1 1 2 0 19 2 0 15 0 0 5 1 0 3 0 0 
84 2 1 1 2 0 12 3 0 6 0 0 3 1 0 1 0 0 
85 2 1 1 1 0 12 1 0 10 0 0 4 1 0 2 0 0 
86 2 1 1 2 0 18 2 0 12 0 0 2 0 0 2 0 0 
87 2 2 1 1 0 29 2 0 9 0 0 1 1 0 0 0 0 
88 0 1 0 0 0 9 3 0 0 0 0 1 1 0 0 0 0 
89 2 0 1 0 0 4 0 0 0 0 0 0 0 0 0 0 0 
90 1 0 0 1 0 9 2 0 4 2 0 0 0 0 0 0 0 
91 1 0 0 0 0 4 0 0 0 0 0 0 0 0 0 0 0 
92 0 0 0 0 0 0 0 0 0 0 0 0 0 0 0 0 0 
93 1 0 0 1 0 1 1 0 1 1 0 0 0 0 0 0 0 
94 1 0 0 0 0 0 0 0 0 0 0 0 0 0 0 0 0 
95 0 0 0 0 0 0 0 0 0 0 0 0 0 0 0 0 0 
96 0 0 0 0 0 0 0 0 0 0 0 0 0 0 0 0 0 
97 1 0 0 0 0 2 0 0 0 0 0 0 0 0 0 0 0 
98 0 0 0 0 0 0 0 0 0 0 0 0 0 0 0 0 0 
99 1 0 0 0 0 1 0 0 1 0 0 0 0 0 0 0 0 
100 0 1 0 0 0 1 1 0 0 0 0 0 0 0 0 0 0 
101 0 0 0 0 0 0 0 0 0 0 0 0 0 0 0 0 0 
102 0 0 0 0 0 0 0 0 0 0 0 0 0 0 0 0 0 
103 0 0 0 0 0 0 0 0 0 0 0 0 0 0 0 0 0 
104 0 0 0 0 0 0 0 0 0 0 0 0 0 0 0 0 0 
105 0 0 0 0 0 0 0 0 0 0 0 0 0 0 0 0 0 
106 4 1 4 2 0 0 0 0 0 0 0 0 0 0 0 0 0 
107 2 1 1 0 0 0 0 0 0 0 0 0 0 0 0 0 0 
108 0 1 0 0 0 0 0 0 0 0 0 0 0 0 0 0 0 
109 0 0 0 0 0 0 0 0 0 0 0 0 0 0 0 0 0 
110 0 0 0 0 0 0 0 0 0 0 0 0 0 0 0 0 0 
111 0 0 0 0 0 0 0 0 0 0 0 0 0 0 0 0 0 
112 1 0 0 1 0 6 3 0 6 3 0 0 0 0 0 0 0 
113 1 0 0 0 0 9 0 0 0 0 0 0 0 0 0 0 0 
114 0 0 0 0 0 0 0 0 0 0 0 0 0 0 0 0 0 
115 2 1 1 2 0 14 2 0 10 0 0 4 1 0 2 0 0 
116 2 1 1 1 0 12 2 0 8 0 0 5 1 0 3 0 0 
117 2 1 1 2 0 14 1 0 12 0 0 3 0 0 3 0 0 
118 2 1 1 2 0 18 3 0 12 0 0 4 1 0 2 0 0 
119 1 2 0 1 0 14 2 0 6 0 0 5 1 0 2 0 0 
120 1 0 0 1 0 6 0 0 6 0 0 1 0 0 1 0 0 
121 2 3 1 2 0 54 4 0 20 0 0 6 1 0 3 0 0 
122 2 1 1 2 0 22 4 0 14 0 0 5 1 0 3 0 0 
123 2 1 1 2 0 14 2 0 10 0 0 5 1 0 3 0 0 
124 2 1 1 2 0 22 2 0 14 0 0 5 1 0 3 0 0 
125 3 1 1 4 0 88 8 0 21 6 0 7 3 0 5 2 0 
126 2 1 1 2 0 12 3 0 6 0 0 3 1 0 1 0 0 
127 2 1 1 1 0 4 1 0 2 0 0 3 1 0 1 0 0 
128 2 1 1 1 0 5 0 0 5 0 0 2 0 0 2 0 0 
129 3 1 3 2 0 8 1 0 4 0 0 0 0 0 0 0 0 
130 0 1 0 0 0 3 3 0 0 0 0 1 1 0 0 0 0 
131 0 0 0 0 0 0 0 0 0 0 0 0 0 0 0 0 0 
132 1 0 0 0 0 6 0 0 6 0 0 0 0 0 0 0 0 
133 1 0 0 0 0 9 0 0 0 0 0 0 0 0 0 0 0 
134 0 0 0 0 0 0 0 0 0 0 0 0 0 0 0 0 0 
135 2 1 1 2 0 14 2 0 10 0 0 4 1 0 2 0 0 
136 1 2 0 1 0 14 2 0 6 0 0 5 1 0 2 0 0 
137 1 0 0 1 0 4 0 0 4 0 0 1 0 0 1 0 0 
138 2 1 1 2 0 14 2 0 10 0 0 5 1 0 3 0 0 
139 2 1 1 2 0 14 2 0 10 0 0 5 1 0 3 0 0 
140 2 1 1 2 0 14 2 0 10 0 0 5 1 0 3 0 0 
141 2 1 1 2 0 14 2 0 10 0 0 5 1 0 3 0 0 
142 2 1 1 2 0 14 2 0 10 0 0 4 1 0 2 0 0 
143 2 1 1 1 0 7 2 0 3 0 0 3 1 0 1 0 0 
144 2 1 1 1 0 1 0 0 1 0 0 1 0 0 1 0 0 
145 2 1 1 1 0 4 0 0 4 0 0 0 0 0 0 0 0 
146 1 1 0 0 0 7 1 0 4 0 0 0 0 0 0 0 0 
147 0 0 0 0 0 0 0 0 0 0 0 0 0 0 0 0 0 
148 0 0 0 0 0 0 0 0 0 0 0 0 0 0 0 0 0 
149 0 1 0 0 0 4 2 0 0 0 0 0 0 0 0 0 0 
150 0 0 0 0 0 6 0 0 0 0 0 0 0 0 0 0 0 
151 0 2 0 0 0 2 1 0 0 0 0 1 0 0 0 0 0 
152 0 1 0 0 0 4 2 0 0 0 0 1 1 0 0 0 0 
153 0 0 0 0 0 4 0 0 0 0 0 0 0 0 0 0 0 
154 1 0 0 0 0 0 0 0 0 0 0 0 0 0 0 0 0 
155 0 0 0 0 0 0 0 0 0 0 0 0 0 0 0 0 0 
156 0 0 0 0 0 0 0 0 0 0 0 0 0 0 0 0 0 
157 0 0 0 0 0 0 0 0 0 0 0 0 0 0 0 0 0 
158 0 0 0 0 0 0 0 0 0 0 0 0 0 0 0 0 0 
159 0 0 0 0 0 0 0 0 0 0 0 0 0 0 0 0 0 
160 0 0 0 0 0 0 0 0 0 0 0 0 0 0 0 0 0 
161 2 1 1 1 0 12 2 0 8 0 0 5 1 0 3 0 0 
162 2 1 1 2 0 10 1 0 8 0 0 3 0 0 3 0 0 
163 2 1 1 2 0 14 2 0 10 0 0 4 1 0 2 0 0 
164 1 2 0 1 0 14 2 0 6 0 0 5 1 0 2 0 0 
165 1 0 0 1 0 4 0 0 4 0 0 1 0 0 1 0 0 
166 2 1 1 2 0 14 2 0 10 0 0 5 1 0 3 0 0 
167 2 1 1 2 0 14 2 0 10 0 0 5 1 0 3 0 0 
168 2 1 1 2 0 14 2 0 10 0 0 4 1 0 2 0 0 
169 2 1 1 1 0 12 2 0 8 0 0 5 1 0 3 0 0 
170 2 1 1 2 0 10 1 0 8 0 0 3 0 0 3 0 0 
171 2 1 1 2 0 14 2 0 10 0 0 4 1 0 2 0 0 
172 1 2 0 1 0 14 2 0 6 0 0 5 1 0 2 0 0 
173 1 0 0 1 0 4 0 0 4 0 0 1 0 0 1 0 0 
174 2 1 1 2 0 14 2 0 10 0 0 5 1 0 3 0 0 
175 2 1 1 2 0 19 2 0 15 0 0 5 1 0 3 0 0 
176 2 1 1 2 0 12 3 0 6 0 0 3 1 0 1 0 0 
177 2 1 1 1 0 4 1 0 2 0 0 3 1 0 1 0 0 
178 2 1 1 1 0 1 0 0 1 0 0 1 0 0 1 0 0 
179 3 1 3 0 0 4 0 0 0 0 0 0 0 0 0 0 0 
180 0 1 0 0 0 1 1 0 0 0 0 0 0 0 0 0 0 
181 0 0 0 0 0 0 0 0 0 0 0 0 0 0 0 0 0 
182 0 0 0 0 0 0 0 0 0 0 0 0 0 0 0 0 0 
183 0 0 0 0 0 0 0 0 0 0 0 0 0 0 0 0 0 
184 1 0 0 2 0 6 6 0 6 6 0 2 2 0 2 2 0 
185 2 1 1 2 0 14 2 0 10 0 0 4 1 0 2 0 0 
186 2 1 1 1 0 12 2 0 8 0 0 5 1 0 3 0 0 
187 2 1 1 2 0 10 1 0 8 0 0 3 0 0 3 0 0 
188 2 1 1 2 0 14 2 0 10 0 0 4 1 0 2 0 0 
189 1 2 0 1 0 14 2 0 6 0 0 5 1 0 2 0 0 
190 1 0 0 1 0 4 0 0 4 0 0 1 0 0 1 0 0 
191 2 1 1 2 0 14 2 0 10 0 0 5 1 0 3 0 0 
192 2 1 1 2 0 14 2 0 10 0 0 5 1 0 3 0 0 
193 2 1 1 2 0 9 2 0 5 0 0 3 1 0 1 0 0 
194 2 1 1 1 0 12 1 0 10 0 0 5 1 0 3 0 0 
195 2 1 1 2 0 14 2 0 10 0 0 4 0 0 3 0 0 
196 2 1 1 1 0 11 2 0 9 0 0 4 1 0 3 0 0 
197 0 2 0 0 0 6 2 0 0 0 0 3 1 0 0 0 0 
198 2 1 1 2 0 14 2 0 10 0 0 5 1 0 3 0 0 
199 2 1 1 2 0 14 2 0 10 0 0 5 1 0 3 0 0 
200 2 1 1 2 0 14 2 0 10 0 0 5 1 0 3 0 0 
201 2 1 1 2 0 14 2 0 10 0 0 5 1 0 3 0 0 
202 2 1 1 2 0 14 2 0 10 0 0 5 1 0 3 0 0 
203 2 1 1 2 0 14 2 0 10 0 0 5 1 0 3 0 0 
204 2 1 1 2 0 14 2 0 10 0 0 5 1 0 3 0 0 
205 2 1 1 2 0 14 2 0 10 0 0 5 1 0 3 0 0 
206 2 1 1 2 0 14 2 0 10 0 0 5 1 0 3 0 0 
207 2 1 1 2 0 14 2 0 10 0 0 4 1 0 2 0 0 
208 2 1 1 1 0 12 2 0 8 0 0 5 1 0 3 0 0 
209 2 1 1 2 0 10 1 0 8 0 0 3 0 0 3 0 0 
210 2 1 1 2 0 14 2 0 10 0 0 4 1 0 2 0 0 
211 1 2 0 1 0 9 2 0 3 0 0 3 1 0 1 0 0 
212 1 0 0 1 0 2 0 0 2 0 0 0 0 0 0 0 0 
213 2 1 1 1 0 8 1 0 6 0 0 1 0 0 1 0 0 
214 2 1 1 0 0 4 1 0 3 0 0 0 0 0 0 0 0 
215 0 1 0 0 0 2 1 0 0 0 0 1 0 0 0 0 0 
216 0 0 0 0 0 2 0 0 0 0 0 1 0 0 0 0 0 
217 0 1 0 0 0 1 1 0 0 0 0 0 0 0 0 0 0 
218 0 0 0 0 0 0 0 0 0 0 0 0 0 0 0 0 0 
219 0 0 0 0 0 0 0 0 0 0 0 0 0 0 0 0 0 
220 0 0 0 0 0 0 0 0 0 0 0 0 0 0 0 0 0 
221 0 0 0 0 0 0 0 0 0 0 0 0 0 0 0 0 0 
222 0 0 0 0 0 0 0 0 0 0 0 0 0 0 0 0 0 
223 0 0 0 0 0 0 0 0 0 0 0 0 0 0 0 0 0 
224 0 0 0 0 0 0 0 0 0 0 0 0 0 0 0 0 0 
225 2 1 1 2 0 14 2 0 10 0 0 5 1 0 3 0 0 
226 2 1 1 2 0 14 2 0 10 0 0 5 1 0 3 0 0 
227 2 1 1 2 0 14 2 0 10 0 0 5 1 0 3 0 0 
228 2 1 1 2 0 9 2 0 5 0 0 3 1 0 1 0 0 
229 2 1 1 1 0 4 1 0 2 0 0 3 1 0 1 0 0 
230 2 1 1 1 0 1 0 0 1 0 0 1 0 0 1 0 0 
231 2 1 1 0 0 0 0 0 0 0 0 0 0 0 0 0 0 
232 0 1 0 0 0 0 0 0 0 0 0 0 0 0 0 0 0 
233 0 0 0 0 0 0 0 0 0 0 0 0 0 0 0 0 0 
234 0 0 0 0 0 0 0 0 0 0 0 0 0 0 0 0 0 
235 0 0 0 0 0 0 0 0 0 0 0 0 0 0 0 0 0 
