1 2 0 1 1 0 3 1 0 3 1 0 0 0 0 0 0 0 
2 0 0 0 0 0 0 0 0 0 0 0 0 0 0 0 0 0 
3 1 1 0 0 0 18 3 0 0 0 0 0 0 0 0 0 0 
4 0 0 0 0 0 0 0 0 0 0 0 0 0 0 0 0 0 
5 0 0 0 0 0 0 0 0 0 0 0 0 0 0 0 0 0 
6 0 0 0 0 0 3 0 0 0 0 0 0 0 0 0 0 0 
7 0 0 0 0 0 0 0 0 0 0 0 0 0 0 0 0 0 
8 0 0 0 0 0 0 0 0 0 0 0 0 0 0 0 0 0 
9 2 2 1 3 0 23 3 0 2 0 0 1 1 0 0 0 0 
10 3 0 0 1 3 3 0 0 3 0 0 0 0 0 0 0 0 
11 2 0 1 0 0 3 0 0 0 0 0 0 0 0 0 0 0 
12 0 0 0 0 0 0 0 0 0 0 0 0 0 0 0 0 0 
13 0 0 0 0 0 0 0 0 0 0 0 0 0 0 0 0 0 
14 0 0 0 0 0 0 0 0 0 0 0 0 0 0 0 0 0 
15 0 0 0 0 0 0 0 0 0 0 0 0 0 0 0 0 0 
16 1 2 0 1 0 14 2 0 6 0 0 5 1 0 2 0 0 
17 1 0 0 1 0 4 0 0 4 0 0 1 0 0 1 0 0 
18 2 1 1 2 0 14 2 0 10 0 0 5 1 0 3 0 0 
19 2 1 1 2 0 14 2 0 10 0 0 5 1 0 3 0 0 
20 2 1 1 2 0 19 2 0 15 0 0 5 1 0 3 0 0 
21 2 1 1 2 0 12 3 0 6 0 0 3 1 0 1 0 0 
22 2 1 1 1 0 4 1 0 2 0 0 3 1 0 1 0 0 
23 2 1 1 1 0 1 0 0 1 0 0 1 0 0 1 0 0 
24 3 1 3 1 0 10 0 0 4 0 0 1 0 0 1 0 0 
25 0 1 0 0 0 2 2 0 0 0 0 0 0 0 0 0 0 
26 0 0 0 0 0 0 0 0 0 0 0 0 0 0 0 0 0 
27 0 0 0 0 0 0 0 0 0 0 0 0 0 0 0 0 0 
28 1 0 0 1 0 4 0 0 4 0 0 1 0 0 1 0 0 
29 2 1 1 2 0 14 2 0 10 0 0 5 1 0 3 0 0 
30 2 1 1 2 0 14 2 0 10 0 0 5 1 0 3 0 0 
31 2 1 1 2 0 14 2 0 10 0 0 5 1 0 3 0 0 
32 2 1 1 2 0 14 2 0 10 0 0 5 1 0 3 0 0 
33 2 1 1 2 0 19 2 0 15 0 0 5 1 0 3 0 0 
34 2 1 1 2 0 18 3 0 12 0 0 5 1 0 3 0 0 
35 2 1 1 2 0 14 2 0 10 0 0 5 1 0 3 0 0 
36 2 1 1 2 0 18 2 0 12 0 0 4 1 0 2 0 0 
37 2 1 1 1 0 33 2 0 8 0 0 3 1 0 1 0 0 
38 2 1 1 1 0 4 1 0 2 0 0 1 0 0 1 0 0 
39 2 1 1 1 0 1 0 0 1 0 0 0 0 0 0 0 0 
40 1 1 0 0 0 9 0 0 3 0 0 0 0 0 0 0 0 
41 0 0 0 0 0 3 0 0 0 0 0 0 0 0 0 0 0 
42 0 0 0 0 0 0 0 0 0 0 0 0 0 0 0 0 0 
43 0 0 0 0 0 0 0 0 0 0 0 0 0 0 0 0 0 
44 2 1 1 1 0 5 0 0 3 0 0 1 0 0 1 0 0 
45 0 2 0 0 0 6 6 0 0 0 0 1 1 0 0 0 0 
46 1 0 0 1 0 4 0 0 4 0 0 1 0 0 1 0 0 
47 2 1 1 2 0 10 1 0 8 0 0 2 0 0 2 0 0 
48 1 2 0 1 0 14 2 0 6 0 0 3 1 0 1 0 0 
49 0 1 0 0 0 2 0 0 0 0 0 1 0 0 0 0 0 
50 1 0 0 1 0 4 0 0 4 0 0 1 0 0 1 0 0 
51 2 1 1 2 0 14 2 0 10 0 0 3 1 0 1 0 0 
52 1 2 0 0 0 12 2 0 6 0 0 5 1 0 2 0 0 
53 1 0 0 1 0 4 0 0 4 0 0 1 0 0 1 0 0 
54 2 1 1 2 0 14 2 0 10 0 0 2 1 0 0 0 0 
55 1 2 0 0 0 12 2 0 6 0 0 5 1 0 2 0 0 
56 1 0 0 1 0 6 0 0 6 0 0 1 0 0 1 0 0 
57 2 1 1 1 0 14 3 0 8 0 0 2 1 0 1 0 0 
58 0 4 0 0 0 17 7 0 0 0 0 0 0 0 0 0 0 
59 1 0 0 1 0 3 1 0 3 1 0 0 0 0 0 0 0 
60 1 0 0 0 0 17 0 0 1 0 0 1 0 0 0 0 0 
61 0 0 0 0 0 1 0 0 0 0 0 0 0 0 0 0 0 
62 0 0 0 0 0 0 0 0 0 0 0 0 0 0 0 0 0 
63 2 1 1 2 0 16 1 0 12 0 0 2 0 0 2 0 0 
64 2 2 0 2 0 38 2 0 6 0 0 4 1 0 1 0 0 
65 0 1 0 0 0 4 0 0 0 0 0 1 0 0 0 0 0 
66 1 0 0 1 0 4 0 0 4 0 0 1 0 0 1 0 0 
67 2 1 1 2 0 14 2 0 10 0 0 5 1 0 3 0 0 
68 2 1 1 2 0 14 2 0 10 0 0 5 1 0 3 0 0 
69 2 1 1 2 0 14 2 0 10 0 0 5 1 0 3 0 0 
70 2 1 1 2 0 14 2 0 10 0 0 4 1 0 2 0 0 
71 2 1 1 1 0 7 2 0 3 0 0 3 1 0 1 0 0 
72 2 1 1 1 0 1 0 0 1 0 0 1 0 0 1 0 0 
73 2 1 1 1 0 1 0 0 1 0 0 0 0 0 0 0 0 
74 1 1 0 0 0 6 0 0 3 0 0 0 0 0 0 0 0 
75 0 0 0 0 0 0 0 0 0 0 0 0 0 0 0 0 0 
76 0 0 0 0 0 0 0 0 0 0 0 0 0 0 0 0 0 
77 0 0 0 0 0 0 0 0 0 0 0 0 0 0 0 0 0 
78 2 1 1 1 0 7 0 0 4 0 0 2 0 0 2 0 0 
79 0 2 0 0 0 8 8 0 0 0 0 1 1 0 0 0 0 
80 1 0 0 2 0 3 0 0 3 0 0 1 0 0 1 0 0 
81 4 0 4 3 0 17 0 0 11 0 0 6 0 0 4 0 0 
82 1 2 0 1 0 18 3 0 8 0 0 5 1 0 2 0 0 
83 1 0 0 1 0 4 0 0 4 0 0 0 0 0 0 0 0 
84 2 1 1 1 0 15 2 0 9 0 0 4 1 0 2 0 0 
85 2 1 1 1 0 14 1 0 6 0 0 3 0 0 3 0 0 
86 2 1 1 2 0 10 1 0 8 0 0 2 0 0 2 0 0 
87 1 2 0 1 0 14 2 0 6 0 0 4 1 0 1 0 0 
88 0 1 0 0 0 8 0 0 0 0 0 1 0 0 0 0 0 
89 1 0 0 1 0 2 0 0 2 0 0 0 0 0 0 0 0 
90 2 1 1 1 0 4 1 0 2 0 0 3 1 0 1 0 0 
91 2 1 1 1 0 1 0 0 1 0 0 1 0 0 1 0 0 
92 3 3 3 1 0 34 6 0 4 0 0 3 1 0 1 0 0 
93 0 1 0 0 0 2 2 0 0 0 0 0 0 0 0 0 0 
94 0 0 0 0 0 0 0 0 0 0 0 0 0 0 0 0 0 
95 0 0 0 0 0 0 0 0 0 0 0 0 0 0 0 0 0 
96 1 0 0 1 0 4 0 0 4 0 0 1 0 0 1 0 0 
97 2 1 1 2 0 10 1 0 8 0 0 3 0 0 3 0 0 
98 2 1 1 2 0 24 2 0 18 0 0 3 1 0 1 0 0 
99 1 2 0 0 0 24 3 0 8 0 0 5 1 0 2 0 0 
100 1 0 0 1 0 4 0 0 4 0 0 1 0 0 1 0 0 
101 2 1 1 2 0 18 2 0 12 0 0 4 1 0 2 0 0 
102 1 2 0 1 0 30 2 0 6 0 0 4 1 0 2 0 0 
103 1 0 0 1 0 2 0 0 2 0 0 0 0 0 0 0 0 
104 2 1 1 1 0 12 1 0 10 0 0 3 0 0 3 0 0 
105 2 1 1 2 0 9 2 0 5 0 0 0 0 0 0 0 0 
106 1 2 0 0 0 4 1 0 2 0 0 2 1 0 0 0 0 
107 0 1 0 0 0 0 0 0 0 0 0 0 0 0 0 0 0 
108 1 0 0 0 0 15 0 0 3 0 0 0 0 0 0 0 0 
109 0 1 0 0 0 3 3 0 0 0 0 0 0 0 0 0 0 
110 0 0 0 0 0 0 0 0 0 0 0 0 0 0 0 0 0 
111 0 0 0 0 0 0 0 0 0 0 0 0 0 0 0 0 0 
112 2 1 1 1 0 3 2 0 1 0 0 0 0 0 0 0 0 
113 0 1 0 0 0 2 1 0 0 0 0 1 1 0 0 0 0 
114 0 1 0 0 0 3 0 0 0 0 0 0 0 0 0 0 0 
115 1 0 0 0 0 0 0 0 0 0 0 0 0 0 0 0 0 
116 0 0 0 0 0 0 0 0 0 0 0 0 0 0 0 0 0 
117 0 0 0 0 0 0 0 0 0 0 0 0 0 0 0 0 0 
118 1 0 0 0 0 1 0 0 1 0 0 0 0 0 0 0 0 
119 0 1 0 0 0 2 2 0 0 0 0 0 0 0 0 0 0 
120 0 0 0 0 0 0 0 0 0 0 0 0 0 0 0 0 0 
121 0 0 0 0 0 0 0 0 0 0 0 0 0 0 0 0 0 
122 1 0 0 1 0 6 0 0 6 0 0 1 0 0 1 0 0 
123 2 1 1 2 0 18 3 0 12 0 0 4 1 0 2 0 0 
124 1 2 0 1 0 14 2 0 6 0 0 4 1 0 2 0 0 
125 1 0 0 1 0 3 0 0 3 0 0 0 0 0 0 0 0 
126 2 1 1 1 0 20 1 0 6 0 0 3 0 0 3 0 0 
127 2 1 1 2 0 10 1 0 8 0 0 2 0 0 2 0 0 
128 1 2 0 1 0 14 2 0 6 0 0 4 1 0 1 0 0 
129 0 1 0 0 0 4 0 0 0 0 0 1 0 0 0 0 0 
130 1 0 0 1 0 6 0 0 6 0 0 1 0 0 1 0 0 
131 2 1 1 2 0 18 3 0 12 0 0 5 1 0 3 0 0 
132 2 1 1 2 0 14 2 0 10 0 0 5 1 0 3 0 0 
133 2 1 1 2 0 12 2 0 6 0 0 3 1 0 1 0 0 
134 2 1 1 1 0 24 1 0 2 0 0 3 1 0 1 0 0 
135 2 1 1 1 0 1 0 0 1 0 0 1 0 0 1 0 0 
136 2 1 1 0 0 4 0 0 4 0 0 0 0 0 0 0 0 
137 0 1 0 0 0 2 2 0 0 0 0 0 0 0 0 0 0 
138 0 0 0 0 0 0 0 0 0 0 0 0 0 0 0 0 0 
139 0 0 0 0 0 0 0 0 0 0 0 0 0 0 0 0 0 
140 0 1 0 0 0 4 4 0 0 0 0 0 0 0 0 0 0 
141 0 0 0 0 0 0 0 0 0 0 0 0 0 0 0 0 0 
142 0 0 0 0 0 12 0 0 0 0 0 0 0 0 0 0 0 
143 3 1 2 2 0 23 0 0 10 0 0 6 0 0 3 0 0 
144 0 1 0 0 0 6 0 0 0 0 0 1 0 0 0 0 0 
145 1 0 0 1 0 19 0 0 4 0 0 0 0 0 0 0 0 
146 2 1 1 1 0 15 2 0 9 0 0 5 1 0 3 0 0 
147 2 1 1 2 0 31 1 0 8 0 0 3 0 0 3 0 0 
148 2 1 1 2 0 14 2 0 10 0 0 4 1 0 2 0 0 
149 1 2 0 1 0 14 2 0 6 0 0 5 1 0 2 0 0 
150 1 0 0 1 0 6 0 0 6 0 0 1 0 0 1 0 0 
151 2 1 1 2 0 18 3 0 12 0 0 3 1 0 1 0 0 
152 2 1 1 1 0 7 2 0 3 0 0 3 1 0 1 0 0 
153 2 1 1 2 0 2 0 0 2 0 0 1 0 0 1 0 0 
154 4 1 2 1 3 14 0 0 8 0 0 0 0 0 0 0 0 
155 0 1 0 0 0 14 2 0 0 0 0 1 1 0 0 0 0 
156 0 0 0 0 0 0 0 0 0 0 0 0 0 0 0 0 0 
157 1 0 0 1 0 2 0 0 2 0 0 0 0 0 0 0 0 
158 1 0 0 0 0 4 0 0 4 0 0 1 0 0 1 0 0 
159 1 2 0 1 0 14 2 0 6 0 0 4 1 0 1 0 0 
160 0 1 0 0 0 4 0 0 0 0 0 1 0 0 0 0 0 
161 1 0 0 1 0 4 0 0 4 0 0 1 0 0 1 0 0 
162 2 1 1 2 0 14 2 0 10 0 0 5 1 0 3 0 0 
163 2 1 1 2 0 14 2 0 10 0 0 5 1 0 3 0 0 
164 2 1 1 2 0 14 2 0 10 0 0 5 1 0 3 0 0 
165 2 1 1 2 0 14 2 0 10 0 0 5 1 0 3 0 0 
166 2 1 1 2 0 14 2 0 10 0 0 5 1 0 3 0 0 
167 2 1 1 2 0 9 2 0 5 0 0 3 1 0 1 0 0 
168 2 1 1 1 0 4 1 0 2 0 0 3 1 0 1 0 0 
169 2 1 1 1 0 1 0 0 1 0 0 1 0 0 1 0 0 
170 2 1 1 0 0 6 0 0 6 0 0 0 0 0 0 0 0 
171 0 1 0 0 0 3 3 0 0 0 0 0 0 0 0 0 0 
172 0 0 0 0 0 0 0 0 0 0 0 0 0 0 0 0 0 
173 0 0 0 0 0 0 0 0 0 0 0 0 0 0 0 0 0 
174 2 1 1 0 0 3 0 0 0 0 0 0 0 0 0 0 0 
175 0 1 0 0 0 2 2 0 0 0 0 0 0 0 0 0 0 
176 0 0 0 0 0 0 0 0 0 0 0 0 0 0 0 0 0 
177 3 2 2 2 0 12 0 0 7 0 0 6 0 0 3 0 0 
178 1 0 0 1 0 6 0 0 6 0 0 0 0 0 0 0 0 
179 2 1 1 1 0 16 3 0 10 0 0 4 1 0 2 0 0 
180 1 2 0 1 0 10 1 0 4 0 0 3 0 0 2 0 0 
181 1 0 0 1 0 6 0 0 6 0 0 1 0 0 1 0 0 
182 1 3 0 1 0 51 5 0 9 0 0 6 2 0 2 0 0 
183 1 0 0 1 0 4 0 0 4 0 0 1 0 0 1 0 0 
184 2 1 1 2 0 14 2 0 10 0 0 3 1 0 1 0 0 
185 2 1 1 1 0 15 2 0 9 0 0 5 1 0 3 0 0 
186 2 1 1 2 0 36 1 0 4 0 0 3 0 0 2 0 0 
187 2 1 1 1 0 4 1 0 2 0 0 2 1 0 1 0 0 
188 0 4 0 0 0 12 6 0 0 0 0 0 0 0 0 0 0 
189 1 0 0 1 0 1 1 0 1 1 0 0 0 0 0 0 0 
190 1 0 0 0 0 0 0 0 0 0 0 0 0 0 0 0 0 
191 0 0 0 0 0 0 0 0 0 0 0 0 0 0 0 0 0 
192 0 0 0 0 0 0 0 0 0 0 0 0 0 0 0 0 0 
193 2 1 1 2 0 14 2 0 10 0 0 5 1 0 3 0 0 
194 2 1 1 2 0 14 2 0 10 0 0 5 1 0 3 0 0 
195 2 1 1 2 0 14 2 0 10 0 0 5 1 0 3 0 0 
196 2 1 1 2 0 14 2 0 10 0 0 5 1 0 3 0 0 
197 2 1 1 2 0 24 2 0 20 0 0 4 1 0 2 0 0 
198 2 1 1 1 0 20 4 0 12 0 0 5 1 0 3 0 0 
199 2 1 1 2 0 10 1 0 8 0 0 3 0 0 3 0 0 
200 2 1 1 2 0 22 2 0 14 0 0 3 1 0 1 0 0 
201 2 2 0 2 0 55 8 0 9 6 0 5 3 0 3 2 0 
202 1 0 0 1 0 0 0 0 0 0 0 0 0 0 0 0 0 
203 2 1 1 1 0 1 0 0 1 0 0 0 0 0 0 0 0 
204 1 1 0 0 0 6 0 0 3 0 0 0 0 0 0 0 0 
205 0 0 0 0 0 0 0 0 0 0 0 0 0 0 0 0 0 
206 0 0 0 0 0 0 0 0 0 0 0 0 0 0 0 0 0 
207 0 0 0 0 0 0 0 0 0 0 0 0 0 0 0 0 0 
208 2 0 1 1 0 2 0 0 2 0 0 1 0 0 1 0 0 
209 0 0 0 0 0 0 0 0 0 0 0 0 0 0 0 0 0 
210 1 0 0 1 0 4 0 0 4 0 0 1 0 0 1 0 0 
211 2 1 1 2 0 14 2 0 10 0 0 4 1 0 2 0 0 
212 1 2 0 1 0 14 2 0 6 0 0 5 1 0 2 0 0 
213 1 0 0 1 0 4 0 0 4 0 0 1 0 0 1 0 0 
214 2 1 1 2 0 14 2 0 10 0 0 4 1 0 2 0 0 
215 2 1 1 1 0 12 2 0 8 0 0 5 1 0 3 0 0 
216 2 1 1 2 0 10 1 0 8 0 0 3 0 0 3 0 0 
217 2 1 1 2 0 14 2 0 10 0 0 4 1 0 2 0 0 
218 1 2 0 1 0 19 2 0 9 0 0 5 1 0 2 0 0 
219 1 0 0 1 0 4 0 0 4 0 0 0 0 0 0 0 0 
220 2 1 1 1 0 7 2 0 3 0 0 3 1 0 1 0 0 
221 2 1 1 1 0 1 0 0 1 0 0 1 0 0 1 0 0 
222 3 1 3 1 0 14 0 0 5 0 0 0 0 0 0 0 0 
223 0 1 0 0 0 14 2 0 0 0 0 0 0 0 0 0 0 
224 0 0 0 0 0 0 0 0 0 0 0 0 0 0 0 0 0 
225 0 0 0 0 0 0 0 0 0 0 0 0 0 0 0 0 0 
226 1 0 0 0 0 4 0 0 4 0 0 1 0 0 1 0 0 
227 1 2 0 1 0 14 2 0 6 0 0 4 1 0 1 0 0 
228 0 1 0 0 0 4 0 0 0 0 0 0 0 0 0 0 0 
229 1 0 0 1 0 2 0 0 2 0 0 0 0 0 0 0 0 
230 2 1 1 1 0 8 1 0 6 0 0 3 0 0 3 0 0 
231 2 1 1 2 0 10 1 0 8 0 0 1 0 0 1 0 0 
232 1 2 0 0 0 12 2 0 6 0 0 3 1 0 1 0 0 
233 0 1 0 0 0 2 0 0 0 0 0 1 0 0 0 0 0 
234 1 0 0 1 0 4 0 0 4 0 0 1 0 0 1 0 0 
235 1 2 0 1 0 14 2 0 6 0 0 4 1 0 1 0 0 
236 0 1 0 0 0 2 0 0 0 0 0 0 0 0 0 0 0 
237 1 0 0 1 0 0 0 0 0 0 0 0 0 0 0 0 0 
238 2 1 1 1 0 1 0 0 1 0 0 1 0 0 1 0 0 
239 2 1 1 0 0 0 0 0 0 0 0 0 0 0 0 0 0 
240 0 1 0 0 0 0 0 0 0 0 0 0 0 0 0 0 0 
241 0 0 0 0 0 0 0 0 0 0 0 0 0 0 0 0 0 
242 0 0 0 0 0 0 0 0 0 0 0 0 0 0 0 0 0 
243 0 0 0 0 0 0 0 0 0 0 0 0 0 0 0 0 0 
244 2 1 1 2 0 14 2 0 10 0 0 5 1 0 3 0 0 
245 2 1 1 2 0 14 2 0 10 0 0 5 1 0 3 0 0 
246 2 1 1 2 0 14 2 0 10 0 0 5 1 0 3 0 0 
247 2 1 1 2 0 14 2 0 10 0 0 5 1 0 3 0 0 
248 2 1 1 2 0 14 2 0 10 0 0 5 1 0 3 0 0 
249 2 1 1 2 0 14 2 0 10 0 0 5 1 0 3 0 0 
250 2 1 1 2 0 14 2 0 10 0 0 4 1 0 2 0 0 
251 2 1 1 1 0 12 2 0 8 0 0 3 1 0 1 0 0 
252 2 1 1 1 0 8 1 0 6 0 0 2 0 0 2 0 0 
253 2 1 1 2 0 6 1 0 4 0 0 2 0 0 1 0 0 
254 1 1 0 1 0 4 1 0 0 0 0 2 1 0 0 0 0 
255 0 1 0 0 0 8 4 0 0 0 0 0 0 0 0 0 0 
256 1 0 0 1 0 1 1 0 1 1 0 0 0 0 0 0 0 
257 1 0 0 0 0 0 0 0 0 0 0 0 0 0 0 0 0 
258 0 0 0 0 0 0 0 0 0 0 0 0 0 0 0 0 0 
259 0 0 0 0 0 0 0 0 0 0 0 0 0 0 0 0 0 
260 4 0 4 2 0 5 0 0 3 0 0 1 0 0 0 0 0 
261 1 1 0 0 0 7 1 0 4 0 0 4 1 0 2 0 0 
262 0 0 0 0 0 0 0 0 0 0 0 0 0 0 0 0 0 
263 2 1 1 0 0 7 1 0 6 0 0 3 0 0 3 0 0 
264 0 2 0 0 0 2 1 0 0 0 0 0 0 0 0 0 0 
265 0 2 0 0 0 0 0 0 0 0 0 0 0 0 0 0 0 
266 0 2 0 0 0 0 0 0 0 0 0 0 0 0 0 0 0 
267 0 1 0 0 0 1 1 0 0 0 0 0 0 0 0 0 0 
268 0 0 0 0 0 0 0 0 0 0 0 0 0 0 0 0 0 
269 0 0 0 0 0 0 0 0 0 0 0 0 0 0 0 0 0 
270 0 0 0 0 0 0 0 0 0 0 0 0 0 0 0 0 0 
271 0 0 0 0 0 0 0 0 0 0 0 0 0 0 0 0 0 
272 2 1 1 2 0 6 1 0 4 0 0 0 0 0 0 0 0 
273 1 2 0 0 0 4 1 0 2 0 0 2 1 0 0 0 0 
274 0 1 0 0 0 0 0 0 0 0 0 0 0 0 0 0 0 
275 1 0 0 0 0 0 0 0 0 0 0 0 0 0 0 0 0 
276 0 1 0 0 0 0 0 0 0 0 0 0 0 0 0 0 0 
277 0 0 0 0 0 0 0 0 0 0 0 0 0 0 0 0 0 
278 0 0 0 0 0 0 0 0 0 0 0 0 0 0 0 0 0 
279 0 0 0 0 0 0 0 0 0 0 0 0 0 0 0 0 0 
