1 1 0.01
2 6 2.84
3 1 1.84
4 1 0.01
5 1 0.01
6 1 0.01
7 1 0.01
8 1 0.01
9 1 0.01
10 1 0.01
11 1 0.01
12 1 0.01
13 1 0.01
14 1 0.01
15 1 0.01
16 1 1.83
17 1 1.84
18 25 9.55
19 1 0.01
20 1 0.01
21 1 0.01
22 1 0.01
23 1 0.01
24 1 0.01
25 1 0.01
26 25 1.24
27 1 0.01
28 1 0.01
29 1 0.01
30 1 1.83
31 1 1.84
32 1 0.01
33 1 0.01
34 1 0.01
35 1 0.01
36 1 0.01
37 1 0.01
38 1 1.84
39 1 0.01
40 1 0.01
41 1 0.01
42 7 4.53
43 1 0.01
44 25 2.69
45 17 19.00
46 17 14.77
47 6 4.83
48 7 4.71
49 1 0.01
50 25 1.24
51 1 0.01
52 1 0.01
53 1 0.01
54 1 1.84
55 1 0.01
56 1 0.01
57 1 0.01
58 1 0.01
59 1 0.01
60 1 1.84
61 1 0.01
62 25 2.69
63 25 3.65
64 1 0.01
65 1 0.01
66 25 1.24
67 1 1.83
68 1 0.01
69 1 0.01
70 1 0.01
71 10 36.91
72 20 18.18
73 10 15.04
74 14 32.45
75 17 14.87
76 17 10.60
77 6 6.39
78 6 2.79
79 1 1.83
80 1 0.01
81 1 0.01
82 1 0.01
83 1 0.01
84 1 0.01
85 1 0.01
86 1 0.01
87 1 0.01
88 1 0.01
89 1 0.01
90 1 0.01
91 1 0.01
92 1 0.01
93 14 52.79
94 17 17.64
95 17 28.46
96 25 3.79
97 6 18.99
98 25 3.33
99 1 0.01
100 1 0.01
101 1 1.83
102 1 0.01
103 1 0.01
104 1 0.01
105 1 0.01
106 1 0.01
107 15 3.53
108 1 0.01
109 25 1.24
110 1 0.01
111 1 0.01
112 1 0.01
113 1 0.01
114 1 0.01
115 1 0.01
