1 6 3.96
2 1 0.01
3 7 11.99
4 1 0.01
5 25 4.64
6 15 14.97
7 17 22.83
8 17 20.44
9 1 0.01
10 7 3.16
11 1 0.01
12 7 3.72
13 1 0.01
14 7 10.02
15 1 0.01
16 7 3.04
17 25 4.52
18 7 5.16
19 7 4.44
20 25 7.36
21 1 1.83
22 1 0.01
23 1 0.01
24 25 6.15
25 1 1.83
26 1 0.01
27 1 0.01
28 1 0.01
29 1 0.01
30 1 0.01
31 1 0.01
32 25 8.35
33 25 6.17
34 15 14.53
35 25 1.24
36 1 0.01
37 1 0.01
38 6 2.64
39 1 1.84
40 1 0.01
41 1 0.01
42 1 0.01
43 1 0.01
44 1 0.01
45 1 1.83
46 1 1.84
47 1 1.84
48 25 1.24
49 1 0.01
50 1 0.01
51 1 0.01
52 1 0.01
53 1 0.01
54 1 0.01
55 7 3.18
56 7 2.28
57 25 4.19
58 1 1.84
59 6 8.44
60 25 3.53
61 1 1.86
62 1 0.01
63 1 1.83
64 1 0.01
65 1 1.84
66 1 0.01
67 1 0.01
68 1 0.01
69 1 0.01
70 1 0.01
71 1 0.01
72 1 0.01
73 1 0.01
74 15 14.82
75 1 0.01
76 1 0.01
77 1 0.01
78 1 0.01
79 1 0.01
80 1 0.01
81 1 0.01
82 1 0.01
83 2 10.10
84 2 26.53
85 23 17.43
86 25 1.50
87 2 35.97
88 7 2.43
89 7 3.59
90 1 0.01
91 1 0.01
92 1 0.01
93 1 0.01
94 1 0.01
95 1 0.01
96 1 0.01
97 1 0.01
98 1 0.01
99 1 0.01
100 8 53.62
101 14 12.68
102 14 28.80
103 14 10.70
104 17 20.87
105 17 10.14
106 7 2.43
107 7 5.14
108 7 3.19
109 1 0.01
110 7 4.81
111 1 1.84
112 1 0.01
113 1 0.01
114 1 0.01
115 1 0.01
116 1 0.01
117 1 0.01
118 1 0.01
119 1 0.01
120 1 0.01
121 1 1.84
122 7 10.91
123 1 1.83
124 2 11.71
125 1 1.83
126 1 0.01
127 1 0.01
128 7 3.91
129 1 0.01
130 1 0.01
131 1 0.01
132 1 0.01
133 1 0.01
134 1 0.01
135 1 0.01
136 1 0.01
137 1 0.01
138 1 1.86
139 1 0.01
140 1 0.01
141 1 0.01
142 1 0.01
143 25 3.17
144 1 0.01
145 1 0.01
146 25 6.78
147 2 9.00
148 2 9.16
149 23 14.13
150 17 13.05
151 2 10.93
152 6 8.25
153 2 9.51
154 1 0.01
155 1 0.01
156 7 5.54
157 7 6.68
158 7 4.88
159 6 7.19
160 1 3.70
161 1 0.01
162 1 0.01
163 1 0.01
164 1 1.83
165 1 0.01
166 1 0.01
167 1 0.01
168 1 0.01
169 1 0.01
170 25 2.67
171 25 3.17
172 1 0.01
173 1 0.01
174 25 6.19
175 1 0.01
176 1 0.01
177 1 0.01
178 1 0.01
179 1 0.01
180 1 0.01
181 1 0.01
182 1 1.87
183 1 0.01
184 1 0.01
185 1 0.01
186 1 1.83
187 1 1.84
188 1 1.83
189 1 0.01
190 1 0.01
191 1 0.01
192 1 0.01
193 1 0.01
194 1 0.01
195 1 0.01
196 1 0.01
197 1 0.01
198 1 0.01
199 1 0.01
200 1 0.01
201 1 1.85
202 1 0.01
203 6 6.95
204 1 1.83
205 7 3.19
206 7 2.28
207 7 3.58
208 1 0.01
209 1 0.01
210 1 0.01
211 1 0.01
212 7 2.96
213 1 0.01
214 7 3.20
215 1 0.01
216 1 3.69
217 1 0.01
218 1 0.01
219 1 0.01
220 1 0.01
221 7 2.28
222 25 7.06
223 25 6.15
224 7 2.97
225 1 0.01
226 25 1.24
227 1 0.01
228 1 0.01
229 11 22.47
230 20 21.07
231 21 43.95
232 18 19.16
233 10 18.08
234 9 28.91
235 23 15.01
236 16 31.65
237 14 16.56
238 17 9.35
239 14 20.06
240 7 2.43
241 6 2.79
242 1 1.83
243 1 0.01
244 1 0.01
245 7 3.53
246 1 0.01
247 1 0.01
248 7 2.90
249 25 5.73
250 1 1.83
251 1 0.01
252 1 0.01
253 1 0.01
254 1 0.01
255 1 0.01
256 1 0.01
257 22 59.09
258 10 23.81
259 2 9.07
260 11 22.33
261 13 68.88
262 10 21.60
263 21 26.30
264 20 15.95
265 17 23.58
266 25 2.69
267 17 10.04
268 6 7.73
269 6 6.77
270 7 2.99
271 1 0.01
272 1 1.83
273 1 0.01
274 1 0.01
275 7 4.30
276 1 1.84
277 1 0.01
278 1 0.01
279 14 15.47
280 17 15.72
281 1 0.01
282 25 5.81
283 6 3.97
284 1 0.01
285 1 0.01
286 1 0.01
287 2 8.73
288 2 19.91
289 2 15.38
290 7 2.96
291 7 3.18
292 25 2.67
293 6 16.48
294 7 6.70
295 7 6.77
296 1 0.01
297 1 0.01
298 1 0.01
299 1 0.01
300 1 0.01
301 1 0.01
302 8 31.33
303 10 23.81
304 16 38.29
305 20 18.98
306 18 29.57
307 10 29.11
308 10 19.46
309 21 14.20
310 23 18.32
311 17 15.79
312 17 13.51
313 6 6.22
314 25 6.14
315 1 1.83
316 1 0.01
317 1 0.01
318 1 0.01
319 1 0.01
