1 9 3.31
2 1 0.01
3 1 0.01
4 1 0.01
5 1 0.01
6 1 1.79
7 1 1.80
8 1 0.01
9 1 0.01
10 1 1.80
11 1 0.01
12 1 0.01
13 1 0.01
14 14 2.84
15 1 0.01
16 14 1.14
17 1 0.01
18 1 0.01
19 1 0.01
20 1 0.01
21 14 1.19
22 1 0.01
23 1 0.01
24 1 0.01
25 1 0.01
26 1 0.01
27 1 0.01
28 1 0.01
29 1 1.80
30 1 0.01
31 1 0.01
32 25 9.58
33 1 0.01
34 9 8.47
35 1 0.01
36 1 0.01
37 1 0.01
38 1 0.01
39 1 0.01
40 1 0.01
41 1 0.01
42 1 0.01
43 14 1.28
44 1 0.01
45 1 0.01
46 1 0.01
47 1 0.01
48 1 0.01
49 1 0.01
50 1 0.01
51 14 2.56
52 9 2.40
53 1 1.80
54 1 0.01
55 1 0.01
56 1 0.01
57 1 0.01
58 1 0.01
