1 1 0.01
2 1 1.87
3 1 0.01
4 1 0.01
5 1 1.84
6 1 1.87
7 1 0.01
8 1 0.01
9 1 0.01
10 1 0.01
11 1 0.01
12 1 1.86
13 7 3.17
14 1 0.01
15 1 1.83
16 1 0.01
17 1 0.01
18 1 0.01
19 1 0.01
20 25 2.25
21 25 1.24
22 1 0.01
23 1 0.01
24 1 0.01
25 1 0.01
26 1 0.01
27 1 0.01
28 1 1.86
29 1 1.85
30 1 0.01
31 1 0.01
32 15 4.06
33 1 0.01
34 1 0.01
35 1 0.01
36 1 0.01
37 1 0.01
38 1 0.01
39 1 0.01
40 25 2.80
41 1 1.85
42 1 0.01
43 1 0.01
44 1 0.01
45 1 0.01
46 1 0.01
47 1 0.01
48 25 5.06
49 6 4.92
50 1 1.86
51 1 0.01
52 1 0.01
53 1 0.01
54 1 0.01
55 1 0.01
56 1 0.01
