1 1 0.01
2 1 0.01
3 1 0.01
4 1 1.86
5 1 0.01
6 1 0.01
7 25 1.24
8 1 1.87
9 1 0.01
10 1 0.01
11 1 0.01
12 25 3.65
13 1 0.01
14 1 0.01
15 1 0.01
16 1 0.01
17 1 1.84
18 1 0.01
19 1 0.01
20 1 0.01
21 1 0.01
22 1 1.84
23 1 0.01
24 1 0.01
25 1 0.01
26 1 0.01
27 1 0.01
28 1 0.01
29 1 0.01
30 1 0.01
31 1 0.01
32 1 0.01
33 1 1.83
34 1 1.83
35 1 0.01
36 1 0.01
37 1 0.01
38 25 2.80
39 25 2.25
40 25 1.24
41 1 0.01
42 25 1.24
43 1 1.86
44 1 0.01
45 1 0.01
46 7 2.43
47 1 1.83
48 25 10.79
49 1 1.87
50 1 0.01
51 1 0.01
52 1 0.01
53 1 0.01
54 1 0.01
55 1 0.01
56 7 4.30
57 1 1.84
58 1 0.01
59 1 0.01
60 1 0.01
61 1 0.01
62 1 0.01
63 1 0.01
64 1 0.01
65 1 0.01
66 1 0.01
67 1 0.01
68 1 0.01
69 1 0.01
70 1 0.01
71 1 0.01
72 1 0.01
73 1 0.01
74 1 0.01
75 1 1.84
76 1 0.01
77 1 0.01
78 1 0.01
79 1 0.01
80 1 0.01
81 1 0.01
82 1 0.01
83 1 0.01
84 1 0.01
85 1 0.01
86 1 0.01
87 1 0.01
88 15 6.40
89 1 0.01
90 1 0.01
91 1 0.01
92 1 0.01
93 1 0.01
94 1 0.01
95 1 0.01
96 1 0.01
97 1 0.01
98 1 0.01
99 15 5.41
100 1 0.01
101 1 0.01
102 1 1.86
103 1 0.01
104 1 0.01
105 1 0.01
106 1 0.01
107 1 0.01
108 1 0.01
109 1 0.01
110 1 0.01
111 1 0.01
112 1 0.01
113 1 0.01
114 1 0.01
115 1 0.01
116 1 0.01
117 8 49.22
118 14 24.03
119 25 5.81
120 10 15.61
121 21 16.67
122 23 13.66
123 17 20.56
124 25 2.69
125 2 13.50
126 2 14.32
127 17 10.57
128 1 0.01
129 7 4.24
130 1 0.01
131 2 8.16
132 18 24.37
133 14 13.33
134 20 20.54
135 10 32.89
136 9 21.68
137 5 33.80
138 7 5.27
139 2 8.51
140 18 30.57
141 9 24.13
142 18 22.81
143 14 22.73
144 20 29.01
145 5 23.44
146 11 23.31
147 14 19.24
148 21 46.09
149 2 9.07
150 2 27.19
151 18 23.57
152 7 5.72
153 2 8.13
154 5 25.86
155 21 33.62
156 25 2.62
157 2 14.28
158 2 20.22
159 25 11.97
160 1 0.01
161 1 0.01
162 25 13.97
163 6 6.14
164 1 0.01
165 1 0.01
166 1 0.01
167 16 25.34
168 2 8.16
169 9 22.87
170 14 20.26
171 20 20.08
172 2 7.69
173 18 27.17
174 9 10.47
175 5 29.24
176 2 7.99
177 23 8.79
178 17 19.12
179 2 16.40
180 17 9.58
181 17 8.89
182 1 0.01
183 7 4.42
184 1 1.84
185 1 0.01
186 1 0.01
187 1 0.01
188 1 0.01
189 4 31.30
190 9 24.18
191 2 7.69
192 9 23.84
193 18 37.34
194 20 16.66
195 20 19.05
196 18 36.80
197 23 26.68
198 17 16.46
199 17 19.07
200 2 17.40
201 2 13.63
202 7 4.61
203 1 0.01
204 2 8.13
205 5 30.85
206 20 17.88
207 18 25.64
208 18 20.00
209 23 19.57
210 25 5.80
211 14 27.09
212 2 19.53
213 14 18.92
214 1 1.84
215 25 2.62
216 6 3.08
217 15 9.48
218 25 1.24
219 1 0.01
220 1 0.01
221 1 0.01
222 1 0.01
223 1 0.01
224 25 1.24
225 1 0.01
226 1 0.01
227 1 0.01
