3 0 0 0 0 0 3 0 0 0 0 0 0 0 0 0 0 0 
4 2 1 1 1 0 15 2 0 9 0 0 4 1 0 2 0 0 
5 1 2 0 1 0 17 1 0 4 0 0 3 0 0 2 0 0 
6 1 0 0 1 0 4 0 0 4 0 0 1 0 0 1 0 0 
7 1 2 0 1 0 14 2 0 6 0 0 4 1 0 2 0 0 
8 1 0 0 1 0 2 0 0 2 0 0 0 0 0 0 0 0 
9 2 1 1 1 0 8 1 0 6 0 0 3 0 0 3 0 0 
10 2 1 1 2 0 10 1 0 8 0 0 2 0 0 2 0 0 
11 1 2 0 1 0 19 2 0 9 0 0 5 1 0 2 0 0 
12 0 1 0 0 0 2 0 0 0 0 0 1 0 0 0 0 0 
13 1 0 0 1 0 2 0 0 2 0 0 2 0 0 2 0 0 
14 2 2 1 2 0 0 0 0 0 0 0 0 0 0 0 0 0 
15 3 1 3 2 0 9 0 0 3 0 0 0 0 0 0 0 0 
16 1 0 0 1 0 1 1 0 1 1 0 0 0 0 0 0 0 
17 1 0 0 0 0 0 0 0 0 0 0 0 0 0 0 0 0 
18 0 0 0 0 0 0 0 0 0 0 0 0 0 0 0 0 0 
19 0 0 0 0 0 0 0 0 0 0 0 0 0 0 0 0 0 
20 2 1 1 2 0 14 2 0 10 0 0 5 1 0 3 0 0 
21 2 1 1 2 0 14 2 0 10 0 0 5 1 0 3 0 0 
22 2 1 1 2 0 14 2 0 10 0 0 5 1 0 3 0 0 
23 2 1 1 2 0 14 2 0 10 0 0 5 1 0 3 0 0 
24 2 1 1 2 0 14 2 0 10 0 0 5 1 0 3 0 0 
25 2 1 1 2 0 14 2 0 10 0 0 4 1 0 2 0 0 
26 2 1 1 1 0 12 2 0 8 0 0 5 1 0 3 0 0 
27 2 1 1 2 0 6 1 0 4 0 0 1 0 0 1 0 0 
28 2 1 1 1 0 8 1 0 6 0 0 3 1 0 1 0 0 
29 1 2 0 0 0 4 1 0 2 0 0 2 0 0 1 0 0 
30 1 0 0 0 0 1 0 0 1 0 0 1 0 0 1 0 0 
31 0 2 0 0 0 0 0 0 0 0 0 0 0 0 0 0 0 
32 0 1 0 0 0 2 2 0 0 0 0 0 0 0 0 0 0 
33 0 0 0 0 0 0 0 0 0 0 0 0 0 0 0 0 0 
34 0 0 0 0 0 0 0 0 0 0 0 0 0 0 0 0 0 
35 0 0 0 0 0 1 0 0 0 0 0 0 0 0 0 0 0 
36 0 0 0 0 0 0 0 0 0 0 0 0 0 0 0 0 0 
37 0 0 0 0 0 1 0 0 0 0 0 0 0 0 0 0 0 
38 0 0 0 0 0 0 0 0 0 0 0 0 0 0 0 0 0 
39 3 2 2 1 0 13 0 0 6 0 0 5 0 0 3 0 0 
40 1 0 0 1 0 4 0 0 4 0 0 0 0 0 0 0 0 
41 1 2 0 0 0 12 2 0 6 0 0 3 1 0 1 0 0 
42 0 1 0 0 0 3 0 0 0 0 0 0 0 0 0 0 0 
43 1 1 0 1 0 16 0 0 4 0 0 1 0 0 0 0 0 
44 1 2 0 0 0 12 2 0 6 0 0 2 0 0 1 0 0 
45 0 1 0 0 0 4 0 0 0 0 0 1 0 0 0 0 0 
46 0 1 0 0 0 6 0 0 0 0 0 0 0 0 0 0 0 
47 0 1 0 0 0 10 0 0 0 0 0 0 0 0 0 0 0 
48 1 0 0 1 0 2 0 0 2 0 0 0 0 0 0 0 0 
49 2 1 1 1 0 8 1 0 6 0 0 2 0 0 2 0 0 
50 1 2 0 1 0 10 1 0 4 0 0 2 0 0 1 0 0 
51 0 1 0 0 0 4 0 0 0 0 0 0 0 0 0 0 0 
52 0 1 0 0 0 2 0 0 0 0 0 0 0 0 0 0 0 
53 1 0 0 1 0 2 0 0 2 0 0 1 0 0 1 0 0 
54 2 1 1 2 0 10 1 0 8 0 0 2 0 0 2 0 0 
55 1 2 0 1 0 14 2 0 6 0 0 3 1 0 1 0 0 
56 0 1 0 0 0 2 0 0 0 0 0 1 0 0 0 0 0 
57 1 0 0 1 0 6 0 0 6 0 0 1 0 0 1 0 0 
58 2 1 1 2 0 18 3 0 12 0 0 4 1 0 2 0 0 
59 1 2 0 1 0 14 2 0 6 0 0 5 1 0 2 0 0 
60 1 0 0 1 0 6 0 0 6 0 0 0 0 0 0 0 0 
61 2 1 1 1 0 25 2 0 3 0 0 3 1 0 1 0 0 
62 2 1 1 1 0 7 0 0 7 0 0 3 0 0 3 0 0 
63 2 1 1 3 0 11 2 0 7 0 0 2 0 0 1 0 0 
64 1 1 0 1 0 3 2 0 0 0 0 3 2 0 0 0 0 
65 0 0 0 0 0 0 0 0 0 0 0 0 0 0 0 0 0 
66 3 0 0 1 3 2 0 0 2 0 0 0 0 0 0 0 0 
67 2 0 1 0 0 0 0 0 0 0 0 0 0 0 0 0 0 
68 0 0 0 0 0 0 0 0 0 0 0 0 0 0 0 0 0 
69 0 0 0 0 0 0 0 0 0 0 0 0 0 0 0 0 0 
70 0 0 0 0 0 0 0 0 0 0 0 0 0 0 0 0 0 
71 0 0 0 0 0 0 0 0 0 0 0 0 0 0 0 0 0 
72 1 0 0 0 0 0 0 0 0 0 0 0 0 0 0 0 0 
73 0 0 0 0 0 0 0 0 0 0 0 0 0 0 0 0 0 
74 4 0 4 2 0 10 0 0 6 0 0 5 0 0 4 0 0 
75 1 2 0 1 0 14 2 0 6 0 0 3 1 0 1 0 0 
76 0 1 0 0 0 2 0 0 0 0 0 1 0 0 0 0 0 
77 1 0 0 1 0 4 0 0 4 0 0 1 0 0 1 0 0 
78 2 1 1 2 0 14 2 0 10 0 0 3 1 0 1 0 0 
79 1 2 0 0 0 12 2 0 6 0 0 5 1 0 2 0 0 
80 1 0 0 1 0 4 0 0 4 0 0 1 0 0 1 0 0 
81 2 1 1 2 0 14 2 0 10 0 0 3 1 0 1 0 0 
82 1 2 0 0 0 12 2 0 6 0 0 5 1 0 2 0 0 
83 1 0 0 1 0 4 0 0 4 0 0 1 0 0 1 0 0 
84 2 1 1 2 0 14 2 0 10 0 0 4 1 0 2 0 0 
85 1 2 0 1 0 14 2 0 6 0 0 5 1 0 2 0 0 
86 1 0 0 1 0 4 0 0 4 0 0 1 0 0 1 0 0 
87 2 1 1 2 0 14 2 0 10 0 0 5 1 0 3 0 0 
88 2 1 1 2 0 14 2 0 10 0 0 4 1 0 2 0 0 
89 2 1 1 1 0 12 2 0 8 0 0 5 1 0 3 0 0 
90 2 1 1 2 0 10 1 0 8 0 0 3 0 0 3 0 0 
91 2 1 1 2 0 14 2 0 10 0 0 4 1 0 2 0 0 
92 1 2 0 1 0 14 2 0 6 0 0 5 1 0 2 0 0 
93 1 0 0 1 0 4 0 0 4 0 0 1 0 0 1 0 0 
94 2 1 1 2 0 14 2 0 10 0 0 5 1 0 3 0 0 
95 2 1 1 2 0 14 2 0 10 0 0 5 1 0 3 0 0 
96 2 1 1 2 0 14 2 0 10 0 0 5 1 0 3 0 0 
97 2 1 1 2 0 14 2 0 10 0 0 4 1 0 2 0 0 
98 2 1 1 1 0 17 2 0 13 0 0 4 1 0 2 0 0 
99 2 1 1 1 0 12 2 0 8 0 0 2 0 0 2 0 0 
100 2 1 1 1 0 4 1 0 2 0 0 0 0 0 0 0 0 
101 1 2 0 0 0 1 0 0 1 0 0 0 0 0 0 0 0 
102 1 1 0 0 0 6 0 0 2 0 0 2 0 0 1 0 0 
103 0 0 0 0 0 2 0 0 0 0 0 0 0 0 0 0 0 
104 0 0 0 0 0 0 0 0 0 0 0 0 0 0 0 0 0 
105 0 0 0 0 0 0 0 0 0 0 0 0 0 0 0 0 0 
106 0 1 0 0 0 0 0 0 0 0 0 0 0 0 0 0 0 
107 1 0 0 0 0 1 0 0 1 0 0 0 0 0 0 0 0 
108 0 1 0 0 0 1 1 0 0 0 0 0 0 0 0 0 0 
109 0 0 0 0 0 0 0 0 0 0 0 0 0 0 0 0 0 
110 0 0 0 0 0 0 0 0 0 0 0 0 0 0 0 0 0 
111 0 0 0 0 0 0 0 0 0 0 0 0 0 0 0 0 0 
112 0 0 0 0 0 0 0 0 0 0 0 0 0 0 0 0 0 
113 2 1 1 2 0 14 2 0 10 0 0 5 1 0 3 0 0 
114 2 1 1 2 0 14 2 0 10 0 0 4 1 0 2 0 0 
115 2 1 1 1 0 12 2 0 8 0 0 5 1 0 3 0 0 
116 2 1 1 2 0 10 1 0 8 0 0 3 0 0 3 0 0 
117 2 1 1 2 0 14 2 0 10 0 0 4 1 0 2 0 0 
118 1 2 0 1 0 14 2 0 6 0 0 5 1 0 2 0 0 
119 1 0 0 1 0 4 0 0 4 0 0 0 0 0 0 0 0 
120 2 1 1 1 0 12 2 0 8 0 0 5 1 0 3 0 0 
121 2 1 1 2 0 14 1 0 12 0 0 3 0 0 3 0 0 
122 2 1 1 2 0 30 3 0 24 0 0 6 1 0 4 0 0 
123 1 2 0 1 0 22 4 0 10 0 0 5 1 0 2 0 0 
124 1 0 0 1 0 9 0 0 9 0 0 1 0 0 1 0 0 
125 2 4 1 3 0 68 6 0 20 0 0 6 2 0 3 0 0 
126 3 1 2 2 0 60 2 0 14 0 0 3 1 0 1 0 0 
127 2 1 1 1 0 15 1 0 12 0 0 6 1 0 4 0 0 
128 2 1 1 3 0 51 2 0 15 0 0 3 0 0 2 0 0 
129 2 1 1 1 0 22 3 0 1 0 0 3 2 0 1 0 0 
130 0 2 0 0 0 0 0 0 0 0 0 0 0 0 0 0 0 
131 3 0 0 1 3 3 0 0 3 0 0 0 0 0 0 0 0 
132 2 1 1 0 0 2 2 0 0 0 0 0 0 0 0 0 0 
133 0 0 0 0 0 0 0 0 0 0 0 0 0 0 0 0 0 
134 0 0 0 0 0 0 0 0 0 0 0 0 0 0 0 0 0 
135 0 0 0 0 0 0 0 0 0 0 0 0 0 0 0 0 0 
136 3 2 2 2 0 12 0 0 7 0 0 4 0 0 3 0 0 
137 1 0 0 1 0 2 0 0 2 0 0 1 0 0 1 0 0 
138 2 1 1 2 0 10 1 0 8 0 0 1 0 0 1 0 0 
139 1 2 0 0 0 12 2 0 6 0 0 4 1 0 1 0 0 
140 0 1 0 0 0 4 0 0 0 0 0 1 0 0 0 0 0 
141 1 0 0 1 0 4 0 0 4 0 0 1 0 0 1 0 0 
142 1 2 0 1 0 14 2 0 6 0 0 5 1 0 2 0 0 
143 1 0 0 1 0 4 0 0 4 0 0 0 0 0 0 0 0 
144 2 1 1 1 0 17 2 0 13 0 0 5 1 0 3 0 0 
145 2 1 1 2 0 14 2 0 10 0 0 3 0 0 3 0 0 
146 2 1 1 2 0 14 2 0 10 0 0 4 1 0 2 0 0 
147 1 2 0 1 0 18 2 0 6 0 0 5 1 0 2 0 0 
148 1 0 0 1 0 19 0 0 4 0 0 1 0 0 1 0 0 
149 2 1 1 2 0 14 2 0 10 0 0 5 1 0 3 0 0 
150 2 1 1 2 0 14 2 0 10 0 0 5 1 0 3 0 0 
151 2 1 1 2 0 14 2 0 10 0 0 4 1 0 2 0 0 
152 2 1 1 1 0 12 2 0 8 0 0 5 1 0 3 0 0 
153 2 1 1 2 0 10 1 0 8 0 0 3 0 0 3 0 0 
154 2 1 1 2 0 19 2 0 15 0 0 3 1 0 1 0 0 
155 1 2 0 0 0 16 3 0 8 0 0 3 1 0 1 0 0 
156 1 0 0 1 0 0 0 0 0 0 0 0 0 0 0 0 0 
157 2 1 1 1 0 1 0 0 1 0 0 0 0 0 0 0 0 
158 2 1 1 0 0 11 0 0 3 0 0 0 0 0 0 0 0 
159 0 0 0 0 0 2 0 0 0 0 0 0 0 0 0 0 0 
160 0 0 0 0 0 0 0 0 0 0 0 0 0 0 0 0 0 
161 0 0 0 0 0 0 0 0 0 0 0 0 0 0 0 0 0 
162 0 1 0 0 0 4 2 0 0 0 0 1 1 0 0 0 0 
163 0 1 0 0 0 4 4 0 0 0 0 0 0 0 0 0 0 
164 0 0 0 0 0 0 0 0 0 0 0 0 0 0 0 0 0 
165 0 0 0 0 0 14 0 0 0 0 0 0 0 0 0 0 0 
166 4 1 4 2 0 9 0 0 6 0 0 5 0 0 4 0 0 
167 2 1 1 2 0 10 1 0 8 0 0 2 0 0 2 0 0 
168 1 2 0 1 0 14 2 0 6 0 0 3 1 0 1 0 0 
169 0 1 0 0 0 2 0 0 0 0 0 1 0 0 0 0 0 
170 1 0 0 1 0 4 0 0 4 0 0 1 0 0 1 0 0 
171 2 1 1 2 0 14 2 0 10 0 0 4 1 0 2 0 0 
172 1 2 0 1 0 14 2 0 6 0 0 5 1 0 2 0 0 
173 1 0 0 1 0 4 0 0 4 0 0 1 0 0 1 0 0 
174 2 1 1 2 0 14 2 0 10 0 0 4 1 0 2 0 0 
175 2 1 1 1 0 17 2 0 13 0 0 5 1 0 3 0 0 
176 2 1 1 2 0 14 2 0 10 0 0 1 0 0 1 0 0 
177 2 1 1 1 0 17 2 0 13 0 0 2 1 0 1 0 0 
178 1 2 0 0 0 9 2 0 3 0 0 1 0 0 0 0 0 
179 2 0 1 0 0 2 0 0 2 0 0 1 0 0 1 0 0 
180 0 3 0 0 0 12 6 0 0 0 0 0 0 0 0 0 0 
181 0 0 0 0 0 3 0 0 0 0 0 0 0 0 0 0 0 
182 0 0 0 0 0 0 0 0 0 0 0 0 0 0 0 0 0 
183 0 0 0 0 0 0 0 0 0 0 0 0 0 0 0 0 0 
184 0 0 0 0 0 0 0 0 0 0 0 0 0 0 0 0 0 
185 0 0 0 0 0 0 0 0 0 0 0 0 0 0 0 0 0 
186 2 1 1 1 0 8 1 0 6 0 0 1 0 0 1 0 0 
187 1 2 0 0 0 8 1 0 4 0 0 2 0 0 1 0 0 
188 0 1 0 0 0 4 0 0 0 0 0 1 0 0 0 0 0 
189 0 1 0 0 0 4 0 0 0 0 0 1 0 0 0 0 0 
190 0 1 0 0 0 4 0 0 0 0 0 0 0 0 0 0 0 
191 1 0 0 1 0 2 0 0 2 0 0 0 0 0 0 0 0 
192 2 1 1 1 0 8 1 0 6 0 0 3 0 0 3 0 0 
193 2 1 1 2 0 10 1 0 8 0 0 2 0 0 2 0 0 
194 1 2 0 1 0 19 2 0 9 0 0 3 1 0 1 0 0 
195 0 1 0 0 0 2 0 0 0 0 0 1 0 0 0 0 0 
196 1 0 0 1 0 2 0 0 2 0 0 0 0 0 0 0 0 
197 2 1 1 1 0 10 1 0 7 0 0 3 1 0 1 0 0 
198 1 2 0 0 0 19 1 0 2 0 0 2 0 0 1 0 0 
199 1 0 0 0 0 1 0 0 1 0 0 1 0 0 1 0 0 
200 0 2 0 0 0 0 0 0 0 0 0 0 0 0 0 0 0 
201 0 1 0 0 0 2 2 0 0 0 0 0 0 0 0 0 0 
202 0 0 0 0 0 0 0 0 0 0 0 0 0 0 0 0 0 
203 0 0 0 0 0 0 0 0 0 0 0 0 0 0 0 0 0 
204 0 2 0 0 0 0 0 0 0 0 0 0 0 0 0 0 0 
205 0 1 0 0 0 1 1 0 0 0 0 0 0 0 0 0 0 
206 0 0 0 0 0 0 0 0 0 0 0 0 0 0 0 0 0 
207 0 0 0 0 0 0 0 0 0 0 0 0 0 0 0 0 0 
208 0 0 0 0 0 0 0 0 0 0 0 0 0 0 0 0 0 
209 2 1 1 1 0 11 2 0 9 0 0 1 0 0 1 0 0 
210 0 1 0 0 0 3 3 0 0 0 0 1 1 0 0 0 0 
211 0 0 0 0 0 0 0 0 0 0 0 0 0 0 0 0 0 
212 2 1 1 1 0 12 2 0 8 0 0 5 1 0 3 0 0 
213 2 1 1 2 0 10 1 0 8 0 0 3 0 0 3 0 0 
214 2 1 1 2 0 14 2 0 10 0 0 4 1 0 2 0 0 
215 1 2 0 1 0 14 2 0 6 0 0 5 1 0 2 0 0 
216 1 0 0 1 0 4 0 0 4 0 0 1 0 0 1 0 0 
217 2 1 1 2 0 14 2 0 10 0 0 4 1 0 2 0 0 
218 2 1 1 1 0 12 2 0 8 0 0 4 1 0 2 0 0 
219 2 1 1 1 0 8 1 0 6 0 0 3 0 0 3 0 0 
220 2 1 1 2 0 10 1 0 8 0 0 2 0 0 2 0 0 
221 1 2 0 1 0 14 2 0 6 0 0 3 1 0 1 0 0 
222 0 1 0 0 0 2 0 0 0 0 0 0 0 0 0 0 0 
223 1 0 0 1 0 2 0 0 2 0 0 1 0 0 1 0 0 
224 2 1 1 2 0 10 1 0 8 0 0 1 0 0 1 0 0 
225 1 2 0 0 0 7 2 0 3 0 0 2 1 0 0 0 0 
226 0 1 0 0 0 0 0 0 0 0 0 0 0 0 0 0 0 
227 1 0 0 1 0 0 0 0 0 0 0 0 0 0 0 0 0 
228 1 1 0 0 0 0 0 0 0 0 0 0 0 0 0 0 0 
229 0 0 0 0 0 0 0 0 0 0 0 0 0 0 0 0 0 
230 0 0 0 0 0 0 0 0 0 0 0 0 0 0 0 0 0 
231 0 0 0 0 0 0 0 0 0 0 0 0 0 0 0 0 0 
232 0 0 0 0 0 0 0 0 0 0 0 0 0 0 0 0 0 
