2 1 1 1 0 4 0 0 4 0 0 2 0 0 2 0 0 
1 2 0 0 0 4 0 0 2 0 0 0 0 0 0 0 0 
0 1 0 0 0 1 1 0 0 0 0 0 0 0 0 0 0 
0 0 0 0 0 0 0 0 0 0 0 0 0 0 0 0 0 
0 0 0 0 0 1 0 0 0 0 0 0 0 0 0 0 0 
0 0 0 0 0 0 0 0 0 0 0 0 0 0 0 0 0 
0 0 0 0 0 1 0 0 0 0 0 0 0 0 0 0 0 
0 0 0 0 0 0 0 0 0 0 0 0 0 0 0 0 0 
1 0 0 0 0 1 0 0 1 0 0 0 0 0 0 0 0 
0 0 0 0 0 1 0 0 0 0 0 0 0 0 0 0 0 
0 0 0 0 0 0 0 0 0 0 0 0 0 0 0 0 0 
1 0 0 0 0 1 0 0 1 0 0 0 0 0 0 0 0 
0 0 0 0 0 1 0 0 0 0 0 0 0 0 0 0 0 
0 0 0 0 0 0 0 0 0 0 0 0 0 0 0 0 0 
0 1 0 0 0 4 2 0 0 0 0 0 0 0 0 0 0 
0 0 0 0 0 4 0 0 0 0 0 0 0 0 0 0 0 
0 0 0 0 0 2 0 0 0 0 0 0 0 0 0 0 0 
0 0 0 0 0 2 0 0 0 0 0 0 0 0 0 0 0 
0 1 0 0 0 1 1 0 0 0 0 0 0 0 0 0 0 
0 0 0 0 0 0 0 0 0 0 0 0 0 0 0 0 0 
0 1 0 0 0 4 1 0 0 0 0 0 0 0 0 0 0 
0 0 0 0 0 0 0 0 0 0 0 0 0 0 0 0 0 
0 0 0 0 0 1 0 0 0 0 0 0 0 0 0 0 0 
0 0 0 0 0 0 0 0 0 0 0 0 0 0 0 0 0 
3 1 0 0 3 2 0 0 1 0 0 0 0 0 0 0 0 
0 0 0 0 0 0 0 0 0 0 0 0 0 0 0 0 0 
0 0 0 0 0 0 0 0 0 0 0 0 0 0 0 0 0 
1 0 0 0 0 0 0 0 0 0 0 0 0 0 0 0 0 
0 0 0 0 0 0 0 0 0 0 0 0 0 0 0 0 0 
0 0 0 0 0 0 0 0 0 0 0 0 0 0 0 0 0 
0 0 0 0 0 0 0 0 0 0 0 0 0 0 0 0 0 
0 0 0 0 0 0 0 0 0 0 0 0 0 0 0 0 0 
0 0 0 0 0 1 0 0 0 0 0 0 0 0 0 0 0 
0 0 0 0 0 0 0 0 0 0 0 0 0 0 0 0 0 
0 0 0 0 0 3 0 0 0 0 0 0 0 0 0 0 0 
0 0 0 0 0 0 0 0 0 0 0 0 0 0 0 0 0 
0 0 0 0 0 1 0 0 0 0 0 0 0 0 0 0 0 
0 0 0 0 0 0 0 0 0 0 0 0 0 0 0 0 0 
2 0 1 2 0 0 0 0 0 0 0 0 0 0 0 0 0 
2 1 1 2 0 10 1 0 8 0 0 3 0 0 3 0 0 
2 1 1 2 0 19 2 0 15 0 0 4 1 0 2 0 0 
1 2 0 1 0 18 3 0 8 0 0 5 1 0 2 0 0 
1 0 0 1 0 4 0 0 4 0 0 1 0 0 1 0 0 
2 1 1 2 0 18 2 0 12 0 0 5 1 0 3 0 0 
2 1 1 2 0 16 2 0 5 0 0 3 1 0 1 0 0 
2 1 1 1 0 4 1 0 2 0 0 3 1 0 1 0 0 
2 1 1 1 0 1 0 0 1 0 0 1 0 0 1 0 0 
2 1 1 0 0 2 0 0 2 0 0 0 0 0 0 0 0 
0 1 0 0 0 1 1 0 0 0 0 0 0 0 0 0 0 
0 0 0 0 0 0 0 0 0 0 0 0 0 0 0 0 0 
0 0 0 0 0 0 0 0 0 0 0 0 0 0 0 0 0 
0 0 0 0 0 0 0 0 0 0 0 0 0 0 0 0 0 
1 0 0 1 0 12 3 0 12 3 0 0 0 0 0 0 0 
3 1 1 1 0 30 4 0 9 3 0 3 2 0 1 1 0 
0 0 0 0 0 0 0 0 0 0 0 0 0 0 0 0 0 
1 2 0 0 0 20 4 0 3 0 0 0 0 0 0 0 0 
0 0 0 0 0 0 0 0 0 0 0 0 0 0 0 0 0 
0 0 0 0 0 2 0 0 0 0 0 0 0 0 0 0 0 
0 0 0 0 0 1 0 0 0 0 0 0 0 0 0 0 0 
0 0 0 0 0 0 0 0 0 0 0 0 0 0 0 0 0 
1 0 0 0 0 1 0 0 1 0 0 0 0 0 0 0 0 
0 0 0 0 0 1 0 0 0 0 0 0 0 0 0 0 0 
0 0 0 0 0 0 0 0 0 0 0 0 0 0 0 0 0 
0 0 0 0 0 1 0 0 0 0 0 0 0 0 0 0 0 
0 0 0 0 0 0 0 0 0 0 0 0 0 0 0 0 0 
2 0 1 0 0 0 0 0 0 0 0 0 0 0 0 0 0 
0 0 0 0 0 0 0 0 0 0 0 0 0 0 0 0 0 
0 0 0 0 0 0 0 0 0 0 0 0 0 0 0 0 0 
0 0 0 0 0 0 0 0 0 0 0 0 0 0 0 0 0 
0 0 0 0 0 0 0 0 0 0 0 0 0 0 0 0 0 
0 0 0 0 0 0 0 0 0 0 0 0 0 0 0 0 0 
0 0 0 0 0 0 0 0 0 0 0 0 0 0 0 0 0 
0 0 0 0 0 0 0 0 0 0 0 0 0 0 0 0 0 
0 0 0 0 0 0 0 0 0 0 0 0 0 0 0 0 0 
0 0 0 0 0 0 0 0 0 0 0 0 0 0 0 0 0 
0 0 0 0 0 0 0 0 0 0 0 0 0 0 0 0 0 
0 0 0 0 0 0 0 0 0 0 0 0 0 0 0 0 0 
0 1 0 0 0 9 3 0 0 0 0 1 0 0 0 0 0 
1 1 0 0 0 12 5 0 1 0 0 0 0 0 0 0 0 
0 0 0 0 0 3 0 0 0 0 0 0 0 0 0 0 0 
2 1 1 2 0 30 2 0 24 0 0 5 1 0 3 0 0 
2 1 1 2 0 24 4 0 7 0 0 3 1 0 1 0 0 
2 1 1 1 0 8 1 0 6 0 0 3 1 0 1 0 0 
2 1 1 1 0 6 1 0 2 0 0 1 0 0 1 0 0 
3 1 1 2 0 26 1 0 6 1 0 0 0 0 0 0 0 
0 1 0 0 0 4 2 0 0 0 0 0 0 0 0 0 0 
0 0 0 0 0 2 0 0 0 0 0 0 0 0 0 0 0 
0 0 0 0 0 0 0 0 0 0 0 0 0 0 0 0 0 
1 0 0 0 0 1 0 0 1 0 0 0 0 0 0 0 0 
0 1 0 0 0 2 2 0 0 0 0 0 0 0 0 0 0 
0 0 0 0 0 0 0 0 0 0 0 0 0 0 0 0 0 
3 0 0 0 3 28 0 0 4 0 0 1 0 0 1 0 0 
4 1 4 5 0 33 0 0 19 0 0 7 0 0 4 0 0 
4 1 4 2 0 61 2 0 15 0 0 4 1 0 2 0 0 
2 1 1 1 0 24 3 0 10 0 0 5 1 0 3 0 0 
2 1 1 2 0 10 1 0 8 0 0 3 0 0 3 0 0 
2 1 1 2 0 18 2 0 12 0 0 3 1 0 1 0 0 
1 2 0 0 0 19 2 0 6 0 0 5 1 0 2 0 0 
1 0 0 1 0 6 0 0 6 0 0 1 0 0 1 0 0 
2 1 1 2 0 18 3 0 12 0 0 3 1 0 1 0 0 
1 2 0 0 0 12 2 0 6 0 0 4 1 0 2 0 0 
1 0 0 1 0 3 0 0 3 0 0 1 0 0 1 0 0 
2 1 1 2 0 17 1 0 8 0 0 2 0 0 2 0 0 
1 2 0 1 0 14 2 0 6 0 0 4 1 0 1 0 0 
0 1 0 0 0 4 0 0 0 0 0 1 0 0 0 0 0 
1 0 0 1 0 4 0 0 4 0 0 1 0 0 1 0 0 
2 1 1 2 0 19 2 0 15 0 0 6 1 0 4 0 0 
2 1 1 3 0 20 3 0 14 0 0 3 1 0 1 0 0 
2 1 1 1 0 10 3 0 4 0 0 4 2 0 1 0 0 
2 1 1 1 0 1 0 0 1 0 0 1 0 0 1 0 0 
4 1 2 0 3 3 0 0 2 0 0 0 0 0 0 0 0 
1 1 0 0 0 11 0 0 1 0 0 0 0 0 0 0 0 
0 0 0 0 0 0 0 0 0 0 0 0 0 0 0 0 0 
0 0 0 0 0 0 0 0 0 0 0 0 0 0 0 0 0 
0 0 0 0 0 0 0 0 0 0 0 0 0 0 0 0 0 
0 0 0 0 0 0 0 0 0 0 0 0 0 0 0 0 0 
1 0 0 0 0 6 0 0 6 0 0 2 0 0 2 0 0 
1 3 0 0 0 36 0 0 9 0 0 0 0 0 0 0 0 
1 2 0 0 0 24 4 0 2 0 0 0 0 0 0 0 0 
0 0 0 0 0 2 0 0 0 0 0 0 0 0 0 0 0 
0 0 0 0 0 0 0 0 0 0 0 0 0 0 0 0 0 
1 0 0 2 0 4 2 0 4 2 0 0 0 0 0 0 0 
2 0 1 0 0 2 0 0 2 0 0 0 0 0 0 0 0 
0 0 0 0 0 0 0 0 0 0 0 0 0 0 0 0 0 
0 0 0 0 0 5 0 0 0 0 0 1 0 0 0 0 0 
0 0 0 0 0 0 0 0 0 0 0 0 0 0 0 0 0 
0 0 0 0 0 1 0 0 0 0 0 0 0 0 0 0 0 
0 0 0 0 0 0 0 0 0 0 0 0 0 0 0 0 0 
2 0 1 1 0 3 0 0 1 0 0 0 0 0 0 0 0 
2 0 1 1 0 1 1 0 1 1 0 0 0 0 0 0 0 
0 0 0 0 0 0 0 0 0 0 0 0 0 0 0 0 0 
1 0 0 1 0 1 1 0 1 1 0 0 0 0 0 0 0 
1 0 0 0 0 0 0 0 0 0 0 0 0 0 0 0 0 
0 0 0 0 0 0 0 0 0 0 0 0 0 0 0 0 0 
0 0 0 0 0 0 0 0 0 0 0 0 0 0 0 0 0 
0 0 0 0 0 0 0 0 0 0 0 0 0 0 0 0 0 
0 0 0 0 0 0 0 0 0 0 0 0 0 0 0 0 0 
0 0 0 0 0 0 0 0 0 0 0 0 0 0 0 0 0 
0 0 0 0 0 0 0 0 0 0 0 0 0 0 0 0 0 
0 0 0 0 0 0 0 0 0 0 0 0 0 0 0 0 0 
0 0 0 0 0 1 0 0 0 0 0 0 0 0 0 0 0 
0 0 0 0 0 0 0 0 0 0 0 0 0 0 0 0 0 
0 1 0 0 0 2 2 0 0 0 0 0 0 0 0 0 0 
0 0 0 0 0 0 0 0 0 0 0 0 0 0 0 0 0 
0 0 0 0 0 0 0 0 0 0 0 0 0 0 0 0 0 
1 0 0 0 0 0 0 0 0 0 0 0 0 0 0 0 0 
0 0 0 0 0 0 0 0 0 0 0 0 0 0 0 0 0 
0 0 0 0 0 2 0 0 0 0 0 0 0 0 0 0 0 
0 0 0 0 0 2 0 0 0 0 0 0 0 0 0 0 0 
0 0 0 0 0 4 0 0 0 0 0 1 0 0 0 0 0 
0 1 0 0 0 4 2 0 0 0 0 1 1 0 0 0 0 
0 0 0 0 0 4 0 0 0 0 0 0 0 0 0 0 0 
4 0 2 0 3 1 0 0 0 0 0 0 0 0 0 0 0 
0 0 0 0 0 1 0 0 0 0 0 0 0 0 0 0 0 
0 0 0 0 0 0 0 0 0 0 0 0 0 0 0 0 0 
0 0 0 0 0 0 0 0 0 0 0 0 0 0 0 0 0 
1 0 0 0 0 0 0 0 0 0 0 0 0 0 0 0 0 
0 0 0 0 0 0 0 0 0 0 0 0 0 0 0 0 0 
0 0 0 0 0 0 0 0 0 0 0 0 0 0 0 0 0 
0 0 0 0 0 0 0 0 0 0 0 0 0 0 0 0 0 
1 0 0 0 0 0 0 0 0 0 0 0 0 0 0 0 0 
0 0 0 0 0 0 0 0 0 0 0 0 0 0 0 0 0 
0 0 0 0 0 0 0 0 0 0 0 0 0 0 0 0 0 
0 1 0 0 0 1 1 0 0 0 0 0 0 0 0 0 0 
0 0 0 0 0 0 0 0 0 0 0 0 0 0 0 0 0 
0 0 0 0 0 0 0 0 0 0 0 0 0 0 0 0 0 
0 0 0 0 0 0 0 0 0 0 0 0 0 0 0 0 0 
0 0 0 0 0 0 0 0 0 0 0 0 0 0 0 0 0 
0 0 0 0 0 0 0 0 0 0 0 0 0 0 0 0 0 
0 0 0 0 0 0 0 0 0 0 0 0 0 0 0 0 0 
1 0 0 0 0 0 0 0 0 0 0 0 0 0 0 0 0 
0 0 0 0 0 0 0 0 0 0 0 0 0 0 0 0 0 
0 0 0 0 0 0 0 0 0 0 0 0 0 0 0 0 0 
4 1 4 4 0 19 0 0 11 0 0 7 0 0 4 0 0 
2 1 1 2 0 24 2 0 18 0 0 5 1 0 3 0 0 
2 1 1 2 0 34 3 0 18 0 0 5 1 0 3 0 0 
2 1 1 2 0 18 3 0 12 0 0 5 1 0 3 0 0 
2 1 1 2 0 18 2 0 12 0 0 5 1 0 3 0 0 
2 1 1 2 0 45 2 0 12 0 0 5 1 0 3 0 0 
2 1 1 2 0 22 2 0 10 0 0 5 1 0 3 0 0 
2 1 1 2 0 14 2 0 10 0 0 5 1 0 3 0 0 
2 1 1 2 0 14 2 0 10 0 0 5 1 0 3 0 0 
2 1 1 2 0 19 2 0 15 0 0 5 1 0 3 0 0 
2 1 1 2 0 18 3 0 12 0 0 4 1 0 2 0 0 
2 1 1 1 0 7 2 0 3 0 0 3 1 0 1 0 0 
2 1 1 1 0 1 0 0 1 0 0 1 0 0 1 0 0 
2 1 1 1 0 13 0 0 7 0 0 1 0 0 1 0 0 
1 1 0 1 0 7 2 0 3 0 0 0 0 0 0 0 0 
0 0 0 0 0 0 0 0 0 0 0 0 0 0 0 0 0 
0 0 0 0 0 0 0 0 0 0 0 0 0 0 0 0 0 
2 0 1 1 0 12 3 0 8 3 0 0 0 0 0 0 0 
0 0 0 0 0 3 0 0 0 0 0 0 0 0 0 0 0 
1 0 0 1 0 18 3 0 6 3 0 1 0 0 1 0 0 
0 1 0 0 0 2 2 0 0 0 0 0 0 0 0 0 0 
0 0 0 0 0 0 0 0 0 0 0 0 0 0 0 0 0 
0 1 0 0 0 2 1 0 0 0 0 0 0 0 0 0 0 
0 0 0 0 0 1 0 0 0 0 0 0 0 0 0 0 0 
0 0 0 0 0 0 0 0 0 0 0 0 0 0 0 0 0 
0 0 0 0 0 0 0 0 0 0 0 0 0 0 0 0 0 
4 1 4 4 0 15 0 0 9 0 0 7 0 0 4 0 0 
2 1 1 2 0 14 2 0 10 0 0 5 1 0 3 0 0 
2 1 1 2 0 14 2 0 10 0 0 5 1 0 3 0 0 
2 1 1 2 0 14 2 0 10 0 0 4 1 0 2 0 0 
2 1 1 1 0 7 2 0 3 0 0 3 1 0 1 0 0 
2 1 1 1 0 1 0 0 1 0 0 1 0 0 1 0 0 
2 1 1 1 0 1 0 0 1 0 0 0 0 0 0 0 0 
1 1 0 0 0 2 0 0 1 0 0 0 0 0 0 0 0 
0 0 0 0 0 0 0 0 0 0 0 0 0 0 0 0 0 
0 0 0 0 0 0 0 0 0 0 0 0 0 0 0 0 0 
0 0 0 0 0 0 0 0 0 0 0 0 0 0 0 0 0 
0 0 0 0 0 0 0 0 0 0 0 0 0 0 0 0 0 
0 0 0 0 0 0 0 0 0 0 0 0 0 0 0 0 0 
0 0 0 0 0 0 0 0 0 0 0 0 0 0 0 0 0 
0 0 0 0 0 0 0 0 0 0 0 0 0 0 0 0 0 
0 0 0 0 0 9 0 0 0 0 0 0 0 0 0 0 0 
1 2 0 0 0 7 0 0 3 0 0 1 0 0 1 0 0 
1 0 0 0 0 1 0 0 1 0 0 0 0 0 0 0 0 
0 1 0 0 0 1 1 0 0 0 0 0 0 0 0 0 0 
0 0 0 0 0 0 0 0 0 0 0 0 0 0 0 0 0 
0 2 0 0 0 11 4 0 0 0 0 0 0 0 0 0 0 
0 0 0 0 0 0 0 0 0 0 0 0 0 0 0 0 0 
0 0 0 0 0 0 0 0 0 0 0 0 0 0 0 0 0 
0 0 0 0 0 0 0 0 0 0 0 0 0 0 0 0 0 
2 1 1 2 0 14 2 0 10 0 0 5 1 0 3 0 0 
2 1 1 2 0 22 2 0 14 0 0 5 1 0 3 0 0 
2 2 1 2 0 66 3 0 10 0 0 5 1 0 3 0 0 
2 1 1 2 0 14 2 0 10 0 0 5 1 0 3 0 0 
2 1 1 2 0 14 2 0 10 0 0 4 1 0 2 0 0 
2 1 1 1 0 12 2 0 8 0 0 3 1 0 1 0 0 
2 1 1 1 0 4 1 0 2 0 0 1 0 0 1 0 0 
2 1 1 1 0 1 0 0 1 0 0 0 0 0 0 0 0 
1 1 0 0 0 9 0 0 3 0 0 0 0 0 0 0 0 
0 0 0 0 0 2 0 0 0 0 0 0 0 0 0 0 0 
0 0 0 0 0 0 0 0 0 0 0 0 0 0 0 0 0 
0 0 0 0 0 0 0 0 0 0 0 0 0 0 0 0 0 
3 0 0 2 3 3 2 0 3 2 0 0 0 0 0 0 0 
1 0 0 2 0 3 2 0 3 2 0 0 0 0 0 0 0 
4 0 4 0 0 0 0 0 0 0 0 0 0 0 0 0 0 
0 1 0 0 0 1 1 0 0 0 0 0 0 0 0 0 0 
0 0 0 0 0 0 0 0 0 0 0 0 0 0 0 0 0 
0 0 0 0 0 0 0 0 0 0 0 0 0 0 0 0 0 
0 0 0 0 0 0 0 0 0 0 0 0 0 0 0 0 0 
0 1 0 0 0 12 4 0 0 0 0 0 0 0 0 0 0 
2 1 1 1 0 8 1 0 6 0 0 4 1 0 2 0 0 
2 1 1 1 0 4 1 0 2 0 0 2 0 0 1 0 0 
2 1 1 0 0 2 0 0 2 0 0 2 0 0 2 0 0 
0 2 0 0 0 0 0 0 0 0 0 0 0 0 0 0 0 
0 1 0 0 0 4 4 0 0 0 0 0 0 0 0 0 0 
0 0 0 0 0 0 0 0 0 0 0 0 0 0 0 0 0 
0 0 0 0 0 0 0 0 0 0 0 0 0 0 0 0 0 
3 1 2 0 0 0 0 0 0 0 0 0 0 0 0 0 0 
0 1 0 0 0 4 1 0 0 0 0 0 0 0 0 0 0 
0 0 0 0 0 0 0 0 0 0 0 0 0 0 0 0 0 
0 0 0 0 0 0 0 0 0 0 0 0 0 0 0 0 0 
0 0 0 0 0 0 0 0 0 0 0 0 0 0 0 0 0 
0 0 0 0 0 0 0 0 0 0 0 0 0 0 0 0 0 
0 0 0 0 0 0 0 0 0 0 0 0 0 0 0 0 0 
0 0 0 0 0 0 0 0 0 0 0 0 0 0 0 0 0 
1 0 0 0 0 0 0 0 0 0 0 0 0 0 0 0 0 
0 0 0 0 0 0 0 0 0 0 0 0 0 0 0 0 0 
0 0 0 0 0 0 0 0 0 0 0 0 0 0 0 0 0 
1 0 0 1 0 2 0 0 2 0 0 0 0 0 0 0 0 
1 0 0 0 0 4 0 0 4 0 0 1 0 0 1 0 0 
1 2 0 1 0 14 2 0 6 0 0 5 1 0 2 0 0 
1 0 0 1 0 4 0 0 4 0 0 1 0 0 1 0 0 
2 1 1 2 0 14 2 0 10 0 0 5 1 0 3 0 0 
2 1 1 2 0 14 2 0 10 0 0 5 1 0 3 0 0 
2 1 1 2 0 14 2 0 10 0 0 4 1 0 2 0 0 
2 1 1 1 0 12 2 0 8 0 0 4 1 0 2 0 0 
2 1 1 1 0 4 1 0 2 0 0 1 0 0 1 0 0 
2 1 1 1 0 1 0 0 1 0 0 0 0 0 0 0 0 
1 2 0 0 0 4 0 0 2 0 0 0 0 0 0 0 0 
0 0 0 0 0 0 0 0 0 0 0 0 0 0 0 0 0 
0 0 0 0 0 0 0 0 0 0 0 0 0 0 0 0 0 
0 0 0 0 0 0 0 0 0 0 0 0 0 0 0 0 0 
0 1 0 0 0 0 0 0 0 0 0 0 0 0 0 0 0 
0 0 0 0 0 0 0 0 0 0 0 0 0 0 0 0 0 
0 0 0 0 0 0 0 0 0 0 0 0 0 0 0 0 0 
0 0 0 0 0 0 0 0 0 0 0 0 0 0 0 0 0 
