1 2 1 1 2 0 14 2 0 10 0 0 5 1 0 3 0 0 
2 2 1 1 2 0 14 2 0 10 0 0 5 1 0 3 0 0 
3 2 1 1 2 0 14 2 0 10 0 0 5 1 0 3 0 0 
4 2 1 1 2 0 14 2 0 10 0 0 5 1 0 3 0 0 
5 2 1 1 2 0 14 2 0 10 0 0 5 1 0 3 0 0 
6 2 1 1 2 0 14 2 0 10 0 0 4 1 0 2 0 0 
7 2 1 1 1 0 7 2 0 3 0 0 3 1 0 1 0 0 
8 2 1 1 1 0 1 0 0 1 0 0 1 0 0 1 0 0 
9 2 1 1 1 0 1 0 0 1 0 0 0 0 0 0 0 0 
10 1 1 0 0 0 2 0 0 1 0 0 0 0 0 0 0 0 
11 0 0 0 0 0 0 0 0 0 0 0 0 0 0 0 0 0 
12 0 0 0 0 0 0 0 0 0 0 0 0 0 0 0 0 0 
13 0 0 0 0 0 0 0 0 0 0 0 0 0 0 0 0 0 
14 0 0 0 0 0 0 0 0 0 0 0 0 0 0 0 0 0 
15 2 1 1 2 0 4 4 0 2 2 0 0 0 0 0 0 0 
16 1 0 0 1 0 0 0 0 0 0 0 0 0 0 0 0 0 
17 1 0 0 0 0 0 0 0 0 0 0 0 0 0 0 0 0 
18 0 0 0 0 0 0 0 0 0 0 0 0 0 0 0 0 0 
19 0 0 0 0 0 4 0 0 0 0 0 0 0 0 0 0 0 
20 0 0 0 0 0 4 0 0 0 0 0 0 0 0 0 0 0 
21 4 0 4 3 0 13 0 0 8 0 0 5 0 0 3 0 0 
22 1 2 0 0 0 12 2 0 6 0 0 5 1 0 2 0 0 
23 1 0 0 1 0 4 0 0 4 0 0 1 0 0 1 0 0 
24 2 1 1 2 0 14 2 0 10 0 0 4 1 0 2 0 0 
25 1 2 0 1 0 14 2 0 6 0 0 5 1 0 2 0 0 
26 1 0 0 1 0 6 0 0 6 0 0 0 0 0 0 0 0 
27 2 1 1 1 0 16 3 0 10 0 0 5 1 0 3 0 0 
28 2 1 1 2 0 10 1 0 8 0 0 3 0 0 3 0 0 
29 2 1 1 2 0 12 2 0 6 0 0 4 1 0 1 0 0 
30 1 2 0 1 0 12 1 0 2 0 0 5 1 0 1 0 0 
31 1 0 0 1 0 0 0 0 0 0 0 0 0 0 0 0 0 
32 2 1 1 2 0 6 6 0 6 6 0 0 0 0 0 0 0 
33 1 0 0 1 0 3 3 0 3 3 0 0 0 0 0 0 0 
34 1 0 0 0 0 0 0 0 0 0 0 0 0 0 0 0 0 
35 0 0 0 0 0 0 0 0 0 0 0 0 0 0 0 0 0 
36 3 0 0 0 3 0 0 0 0 0 0 0 0 0 0 0 0 
37 1 0 0 0 0 0 0 0 0 0 0 0 0 0 0 0 0 
38 0 0 0 0 0 0 0 0 0 0 0 0 0 0 0 0 0 
39 0 0 0 0 0 0 0 0 0 0 0 0 0 0 0 0 0 
40 0 1 0 0 0 12 0 0 0 0 0 0 0 0 0 0 0 
41 1 0 0 0 0 2 0 0 0 0 0 0 0 0 0 0 0 
42 0 0 0 0 0 0 0 0 0 0 0 0 0 0 0 0 0 
43 0 0 0 0 0 0 0 0 0 0 0 0 0 0 0 0 0 
44 0 0 0 0 0 0 0 0 0 0 0 0 0 0 0 0 0 
45 2 1 1 2 0 14 2 0 10 0 0 5 1 0 3 0 0 
46 2 1 1 2 0 14 2 0 10 0 0 5 1 0 3 0 0 
47 2 1 1 2 0 19 2 0 15 0 0 4 1 0 2 0 0 
48 2 1 1 1 0 16 3 0 10 0 0 5 1 0 3 0 0 
49 2 1 1 2 0 10 1 0 8 0 0 3 0 0 3 0 0 
50 2 1 1 2 0 12 2 0 6 0 0 2 1 0 0 0 0 
51 1 2 0 0 0 4 1 0 2 0 0 3 1 0 1 0 0 
52 1 0 0 1 0 4 0 0 4 0 0 1 0 0 1 0 0 
53 2 1 1 1 0 19 2 0 17 0 0 0 0 0 0 0 0 
54 0 1 0 0 0 5 5 0 0 0 0 1 1 0 0 0 0 
55 0 0 0 0 0 0 0 0 0 0 0 0 0 0 0 0 0 
56 1 0 0 0 0 26 0 0 8 0 0 0 0 0 0 0 0 
57 2 1 1 1 0 11 0 0 1 0 0 0 0 0 0 0 0 
58 1 0 0 0 0 3 0 0 3 0 0 0 0 0 0 0 0 
59 0 0 0 0 0 3 0 0 0 0 0 0 0 0 0 0 0 
60 0 0 0 0 0 0 0 0 0 0 0 0 0 0 0 0 0 
61 1 0 0 0 0 0 0 0 0 0 0 0 0 0 0 0 0 
62 0 0 0 0 0 0 0 0 0 0 0 0 0 0 0 0 0 
63 0 0 0 0 0 0 0 0 0 0 0 0 0 0 0 0 0 
64 0 0 0 0 0 0 0 0 0 0 0 0 0 0 0 0 0 
65 2 1 1 2 0 14 2 0 10 0 0 3 1 0 1 0 0 
66 1 2 0 0 0 12 2 0 6 0 0 5 1 0 2 0 0 
67 1 0 0 1 0 6 0 0 6 0 0 1 0 0 1 0 0 
68 2 1 1 2 0 18 3 0 12 0 0 4 1 0 2 0 0 
69 1 2 0 1 0 14 2 0 6 0 0 4 1 0 2 0 0 
70 1 0 0 1 0 3 0 0 3 0 0 1 0 0 1 0 0 
71 2 1 1 2 0 31 1 0 8 0 0 3 0 0 3 0 0 
72 2 1 1 2 0 14 2 0 10 0 0 4 1 0 2 0 0 
73 1 2 0 1 0 14 2 0 6 0 0 5 1 0 2 0 0 
74 1 0 0 1 0 4 0 0 4 0 0 1 0 0 1 0 0 
75 2 1 1 2 0 14 2 0 10 0 0 5 1 0 3 0 0 
76 2 1 1 2 0 14 2 0 10 0 0 5 1 0 3 0 0 
77 2 1 1 2 0 14 2 0 10 0 0 5 1 0 3 0 0 
78 2 1 1 2 0 14 2 0 10 0 0 5 1 0 3 0 0 
79 2 1 1 2 0 24 2 0 20 0 0 5 1 0 3 0 0 
80 2 1 1 2 0 15 4 0 7 0 0 3 1 0 1 0 0 
81 2 1 1 1 0 4 1 0 2 0 0 3 1 0 1 0 0 
82 2 1 1 1 0 6 0 0 6 0 0 2 0 0 2 0 0 
83 3 1 3 2 0 41 2 0 10 1 0 1 1 0 1 1 0 
84 0 1 0 0 0 4 4 0 0 0 0 1 1 0 0 0 0 
85 0 0 0 0 0 0 0 0 0 0 0 0 0 0 0 0 0 
86 1 0 0 0 0 3 0 0 3 0 0 0 0 0 0 0 0 
87 2 2 1 2 0 4 2 0 1 1 0 0 0 0 0 0 0 
88 0 0 0 0 0 0 0 0 0 0 0 0 0 0 0 0 0 
89 1 0 0 0 0 0 0 0 0 0 0 0 0 0 0 0 0 
90 0 0 0 0 0 0 0 0 0 0 0 0 0 0 0 0 0 
91 1 0 0 0 0 0 0 0 0 0 0 0 0 0 0 0 0 
92 0 0 0 0 0 0 0 0 0 0 0 0 0 0 0 0 0 
93 0 0 0 0 0 0 0 0 0 0 0 0 0 0 0 0 0 
94 0 0 0 0 0 3 0 0 0 0 0 0 0 0 0 0 0 
95 2 1 1 1 0 16 2 0 12 0 0 1 0 0 1 0 0 
96 0 1 0 0 0 8 3 0 0 0 0 1 1 0 0 0 0 
97 0 0 0 0 0 0 0 0 0 0 0 0 0 0 0 0 0 
98 2 1 1 2 0 10 1 0 8 0 0 3 0 0 3 0 0 
99 2 1 1 2 0 24 2 0 20 0 0 4 1 0 2 0 0 
100 1 2 0 1 0 22 4 0 10 0 0 4 1 0 2 0 0 
101 1 0 0 1 0 0 0 0 0 0 0 0 0 0 0 0 0 
102 2 1 1 1 0 1 0 0 1 0 0 1 0 0 1 0 0 
103 3 2 3 0 0 13 0 0 0 0 0 0 0 0 0 0 0 
104 0 2 0 0 0 5 2 0 0 0 0 0 0 0 0 0 0 
105 0 0 0 0 0 0 0 0 0 0 0 0 0 0 0 0 0 
106 0 0 0 0 0 0 0 0 0 0 0 0 0 0 0 0 0 
107 0 0 0 0 0 0 0 0 0 0 0 0 0 0 0 0 0 
108 0 0 0 0 0 0 0 0 0 0 0 0 0 0 0 0 0 
109 0 0 0 0 0 0 0 0 0 0 0 0 0 0 0 0 0 
110 0 0 0 0 0 0 0 0 0 0 0 0 0 0 0 0 0 
111 3 2 2 3 0 15 0 0 7 0 0 7 0 0 3 0 0 
112 1 0 0 1 0 4 0 0 4 0 0 1 0 0 1 0 0 
113 2 1 1 2 0 14 2 0 10 0 0 5 1 0 3 0 0 
114 2 1 1 2 0 14 2 0 10 0 0 5 1 0 3 0 0 
115 2 1 1 2 0 14 2 0 10 0 0 4 1 0 2 0 0 
116 2 1 1 1 0 7 2 0 3 0 0 3 1 0 1 0 0 
117 2 1 1 1 0 1 0 0 1 0 0 1 0 0 1 0 0 
118 2 1 1 1 0 1 0 0 1 0 0 0 0 0 0 0 0 
119 1 1 0 0 0 4 0 0 2 0 0 0 0 0 0 0 0 
120 0 0 0 0 0 0 0 0 0 0 0 0 0 0 0 0 0 
121 0 0 0 0 0 0 0 0 0 0 0 0 0 0 0 0 0 
122 0 0 0 0 0 0 0 0 0 0 0 0 0 0 0 0 0 
123 1 0 0 2 0 0 0 0 0 0 0 0 0 0 0 0 0 
124 3 0 2 0 0 0 0 0 0 0 0 0 0 0 0 0 0 
125 0 0 0 0 0 0 0 0 0 0 0 0 0 0 0 0 0 
126 0 0 0 0 0 0 0 0 0 0 0 0 0 0 0 0 0 
127 0 0 0 0 0 0 0 0 0 0 0 0 0 0 0 0 0 
128 0 0 0 0 0 0 0 0 0 0 0 0 0 0 0 0 0 
129 0 0 0 0 0 0 0 0 0 0 0 0 0 0 0 0 0 
130 2 1 1 2 0 10 1 0 8 0 0 2 0 0 2 0 0 
131 1 2 0 1 0 14 2 0 6 0 0 3 1 0 1 0 0 
132 0 1 0 0 0 2 0 0 0 0 0 1 0 0 0 0 0 
133 1 0 0 1 0 4 0 0 4 0 0 1 0 0 1 0 0 
134 2 1 1 2 0 14 2 0 10 0 0 3 1 0 1 0 0 
135 1 2 0 0 0 12 2 0 6 0 0 5 1 0 2 0 0 
136 1 0 0 1 0 6 0 0 6 0 0 1 0 0 1 0 0 
137 2 1 1 2 0 18 3 0 12 0 0 4 1 0 2 0 0 
138 1 2 0 1 0 14 2 0 6 0 0 5 1 0 2 0 0 
139 1 0 0 1 0 6 0 0 6 0 0 1 0 0 1 0 0 
140 2 1 1 2 0 14 2 0 10 0 0 5 1 0 3 0 0 
141 2 1 1 2 0 14 2 0 10 0 0 5 1 0 3 0 0 
142 2 1 1 2 0 14 2 0 10 0 0 5 1 0 3 0 0 
143 2 1 1 2 0 14 2 0 10 0 0 5 1 0 3 0 0 
144 2 1 1 2 0 14 2 0 10 0 0 5 1 0 3 0 0 
145 2 1 1 2 0 9 2 0 5 0 0 3 1 0 1 0 0 
146 2 1 1 1 0 4 1 0 2 0 0 3 1 0 1 0 0 
147 2 1 1 1 0 4 0 0 4 0 0 2 0 0 2 0 0 
148 2 1 1 1 0 11 1 0 10 0 0 0 0 0 0 0 0 
149 0 1 0 0 0 4 4 0 0 0 0 1 1 0 0 0 0 
150 0 0 0 0 0 0 0 0 0 0 0 0 0 0 0 0 0 
151 1 0 0 0 0 3 0 0 3 0 0 0 0 0 0 0 0 
152 2 2 1 1 0 3 0 0 1 0 0 0 0 0 0 0 0 
153 0 0 0 0 0 0 0 0 0 0 0 0 0 0 0 0 0 
154 1 0 0 0 0 0 0 0 0 0 0 0 0 0 0 0 0 
155 0 0 0 0 0 0 0 0 0 0 0 0 0 0 0 0 0 
156 0 0 0 0 0 0 0 0 0 0 0 0 0 0 0 0 0 
157 0 0 0 0 0 0 0 0 0 0 0 0 0 0 0 0 0 
158 0 0 0 0 0 0 0 0 0 0 0 0 0 0 0 0 0 
159 0 0 0 0 0 0 0 0 0 0 0 0 0 0 0 0 0 
160 0 0 0 0 0 0 0 0 0 0 0 0 0 0 0 0 0 
161 0 0 0 0 0 0 0 0 0 0 0 0 0 0 0 0 0 
162 4 1 4 3 0 12 0 0 8 0 0 6 0 0 4 0 0 
163 2 1 1 2 0 10 1 0 8 0 0 2 0 0 2 0 0 
164 2 1 1 1 0 12 2 0 8 0 0 3 1 0 1 0 0 
165 1 2 0 0 0 4 1 0 2 0 0 1 0 0 1 0 0 
166 1 0 0 1 0 2 0 0 2 0 0 1 0 0 1 0 0 
167 1 2 0 1 0 6 1 0 2 0 0 2 0 0 0 0 0 
168 0 0 0 0 0 1 0 0 0 0 0 1 0 0 0 0 0 
169 0 0 0 0 0 0 0 0 0 0 0 0 0 0 0 0 0 
170 1 0 0 1 0 0 0 0 0 0 0 0 0 0 0 0 0 
171 1 0 0 0 0 0 0 0 0 0 0 0 0 0 0 0 0 
172 0 0 0 0 0 0 0 0 0 0 0 0 0 0 0 0 0 
173 0 0 0 0 0 0 0 0 0 0 0 0 0 0 0 0 0 
