1 1 0.01
2 1 0.01
3 1 0.01
4 1 0.01
5 1 0.01
6 1 0.01
7 1 0.01
8 1 1.79
9 1 0.01
10 1 0.01
11 1 1.80
12 1 0.01
13 1 0.01
14 1 0.01
15 1 0.01
16 1 0.01
17 1 0.01
18 1 0.01
19 1 0.01
20 1 0.01
21 1 0.01
22 1 0.01
23 1 0.01
24 1 0.01
25 1 0.01
26 1 0.01
27 1 0.01
28 1 0.01
29 1 1.79
30 1 0.01
31 1 0.01
32 1 0.01
33 14 0.99
34 9 6.70
35 14 7.26
36 1 0.01
37 1 0.01
38 1 0.01
39 1 0.01
40 9 2.46
41 1 1.78
42 1 0.01
43 2 10.87
44 1 0.01
45 2 8.12
46 7 20.85
47 8 27.59
48 2 8.07
49 11 15.32
50 10 12.41
51 17 11.88
52 9 2.40
53 9 4.90
54 14 0.99
55 1 0.01
56 1 0.01
57 1 0.01
58 1 1.76
59 9 6.76
60 14 4.37
61 14 4.18
62 1 0.01
63 1 0.01
64 1 0.01
65 1 0.01
66 1 1.79
67 1 0.01
68 1 0.01
69 14 0.99
70 1 0.01
71 25 4.46
72 1 0.01
73 1 0.01
74 1 1.80
75 1 0.01
76 1 0.01
77 1 0.01
78 1 0.01
79 1 0.01
80 1 0.01
81 1 0.01
82 1 0.01
83 14 1.02
84 1 1.80
85 1 0.01
86 11 14.89
87 17 28.59
88 2 11.43
89 9 8.79
90 14 5.48
91 1 0.01
92 1 0.01
93 1 0.01
94 14 2.83
95 1 0.01
96 1 0.01
97 1 0.01
98 11 20.35
99 9 6.51
100 15 26.50
101 2 18.23
102 15 26.80
103 14 6.05
104 9 5.94
105 17 17.91
106 14 2.64
107 2 8.41
108 2 20.71
109 14 6.03
110 14 11.96
111 9 6.42
112 8 36.15
113 11 21.07
114 10 9.64
115 17 15.61
116 9 13.30
117 25 3.69
118 1 0.01
119 1 0.01
120 1 0.01
121 1 0.01
122 1 0.01
123 25 25.51
124 1 0.01
125 14 1.05
126 1 0.01
127 14 2.39
128 14 1.05
129 1 0.01
130 1 0.01
131 1 0.01
132 1 0.01
133 1 0.01
134 1 0.01
135 1 1.78
136 1 0.01
137 1 0.01
138 1 0.01
139 1 0.01
140 1 0.01
141 1 0.01
142 1 0.01
143 1 0.01
144 1 0.01
145 9 2.98
146 1 1.80
147 1 0.01
148 14 2.89
149 1 0.01
150 1 0.01
151 1 0.01
152 1 0.01
153 14 5.79
154 1 1.80
155 1 0.01
156 1 0.01
157 9 11.23
158 14 2.94
159 1 0.01
160 14 6.06
161 1 0.01
162 17 12.35
163 10 6.19
164 25 5.18
165 14 0.99
166 1 0.01
167 1 0.01
168 1 0.01
169 1 0.01
170 1 0.01
171 13 34.72
172 14 13.08
173 12 28.02
174 14 6.26
175 2 7.94
176 8 45.76
177 15 33.79
178 23 34.41
179 24 57.36
180 15 35.31
181 17 27.96
182 17 17.06
183 2 14.10
184 25 28.79
185 9 3.70
186 1 0.01
187 1 0.01
188 14 2.93
189 1 0.01
190 1 0.01
191 1 0.01
192 1 0.01
193 1 0.01
194 1 0.01
195 1 0.01
196 2 8.18
197 18 20.48
198 12 33.75
199 14 6.27
200 9 5.87
201 10 13.98
202 17 19.64
203 9 5.99
204 9 5.25
205 14 4.25
206 1 0.01
207 1 1.76
208 1 0.01
209 1 0.01
210 1 0.01
211 1 0.01
212 1 0.01
213 1 2.00
214 1 0.01
215 14 2.84
216 1 0.01
217 9 3.56
218 1 0.01
219 1 0.01
220 2 12.57
221 23 31.00
222 13 29.19
223 2 9.19
224 8 31.66
225 14 2.72
226 9 2.98
227 17 13.88
228 9 8.52
229 9 6.73
230 14 2.11
231 1 0.01
232 1 0.01
233 9 2.40
234 9 6.97
235 9 6.80
236 14 1.21
237 1 0.01
238 1 0.01
239 1 0.01
240 1 0.01
241 10 11.13
242 17 10.09
243 10 6.19
244 9 4.60
245 14 0.99
246 1 0.01
247 1 0.01
248 11 20.20
249 14 2.64
250 14 1.25
251 14 0.99
252 9 6.21
253 14 14.70
254 14 4.51
255 1 0.01
256 1 1.78
257 1 0.01
258 1 0.01
