pdb lig overlap PP-crit PP-dst crit4 crit5 crit6 crit6_continue lig_vol pock_vol nb_AS nb_AS_norm mean_as_ray mean_as_solv_acc apol_as_prop apol_as_prop_norm mean_loc_hyd_dens mean_loc_hyd_dens_norm hydrophobicity_score volume_score polarity_score polarity_score_norm charge_score flex prop_polar_atm as_density as_density_norm as_max_dst as_max_dst_norm drug_score pock_asa pock_pol_asa pock_apol_asa ALA ARG ASN ASP CYS GLN GLU GLY HIS ILE LEU LYS MET PHE PRO SER THR TRP TYR VAL
2x8d_unbound.pdb PEP   0.00  0  38.01 0.00 0.00  0 -1.25   295.13    1067.56   118 0.94   4.00   0.53  0.59 0.59   47.11 1.00      9.29    3.88    10  0.83    -3   0.11   36.67  6.52  0.94 15.96  1.00  0.48 469.83 180.00 289.83   0   0   0   2   0   1   2   2   1   0   0   0   3   0   2   1   1   2   0   0
2x8d_unbound.pdb PEP   0.00  0  31.70 0.00 0.00  0 -1.25   295.13     286.38    77 0.61   3.40   0.44  0.47 0.47   30.56 0.65     27.89    3.89    10  0.83     2   0.07   42.86  4.43  0.64 10.15  0.66  0.17 101.20 32.21 68.99   2   1   2   0   1   1   0   1   1   2   0   0   0   0   1   1   2   2   0   1
2x8d_unbound.pdb PEP   0.00  0  15.19 0.00 0.00  0 -1.25   295.13     516.99    78 0.62   3.77   0.44  0.38 0.38   24.47 0.52     22.75    4.15    12  1.00    -1   0.33   40.91  5.14  0.74 10.78  0.69  0.11 296.57 139.58 156.99   1   0   1   4   1   1   0   1   1   4   0   2   0   0   0   1   0   2   0   1
2x8d_unbound.pdb PEP   0.00  0  19.28 0.00 0.00  0 -1.25   295.13     615.86    76 0.60   3.94   0.50  0.39 0.39   26.47 0.56      7.79    4.29    10  0.83     2   0.45   36.59  5.16  0.74 12.18  0.78  0.05 320.38 134.82 185.56   1   1   2   1   0   1   1   1   1   1   0   2   0   0   0   0   0   1   0   1
2x8d_unbound.pdb PEP   0.00  0  32.53 0.00 0.00  0 -1.25   295.13     620.17    55 0.43   4.12   0.59  0.62 0.62   32.65 0.69     58.70    5.10     5  0.42     2   0.13   26.67  3.38  0.48  9.05  0.59  0.49 216.76 76.67 140.08   0   1   0   0   0   1   0   0   1   4   1   0   0   0   0   0   1   1   0   0
2x8d_unbound.pdb PEP   0.00  0  32.03 0.00 0.00  0 -1.25   295.13     584.57    51 0.40   3.98   0.57  0.75 0.75   36.95 0.78     38.67    3.56     2  0.17    -1   0.23   29.63  3.13  0.45  7.54  0.50  0.22 223.63 47.32 176.31   1   0   0   1   1   1   0   1   0   1   0   0   2   0   0   0   0   0   0   1
2x8d_unbound.pdb PEP   0.00  0  49.52 0.00 0.00  0 -1.25   295.13     641.78    40 0.31   4.55   0.61  0.32 0.32   11.69 0.25     23.00    4.78     7  0.58     1   0.26   42.31  3.29  0.47  9.43  0.61  0.02 272.81 120.65 152.16   1   0   0   1   0   0   1   0   2   1   0   1   0   0   0   0   0   1   1   0
2x8d_unbound.pdb PEP   0.00  0  47.01 0.00 0.00  0 -1.25   295.13     142.83    36 0.28   3.32   0.40  0.31 0.31   10.00 0.21     31.91    5.00     8  0.67     1   0.28   36.00  3.44  0.49  7.85  0.52  0.04 82.98 41.92 41.06   0   0   1   1   0   0   0   0   1   1   0   1   2   0   0   0   1   0   3   0
2x8d_unbound.pdb PEP   0.00  0  17.36 0.00 0.00  0 -1.25   295.13     165.73    39 0.30   3.29   0.41  0.18 0.18    6.00 0.13     34.12    5.50     6  0.50     2   0.28   44.00  2.95  0.42  6.94  0.47  0.03 119.29 60.11 59.17   0   0   0   0   1   0   1   0   1   1   0   2   0   0   0   0   0   2   0   0
2x8d_unbound.pdb PEP   0.00  0  31.89 0.00 0.00  0 -1.25   295.13     296.49    40 0.31   3.68   0.49  0.17 0.17    5.71 0.12     -4.40    3.30     6  0.50     3   0.26   46.15  3.50  0.50  8.62  0.57  0.01 232.05 145.10 86.95   1   0   2   0   1   1   0   0   3   0   0   0   0   0   2   0   0   0   0   0
2x8d_unbound.pdb PEP   0.00  0  43.02 0.00 0.00  0 -1.25   295.13     525.71    41 0.32   3.67   0.46  0.49 0.49   18.70 0.40     -2.00    3.78     5  0.42    -2   0.08   37.04  4.12  0.59  9.37  0.61  0.01 233.99 103.57 130.42   0   0   0   2   1   0   1   0   0   0   0   1   2   0   1   1   0   0   0   0
