362 0 0 0 0 0 1 0 0 0 0 0 0 0 0 0 0 0 
363 0 0 0 0 0 0 0 0 0 0 0 0 0 0 0 0 0 
364 1 0 0 0 0 1 0 0 0 0 0 0 0 0 0 0 0 
365 0 0 0 0 0 0 0 0 0 0 0 0 0 0 0 0 0 
366 0 0 0 0 0 0 0 0 0 0 0 0 0 0 0 0 0 
367 1 1 0 0 0 14 0 0 0 0 0 0 0 0 0 0 0 
368 1 0 0 0 0 2 0 0 0 0 0 0 0 0 0 0 0 
369 0 0 0 0 0 2 0 0 0 0 0 0 0 0 0 0 0 
370 0 1 0 0 0 2 1 0 0 0 0 0 0 0 0 0 0 
371 0 0 0 0 0 16 0 0 0 0 0 0 0 0 0 0 0 
372 1 2 0 0 0 11 2 0 2 0 0 0 0 0 0 0 0 
373 0 0 0 0 0 0 0 0 0 0 0 0 0 0 0 0 0 
374 0 0 0 0 0 0 0 0 0 0 0 0 0 0 0 0 0 
375 0 0 0 0 0 3 0 0 0 0 0 1 0 0 0 0 0 
376 0 0 0 0 0 0 0 0 0 0 0 0 0 0 0 0 0 
377 0 1 0 0 0 4 1 0 0 0 0 0 0 0 0 0 0 
378 0 0 0 0 0 0 0 0 0 0 0 0 0 0 0 0 0 
379 0 0 0 0 0 0 0 0 0 0 0 0 0 0 0 0 0 
380 0 0 0 0 0 0 0 0 0 0 0 0 0 0 0 0 0 
381 0 0 0 0 0 0 0 0 0 0 0 0 0 0 0 0 0 
382 0 1 0 0 0 1 1 0 0 0 0 0 0 0 0 0 0 
383 0 0 0 0 0 0 0 0 0 0 0 0 0 0 0 0 0 
384 0 0 0 0 0 0 0 0 0 0 0 0 0 0 0 0 0 
385 0 0 0 0 0 0 0 0 0 0 0 0 0 0 0 0 0 
386 0 0 0 0 0 0 0 0 0 0 0 0 0 0 0 0 0 
387 0 0 0 0 0 0 0 0 0 0 0 0 0 0 0 0 0 
388 0 0 0 0 0 0 0 0 0 0 0 0 0 0 0 0 0 
389 0 0 0 0 0 1 0 0 0 0 0 0 0 0 0 0 0 
390 0 0 0 0 0 0 0 0 0 0 0 0 0 0 0 0 0 
391 0 0 0 0 0 1 0 0 0 0 0 0 0 0 0 0 0 
392 0 0 0 0 0 0 0 0 0 0 0 0 0 0 0 0 0 
393 0 0 0 0 0 1 0 0 0 0 0 0 0 0 0 0 0 
394 0 0 0 0 0 0 0 0 0 0 0 0 0 0 0 0 0 
395 0 0 0 0 0 2 0 0 0 0 0 0 0 0 0 0 0 
396 0 0 0 0 0 2 0 0 0 0 0 0 0 0 0 0 0 
397 0 0 0 0 0 2 0 0 0 0 0 0 0 0 0 0 0 
398 1 0 0 0 0 2 0 0 2 0 0 0 0 0 0 0 0 
399 0 1 0 0 0 4 2 0 0 0 0 0 0 0 0 0 0 
400 0 0 0 0 0 4 0 0 0 0 0 0 0 0 0 0 0 
401 0 0 0 0 0 2 0 0 0 0 0 0 0 0 0 0 0 
402 1 0 0 0 0 6 0 0 6 0 0 0 0 0 0 0 0 
403 1 1 0 0 0 4 0 0 1 0 0 0 0 0 0 0 0 
404 2 0 1 0 0 1 0 0 0 0 0 0 0 0 0 0 0 
405 0 0 0 0 0 1 0 0 0 0 0 0 0 0 0 0 0 
406 0 0 0 0 0 0 0 0 0 0 0 0 0 0 0 0 0 
407 0 1 0 0 0 4 1 0 0 0 0 0 0 0 0 0 0 
408 2 2 1 1 0 4 0 0 1 0 0 0 0 0 0 0 0 
409 1 0 0 0 0 1 0 0 0 0 0 0 0 0 0 0 0 
410 0 0 0 0 0 0 0 0 0 0 0 0 0 0 0 0 0 
411 0 0 0 0 0 1 0 0 0 0 0 0 0 0 0 0 0 
412 0 0 0 0 0 0 0 0 0 0 0 0 0 0 0 0 0 
413 1 0 0 0 0 1 0 0 1 0 0 0 0 0 0 0 0 
414 0 1 0 0 0 1 1 0 0 0 0 0 0 0 0 0 0 
415 0 0 0 0 0 0 0 0 0 0 0 0 0 0 0 0 0 
416 3 0 0 1 3 2 0 0 2 0 0 0 0 0 0 0 0 
417 2 0 1 0 0 0 0 0 0 0 0 0 0 0 0 0 0 
418 0 0 0 0 0 0 0 0 0 0 0 0 0 0 0 0 0 
419 0 0 0 0 0 0 0 0 0 0 0 0 0 0 0 0 0 
420 0 0 0 0 0 0 0 0 0 0 0 0 0 0 0 0 0 
421 0 0 0 0 0 0 0 0 0 0 0 0 0 0 0 0 0 
422 0 0 0 0 0 0 0 0 0 0 0 0 0 0 0 0 0 
423 0 0 0 0 0 0 0 0 0 0 0 0 0 0 0 0 0 
424 0 0 0 0 0 0 0 0 0 0 0 0 0 0 0 0 0 
425 0 0 0 0 0 0 0 0 0 0 0 0 0 0 0 0 0 
426 0 0 0 0 0 0 0 0 0 0 0 0 0 0 0 0 0 
427 0 0 0 0 0 0 0 0 0 0 0 0 0 0 0 0 0 
428 0 0 0 0 0 0 0 0 0 0 0 0 0 0 0 0 0 
429 0 0 0 0 0 0 0 0 0 0 0 0 0 0 0 0 0 
430 0 0 0 0 0 0 0 0 0 0 0 0 0 0 0 0 0 
431 0 0 0 0 0 0 0 0 0 0 0 0 0 0 0 0 0 
432 0 0 0 0 0 0 0 0 0 0 0 0 0 0 0 0 0 
433 0 0 0 0 0 0 0 0 0 0 0 0 0 0 0 0 0 
434 0 0 0 0 0 0 0 0 0 0 0 0 0 0 0 0 0 
435 1 0 0 1 0 1 1 0 1 1 0 0 0 0 0 0 0 
436 1 0 0 0 0 0 0 0 0 0 0 0 0 0 0 0 0 
437 0 0 0 0 0 0 0 0 0 0 0 0 0 0 0 0 0 
438 0 0 0 0 0 0 0 0 0 0 0 0 0 0 0 0 0 
439 0 0 0 0 0 0 0 0 0 0 0 0 0 0 0 0 0 
440 0 0 0 0 0 1 0 0 0 0 0 0 0 0 0 0 0 
441 0 0 0 0 0 0 0 0 0 0 0 0 0 0 0 0 0 
442 0 0 0 0 0 2 0 0 0 0 0 0 0 0 0 0 0 
443 0 0 0 0 0 0 0 0 0 0 0 0 0 0 0 0 0 
444 0 0 0 0 0 1 0 0 0 0 0 0 0 0 0 0 0 
445 0 0 0 0 0 0 0 0 0 0 0 0 0 0 0 0 0 
446 0 1 0 0 0 1 1 0 0 0 0 0 0 0 0 0 0 
447 0 0 0 0 0 0 0 0 0 0 0 0 0 0 0 0 0 
448 3 1 2 0 0 1 1 0 0 0 0 0 0 0 0 0 0 
449 0 0 0 0 0 0 0 0 0 0 0 0 0 0 0 0 0 
450 0 0 0 0 0 0 0 0 0 0 0 0 0 0 0 0 0 
451 0 0 0 0 0 0 0 0 0 0 0 0 0 0 0 0 0 
452 0 0 0 0 0 0 0 0 0 0 0 0 0 0 0 0 0 
453 0 0 0 0 0 1 0 0 0 0 0 0 0 0 0 0 0 
454 0 0 0 0 0 0 0 0 0 0 0 0 0 0 0 0 0 
455 0 0 0 0 0 1 0 0 0 0 0 0 0 0 0 0 0 
456 0 0 0 0 0 0 0 0 0 0 0 0 0 0 0 0 0 
457 0 0 0 0 0 2 0 0 0 0 0 0 0 0 0 0 0 
458 1 0 0 1 0 0 0 0 0 0 0 0 0 0 0 0 0 
459 4 0 3 0 0 0 0 0 0 0 0 0 0 0 0 0 0 
460 0 0 0 0 0 0 0 0 0 0 0 0 0 0 0 0 0 
461 0 0 0 0 0 0 0 0 0 0 0 0 0 0 0 0 0 
462 0 0 0 0 0 0 0 0 0 0 0 0 0 0 0 0 0 
463 0 0 0 0 0 0 0 0 0 0 0 0 0 0 0 0 0 
464 0 0 0 0 0 0 0 0 0 0 0 0 0 0 0 0 0 
465 0 0 0 0 0 0 0 0 0 0 0 0 0 0 0 0 0 
466 0 0 0 0 0 0 0 0 0 0 0 0 0 0 0 0 0 
467 0 0 0 0 0 0 0 0 0 0 0 0 0 0 0 0 0 
468 0 0 0 0 0 0 0 0 0 0 0 0 0 0 0 0 0 
469 0 0 0 0 0 0 0 0 0 0 0 0 0 0 0 0 0 
470 0 0 0 0 0 0 0 0 0 0 0 0 0 0 0 0 0 
471 0 0 0 0 0 0 0 0 0 0 0 0 0 0 0 0 0 
472 0 0 0 0 0 0 0 0 0 0 0 0 0 0 0 0 0 
473 1 0 0 0 0 0 0 0 0 0 0 0 0 0 0 0 0 
474 0 0 0 0 0 0 0 0 0 0 0 0 0 0 0 0 0 
475 0 0 0 0 0 0 0 0 0 0 0 0 0 0 0 0 0 
476 0 0 0 0 0 0 0 0 0 0 0 0 0 0 0 0 0 
477 0 0 0 0 0 0 0 0 0 0 0 0 0 0 0 0 0 
478 0 0 0 0 0 0 0 0 0 0 0 0 0 0 0 0 0 
479 2 1 1 1 0 8 1 0 6 0 0 2 0 0 2 0 0 
480 1 2 0 1 0 10 1 0 4 0 0 1 0 0 1 0 0 
481 0 1 0 0 0 0 0 0 0 0 0 0 0 0 0 0 0 
482 0 1 0 0 0 6 0 0 0 0 0 2 0 0 0 0 0 
483 1 0 0 1 0 2 0 0 2 0 0 0 0 0 0 0 0 
484 1 2 0 1 0 4 3 0 2 1 0 2 2 0 1 1 0 
485 0 0 0 0 0 0 0 0 0 0 0 0 0 0 0 0 0 
486 3 1 2 0 0 1 0 0 0 0 0 1 0 0 0 0 0 
487 0 0 0 0 0 1 0 0 0 0 0 0 0 0 0 0 0 
488 0 0 0 0 0 0 0 0 0 0 0 0 0 0 0 0 0 
489 0 0 0 0 0 0 0 0 0 0 0 0 0 0 0 0 0 
490 1 0 0 0 0 0 0 0 0 0 0 0 0 0 0 0 0 
491 0 0 0 0 0 0 0 0 0 0 0 0 0 0 0 0 0 
492 0 2 0 0 0 2 1 0 0 0 0 1 0 0 0 0 0 
493 0 2 0 0 0 4 2 0 0 0 0 3 1 0 0 0 0 
494 0 2 0 0 0 4 2 0 0 0 0 2 1 0 0 0 0 
495 1 0 0 2 0 2 1 0 2 1 0 1 0 0 1 0 0 
496 3 0 0 2 3 3 0 0 3 0 0 2 0 0 2 0 0 
497 2 1 1 2 0 2 0 0 1 0 0 2 0 0 1 0 0 
498 1 0 0 1 0 2 2 0 2 2 0 1 1 0 1 1 0 
499 1 0 0 1 0 1 0 0 1 0 0 1 0 0 1 0 0 
500 1 0 0 1 0 0 0 0 0 0 0 0 0 0 0 0 0 
501 1 0 0 0 0 0 0 0 0 0 0 0 0 0 0 0 0 
502 0 0 0 0 0 0 0 0 0 0 0 0 0 0 0 0 0 
503 0 0 0 0 0 0 0 0 0 0 0 0 0 0 0 0 0 
504 0 0 0 0 0 0 0 0 0 0 0 0 0 0 0 0 0 
