1 1 0.01
2 1 0.01
3 14 18.10
4 18 24.70
5 2 8.78
6 14 19.42
7 23 15.26
8 17 12.65
9 25 2.62
10 6 6.22
11 25 6.14
12 1 1.83
13 1 0.01
14 1 0.01
15 1 0.01
16 22 51.32
17 20 23.93
18 9 19.13
19 16 22.12
20 10 21.59
21 18 20.74
22 20 19.07
23 10 28.15
24 11 27.63
25 11 21.80
26 5 45.12
27 10 29.11
28 14 22.63
29 21 13.58
30 11 17.96
31 14 12.51
32 17 15.09
33 17 12.35
34 25 1.52
35 6 2.79
36 1 1.83
37 1 0.01
38 1 0.01
39 17 11.85
40 25 7.34
41 17 13.75
42 6 2.84
43 1 1.84
44 1 0.01
45 17 18.00
46 10 34.13
47 18 25.21
48 10 30.42
49 14 16.36
50 17 21.15
51 17 13.22
52 2 11.54
53 6 10.66
54 2 18.66
55 1 1.85
56 1 0.01
57 23 24.80
58 25 6.26
59 20 27.66
60 5 29.69
61 2 17.39
62 18 39.42
63 7 5.37
64 2 12.45
65 17 20.71
66 25 8.10
67 2 12.16
68 25 6.84
69 25 1.24
70 7 2.89
71 1 1.83
72 1 0.01
73 1 0.01
74 1 0.01
75 1 0.01
76 1 0.01
77 1 0.01
78 1 0.01
79 7 8.21
80 1 0.01
81 1 1.86
82 1 0.01
83 1 0.01
84 1 0.01
85 1 0.01
86 14 60.30
87 14 21.21
88 25 2.25
89 17 14.33
90 6 8.93
91 25 3.56
92 1 0.01
93 1 0.01
94 1 0.01
95 2 9.16
96 23 14.65
97 23 18.23
98 23 12.83
99 21 21.26
100 25 8.47
101 7 5.91
102 21 33.49
103 1 0.01
104 1 0.01
105 1 0.01
106 23 15.77
107 2 13.24
108 2 26.70
109 7 9.74
110 6 2.64
111 7 4.61
112 1 0.01
113 1 1.86
114 1 0.01
115 1 0.01
116 22 98.50
117 2 7.78
118 10 19.82
119 10 13.28
120 23 19.55
121 11 28.03
122 17 23.55
123 2 11.65
124 2 14.26
125 7 6.10
126 1 0.01
127 1 0.01
128 1 1.84
129 1 0.01
130 25 5.90
131 1 0.01
132 1 0.01
133 1 1.83
134 1 0.01
135 1 0.01
136 1 0.01
137 1 0.01
138 8 36.52
139 20 17.94
140 2 8.16
141 5 26.26
142 11 20.52
143 20 23.99
144 18 22.27
145 18 24.86
146 14 18.20
147 5 27.41
148 2 8.13
149 18 25.87
150 9 26.57
151 9 24.23
152 2 9.37
153 17 11.33
154 17 10.40
155 25 2.67
156 6 7.23
157 25 4.47
158 1 0.01
159 1 0.01
160 1 0.01
161 2 16.75
162 1 1.85
163 1 0.01
164 2 17.74
165 1 0.01
166 11 30.20
167 14 15.03
168 21 26.64
169 17 13.10
170 7 2.89
171 7 7.55
172 7 4.64
173 1 0.01
174 2 9.07
175 11 18.24
176 14 19.56
177 18 18.01
178 2 8.53
179 5 25.38
180 10 37.03
181 13 37.55
182 2 9.12
183 11 23.12
184 16 57.89
185 10 18.58
186 23 17.25
187 10 28.22
188 14 32.55
189 2 16.63
190 17 11.07
191 7 6.97
192 1 1.84
193 1 1.84
194 1 0.01
195 1 0.01
196 1 0.01
197 1 0.01
198 1 0.01
199 1 0.01
200 1 0.01
201 7 2.97
202 25 1.52
203 17 10.31
204 6 10.17
205 6 3.00
206 1 1.83
207 1 0.01
208 1 0.01
209 1 0.01
210 1 0.01
211 1 0.01
