0 1 0 0 0 6 1 0 0 0 0 0 0 0 0 0 0 
0 0 0 0 0 2 0 0 0 0 0 0 0 0 0 0 0 
0 0 0 0 0 1 0 0 0 0 0 0 0 0 0 0 0 
0 0 0 0 0 0 0 0 0 0 0 0 0 0 0 0 0 
0 0 0 0 0 3 0 0 0 0 0 0 0 0 0 0 0 
2 1 1 1 0 8 0 0 8 0 0 1 0 0 1 0 0 
3 4 1 1 0 60 6 0 4 0 0 1 0 0 1 0 0 
0 0 0 0 0 1 0 0 0 0 0 0 0 0 0 0 0 
0 0 0 0 0 0 0 0 0 0 0 0 0 0 0 0 0 
1 0 0 1 0 4 0 0 4 0 0 1 0 0 1 0 0 
2 1 1 2 0 14 2 0 10 0 0 4 1 0 2 0 0 
2 1 1 2 0 14 2 0 10 0 0 4 1 0 2 0 0 
2 1 1 1 0 7 2 0 3 0 0 3 1 0 1 0 0 
2 1 1 0 0 6 0 0 6 0 0 2 0 0 2 0 0 
1 2 0 0 0 7 1 0 2 0 0 1 0 0 0 0 0 
0 1 0 0 0 6 2 0 0 0 0 1 1 0 0 0 0 
0 0 0 0 0 0 0 0 0 0 0 0 0 0 0 0 0 
1 0 0 1 0 1 1 0 1 1 0 0 0 0 0 0 0 
1 0 0 0 0 0 0 0 0 0 0 0 0 0 0 0 0 
0 0 0 0 0 0 0 0 0 0 0 0 0 0 0 0 0 
0 0 0 0 0 0 0 0 0 0 0 0 0 0 0 0 0 
0 0 0 0 0 0 0 0 0 0 0 0 0 0 0 0 0 
0 0 0 0 0 0 0 0 0 0 0 0 0 0 0 0 0 
1 0 0 0 0 0 0 0 0 0 0 0 0 0 0 0 0 
0 0 0 0 0 0 0 0 0 0 0 0 0 0 0 0 0 
0 0 0 0 0 0 0 0 0 0 0 0 0 0 0 0 0 
0 2 0 0 0 0 0 0 0 0 0 0 0 0 0 0 0 
0 2 0 0 0 2 1 0 0 0 0 0 0 0 0 0 0 
0 1 0 0 0 2 2 0 0 0 0 0 0 0 0 0 0 
0 0 0 0 0 0 0 0 0 0 0 0 0 0 0 0 0 
0 0 0 0 0 6 0 0 0 0 0 0 0 0 0 0 0 
0 1 0 0 0 2 0 0 0 0 0 0 0 0 0 0 0 
0 0 0 0 0 2 0 0 0 0 0 0 0 0 0 0 0 
0 0 0 0 0 2 0 0 0 0 0 0 0 0 0 0 0 
0 0 0 0 0 2 0 0 0 0 0 0 0 0 0 0 0 
0 0 0 0 0 2 0 0 0 0 0 0 0 0 0 0 0 
0 0 0 0 0 2 0 0 0 0 0 0 0 0 0 0 0 
0 1 0 0 0 1 1 0 0 0 0 0 0 0 0 0 0 
0 0 0 0 0 0 0 0 0 0 0 0 0 0 0 0 0 
0 0 0 0 0 1 0 0 0 0 0 0 0 0 0 0 0 
0 0 0 0 0 0 0 0 0 0 0 0 0 0 0 0 0 
0 0 0 0 0 1 0 0 0 0 0 0 0 0 0 0 0 
0 0 0 0 0 0 0 0 0 0 0 0 0 0 0 0 0 
0 0 0 0 0 1 0 0 0 0 0 0 0 0 0 0 0 
0 0 0 0 0 0 0 0 0 0 0 0 0 0 0 0 0 
0 0 0 0 0 3 0 0 0 0 0 0 0 0 0 0 0 
2 1 1 2 0 2 2 0 1 1 0 0 0 0 0 0 0 
2 0 1 0 0 1 0 0 1 0 0 0 0 0 0 0 0 
0 0 0 0 0 0 0 0 0 0 0 0 0 0 0 0 0 
0 0 0 0 0 1 0 0 0 0 0 0 0 0 0 0 0 
0 0 0 0 0 0 0 0 0 0 0 0 0 0 0 0 0 
0 0 0 0 0 1 0 0 0 0 0 0 0 0 0 0 0 
0 0 0 0 0 0 0 0 0 0 0 0 0 0 0 0 0 
0 0 0 0 0 1 0 0 0 0 0 0 0 0 0 0 0 
0 0 0 0 0 0 0 0 0 0 0 0 0 0 0 0 0 
0 0 0 0 0 1 0 0 0 0 0 0 0 0 0 0 0 
0 0 0 0 0 0 0 0 0 0 0 0 0 0 0 0 0 
0 0 0 0 0 0 0 0 0 0 0 0 0 0 0 0 0 
0 0 0 0 0 0 0 0 0 0 0 0 0 0 0 0 0 
0 0 0 0 0 0 0 0 0 0 0 0 0 0 0 0 0 
0 0 0 0 0 2 0 0 0 0 0 0 0 0 0 0 0 
0 0 0 0 0 0 0 0 0 0 0 0 0 0 0 0 0 
0 0 0 0 0 0 0 0 0 0 0 0 0 0 0 0 0 
0 0 0 0 0 0 0 0 0 0 0 0 0 0 0 0 0 
0 0 0 0 0 0 0 0 0 0 0 0 0 0 0 0 0 
0 0 0 0 0 0 0 0 0 0 0 0 0 0 0 0 0 
0 0 0 0 0 0 0 0 0 0 0 0 0 0 0 0 0 
0 0 0 0 0 0 0 0 0 0 0 0 0 0 0 0 0 
0 0 0 0 0 1 0 0 0 0 0 0 0 0 0 0 0 
0 0 0 0 0 0 0 0 0 0 0 0 0 0 0 0 0 
1 0 0 1 0 4 0 0 4 0 0 1 0 0 1 0 0 
2 1 1 2 0 14 2 0 10 0 0 4 1 0 2 0 0 
2 1 1 1 0 12 2 0 8 0 0 5 1 0 3 0 0 
2 1 1 2 0 10 1 0 8 0 0 3 0 0 3 0 0 
2 1 1 2 0 9 2 0 5 0 0 2 1 0 0 0 0 
1 2 0 0 0 4 1 0 2 0 0 3 1 0 1 0 0 
1 0 0 1 0 0 0 0 0 0 0 0 0 0 0 0 0 
2 1 1 0 0 2 0 0 2 0 0 0 0 0 0 0 0 
0 1 0 0 0 1 1 0 0 0 0 0 0 0 0 0 0 
0 0 0 0 0 0 0 0 0 0 0 0 0 0 0 0 0 
0 0 0 0 0 0 0 0 0 0 0 0 0 0 0 0 0 
0 0 0 0 0 0 0 0 0 0 0 0 0 0 0 0 0 
0 1 0 0 0 1 1 0 0 0 0 0 0 0 0 0 0 
0 0 0 0 0 0 0 0 0 0 0 0 0 0 0 0 0 
0 0 0 0 0 0 0 0 0 0 0 0 0 0 0 0 0 
0 0 0 0 0 0 0 0 0 0 0 0 0 0 0 0 0 
0 0 0 0 0 2 0 0 0 0 0 0 0 0 0 0 0 
0 0 0 0 0 0 0 0 0 0 0 0 0 0 0 0 0 
0 1 0 0 0 1 1 0 0 0 0 0 0 0 0 0 0 
0 0 0 0 0 0 0 0 0 0 0 0 0 0 0 0 0 
0 1 0 0 0 4 1 0 0 0 0 0 0 0 0 0 0 
0 0 0 0 0 0 0 0 0 0 0 0 0 0 0 0 0 
0 1 0 0 0 1 1 0 0 0 0 0 0 0 0 0 0 
0 0 0 0 0 0 0 0 0 0 0 0 0 0 0 0 0 
0 0 0 0 0 1 0 0 0 0 0 0 0 0 0 0 0 
0 0 0 0 0 0 0 0 0 0 0 0 0 0 0 0 0 
0 0 0 0 0 1 0 0 0 0 0 0 0 0 0 0 0 
0 0 0 0 0 0 0 0 0 0 0 0 0 0 0 0 0 
0 0 0 0 0 1 0 0 0 0 0 0 0 0 0 0 0 
0 0 0 0 0 0 0 0 0 0 0 0 0 0 0 0 0 
1 0 0 1 0 1 1 0 1 1 0 0 0 0 0 0 0 
1 0 0 0 0 0 0 0 0 0 0 0 0 0 0 0 0 
0 0 0 0 0 0 0 0 0 0 0 0 0 0 0 0 0 
0 0 0 0 0 0 0 0 0 0 0 0 0 0 0 0 0 
0 0 0 0 0 0 0 0 0 0 0 0 0 0 0 0 0 
0 0 0 0 0 0 0 0 0 0 0 0 0 0 0 0 0 
0 0 0 0 0 0 0 0 0 0 0 0 0 0 0 0 0 
0 0 0 0 0 0 0 0 0 0 0 0 0 0 0 0 0 
0 0 0 0 0 0 0 0 0 0 0 0 0 0 0 0 0 
0 0 0 0 0 0 0 0 0 0 0 0 0 0 0 0 0 
0 0 0 0 0 0 0 0 0 0 0 0 0 0 0 0 0 
1 0 0 2 0 0 0 0 0 0 0 0 0 0 0 0 0 
2 0 1 0 0 0 0 0 0 0 0 0 0 0 0 0 0 
0 0 0 0 0 0 0 0 0 0 0 0 0 0 0 0 0 
0 0 0 0 0 0 0 0 0 0 0 0 0 0 0 0 0 
0 0 0 0 0 0 0 0 0 0 0 0 0 0 0 0 0 
0 0 0 0 0 0 0 0 0 0 0 0 0 0 0 0 0 
0 0 0 0 0 0 0 0 0 0 0 0 0 0 0 0 0 
0 0 0 0 0 0 0 0 0 0 0 0 0 0 0 0 0 
0 0 0 0 0 0 0 0 0 0 0 0 0 0 0 0 0 
0 0 0 0 0 0 0 0 0 0 0 0 0 0 0 0 0 
0 0 0 0 0 8 0 0 0 0 0 0 0 0 0 0 0 
0 0 0 0 0 0 0 0 0 0 0 0 0 0 0 0 0 
0 1 0 0 0 4 2 0 0 0 0 0 0 0 0 0 0 
1 0 0 0 0 1 0 0 1 0 0 0 0 0 0 0 0 
0 1 0 0 0 2 1 0 0 0 0 0 0 0 0 0 0 
0 1 0 0 0 4 2 0 0 0 0 0 0 0 0 0 0 
0 0 0 0 0 2 0 0 0 0 0 0 0 0 0 0 0 
0 0 0 0 0 2 0 0 0 0 0 0 0 0 0 0 0 
0 0 0 0 0 3 0 0 0 0 0 0 0 0 0 0 0 
2 1 1 2 0 26 2 0 16 0 0 4 1 0 2 0 0 
2 3 0 2 0 54 3 0 9 0 0 4 1 0 2 0 0 
1 0 0 1 0 6 0 0 6 0 0 1 0 0 1 0 0 
2 1 1 2 0 24 3 0 18 0 0 3 0 0 3 0 0 
2 1 1 2 0 23 3 0 14 0 0 3 1 0 1 0 0 
1 2 0 0 0 19 2 0 3 0 0 3 1 0 1 0 0 
1 2 0 1 0 22 2 0 3 0 0 1 0 0 0 0 0 
3 1 3 1 0 20 1 0 10 0 0 1 0 0 1 0 0 
1 1 0 1 0 11 2 0 6 0 0 1 0 0 1 0 0 
0 0 0 0 0 0 0 0 0 0 0 0 0 0 0 0 0 
0 0 0 0 0 3 0 0 0 0 0 0 0 0 0 0 0 
1 0 0 2 0 8 0 0 0 0 0 0 0 0 0 0 0 
2 0 1 0 0 0 0 0 0 0 0 0 0 0 0 0 0 
0 0 0 0 0 0 0 0 0 0 0 0 0 0 0 0 0 
0 0 0 0 0 0 0 0 0 0 0 0 0 0 0 0 0 
0 0 0 0 0 0 0 0 0 0 0 0 0 0 0 0 0 
0 0 0 0 0 2 0 0 0 0 0 0 0 0 0 0 0 
0 0 0 0 0 0 0 0 0 0 0 0 0 0 0 0 0 
0 0 0 0 0 0 0 0 0 0 0 0 0 0 0 0 0 
1 3 0 1 0 11 7 0 2 0 0 4 2 0 2 0 0 
1 0 0 2 0 4 0 0 4 0 0 1 0 0 1 0 0 
3 0 0 1 3 2 0 0 2 0 0 1 0 0 1 0 0 
2 0 1 1 0 4 0 0 1 0 0 0 0 0 0 0 0 
0 0 0 0 0 0 0 0 0 0 0 0 0 0 0 0 0 
1 0 0 0 0 1 0 0 1 0 0 0 0 0 0 0 0 
0 0 0 0 0 3 0 0 0 0 0 0 0 0 0 0 0 
0 0 0 0 0 0 0 0 0 0 0 0 0 0 0 0 0 
0 0 0 0 0 2 0 0 0 0 0 0 0 0 0 0 0 
0 0 0 0 0 2 0 0 0 0 0 0 0 0 0 0 0 
0 0 0 0 0 3 0 0 0 0 0 0 0 0 0 0 0 
1 0 0 0 0 21 0 0 6 0 0 0 0 0 0 0 0 
1 0 0 1 0 7 1 0 1 1 0 0 0 0 0 0 0 
0 1 0 0 0 2 1 0 0 0 0 0 0 0 0 0 0 
0 0 0 0 0 2 0 0 0 0 0 0 0 0 0 0 0 
0 0 0 0 0 2 0 0 0 0 0 0 0 0 0 0 0 
0 0 0 0 0 0 0 0 0 0 0 0 0 0 0 0 0 
0 1 0 0 0 3 1 0 0 0 0 0 0 0 0 0 0 
0 1 0 0 0 19 2 0 0 0 0 0 0 0 0 0 0 
0 0 0 0 0 1 0 0 0 0 0 0 0 0 0 0 0 
0 0 0 0 0 0 0 0 0 0 0 0 0 0 0 0 0 
0 0 0 0 0 3 0 0 0 0 0 0 0 0 0 0 0 
2 1 1 2 0 2 2 0 1 1 0 0 0 0 0 0 0 
2 0 1 0 0 2 0 0 2 0 0 0 0 0 0 0 0 
0 0 0 0 0 0 0 0 0 0 0 0 0 0 0 0 0 
0 0 0 0 0 7 0 0 0 0 0 0 0 0 0 0 0 
0 0 0 0 0 0 0 0 0 0 0 0 0 0 0 0 0 
0 0 0 0 0 1 0 0 0 0 0 0 0 0 0 0 0 
0 0 0 0 0 0 0 0 0 0 0 0 0 0 0 0 0 
0 0 0 0 0 1 0 0 0 0 0 0 0 0 0 0 0 
0 0 0 0 0 0 0 0 0 0 0 0 0 0 0 0 0 
0 0 0 0 0 1 0 0 0 0 0 0 0 0 0 0 0 
0 0 0 0 0 0 0 0 0 0 0 0 0 0 0 0 0 
0 0 0 0 0 0 0 0 0 0 0 0 0 0 0 0 0 
1 0 0 0 0 0 0 0 0 0 0 0 0 0 0 0 0 
0 0 0 0 0 0 0 0 0 0 0 0 0 0 0 0 0 
0 0 0 0 0 0 0 0 0 0 0 0 0 0 0 0 0 
0 0 0 0 0 0 0 0 0 0 0 0 0 0 0 0 0 
0 0 0 0 0 0 0 0 0 0 0 0 0 0 0 0 0 
1 0 0 0 0 0 0 0 0 0 0 0 0 0 0 0 0 
0 0 0 0 0 0 0 0 0 0 0 0 0 0 0 0 0 
0 0 0 0 0 0 0 0 0 0 0 0 0 0 0 0 0 
0 0 0 0 0 0 0 0 0 0 0 0 0 0 0 0 0 
0 0 0 0 0 0 0 0 0 0 0 0 0 0 0 0 0 
0 0 0 0 0 2 0 0 0 0 0 0 0 0 0 0 0 
0 0 0 0 0 0 0 0 0 0 0 0 0 0 0 0 0 
2 1 1 2 0 14 2 0 10 0 0 5 1 0 3 0 0 
2 1 1 2 0 14 2 0 10 0 0 5 1 0 3 0 0 
2 1 1 2 0 14 2 0 10 0 0 5 1 0 3 0 0 
2 1 1 2 0 9 2 0 5 0 0 3 1 0 1 0 0 
2 1 1 1 0 8 1 0 6 0 0 4 1 0 2 0 0 
2 1 1 1 0 4 1 0 2 0 0 2 0 0 1 0 0 
2 1 1 0 0 2 0 0 2 0 0 2 0 0 2 0 0 
0 2 0 0 0 0 0 0 0 0 0 0 0 0 0 0 0 
0 1 0 0 0 1 1 0 0 0 0 0 0 0 0 0 0 
0 0 0 0 0 0 0 0 0 0 0 0 0 0 0 0 0 
0 0 0 0 0 0 0 0 0 0 0 0 0 0 0 0 0 
0 0 0 0 0 0 0 0 0 0 0 0 0 0 0 0 0 
1 0 0 0 0 0 0 0 0 0 0 0 0 0 0 0 0 
0 0 0 0 0 0 0 0 0 0 0 0 0 0 0 0 0 
0 0 0 0 0 0 0 0 0 0 0 0 0 0 0 0 0 
0 0 0 0 0 0 0 0 0 0 0 0 0 0 0 0 0 
0 0 0 0 0 0 0 0 0 0 0 0 0 0 0 0 0 
0 0 0 0 0 0 0 0 0 0 0 0 0 0 0 0 0 
0 0 0 0 0 0 0 0 0 0 0 0 0 0 0 0 0 
0 0 0 0 0 1 0 0 0 0 0 0 0 0 0 0 0 
0 0 0 0 0 0 0 0 0 0 0 0 0 0 0 0 0 
0 0 0 0 0 2 0 0 0 0 0 0 0 0 0 0 0 
0 0 0 0 0 0 0 0 0 0 0 0 0 0 0 0 0 
0 1 0 0 0 2 2 0 0 0 0 0 0 0 0 0 0 
0 0 0 0 0 0 0 0 0 0 0 0 0 0 0 0 0 
0 0 0 0 0 2 0 0 0 0 0 0 0 0 0 0 0 
1 0 0 0 0 1 0 0 1 0 0 0 0 0 0 0 0 
0 1 0 0 0 2 1 0 0 0 0 0 0 0 0 0 0 
0 1 0 0 0 2 1 0 0 0 0 0 0 0 0 0 0 
0 0 0 0 0 1 0 0 0 0 0 0 0 0 0 0 0 
0 0 0 0 0 0 0 0 0 0 0 0 0 0 0 0 0 
1 0 0 1 0 1 1 0 1 1 0 0 0 0 0 0 0 
1 0 0 0 0 0 0 0 0 0 0 0 0 0 0 0 0 
0 0 0 0 0 0 0 0 0 0 0 0 0 0 0 0 0 
0 0 0 0 0 0 0 0 0 0 0 0 0 0 0 0 0 
0 0 0 0 0 0 0 0 0 0 0 0 0 0 0 0 0 
0 0 0 0 0 0 0 0 0 0 0 0 0 0 0 0 0 
0 0 0 0 0 0 0 0 0 0 0 0 0 0 0 0 0 
0 0 0 0 0 0 0 0 0 0 0 0 0 0 0 0 0 
0 0 0 0 0 0 0 0 0 0 0 0 0 0 0 0 0 
0 0 0 0 0 0 0 0 0 0 0 0 0 0 0 0 0 
1 0 0 0 0 0 0 0 0 0 0 0 0 0 0 0 0 
0 0 0 0 0 0 0 0 0 0 0 0 0 0 0 0 0 
0 0 0 0 0 0 0 0 0 0 0 0 0 0 0 0 0 
0 0 0 0 0 0 0 0 0 0 0 0 0 0 0 0 0 
0 0 0 0 0 0 0 0 0 0 0 0 0 0 0 0 0 
1 0 0 2 0 3 0 0 3 0 0 2 0 0 2 0 0 
4 1 4 2 0 0 0 0 0 0 0 0 0 0 0 0 0 
2 1 1 0 0 2 0 0 2 0 0 0 0 0 0 0 0 
0 1 0 0 0 1 1 0 0 0 0 0 0 0 0 0 0 
0 0 0 0 0 0 0 0 0 0 0 0 0 0 0 0 0 
0 0 0 0 0 0 0 0 0 0 0 0 0 0 0 0 0 
0 0 0 0 0 0 0 0 0 0 0 0 0 0 0 0 0 
0 0 0 0 0 0 0 0 0 0 0 0 0 0 0 0 0 
0 0 0 0 0 0 0 0 0 0 0 0 0 0 0 0 0 
0 0 0 0 0 0 0 0 0 0 0 0 0 0 0 0 0 
0 0 0 0 0 0 0 0 0 0 0 0 0 0 0 0 0 
0 0 0 0 0 0 0 0 0 0 0 0 0 0 0 0 0 
1 0 0 0 0 2 0 0 0 0 0 0 0 0 0 0 0 
1 0 0 0 0 2 0 0 2 0 0 0 0 0 0 0 0 
0 0 0 0 0 2 0 0 0 0 0 0 0 0 0 0 0 
0 0 0 0 0 3 0 0 0 0 0 0 0 0 0 0 0 
1 0 0 0 0 5 0 0 1 0 0 0 0 0 0 0 0 
1 0 0 1 0 8 0 0 8 0 0 1 0 0 1 0 0 
2 2 1 2 0 57 3 0 15 0 0 5 2 0 2 0 0 
1 2 0 1 0 18 3 0 8 0 0 5 1 0 2 0 0 
1 0 0 1 0 4 0 0 4 0 0 0 0 0 0 0 0 
2 1 1 1 0 15 2 0 9 0 0 5 1 0 3 0 0 
2 1 1 2 0 17 1 0 8 0 0 3 0 0 3 0 0 
2 1 1 2 0 9 2 0 5 0 0 2 1 0 0 0 0 
1 2 0 0 0 8 1 0 4 0 0 4 1 0 2 0 0 
1 0 0 1 0 4 0 0 4 0 0 0 0 0 0 0 0 
2 1 1 0 0 6 2 0 4 0 0 2 0 0 2 0 0 
0 2 0 0 0 0 0 0 0 0 0 0 0 0 0 0 0 
0 2 0 0 0 0 0 0 0 0 0 0 0 0 0 0 0 
1 1 0 1 0 11 4 0 6 3 0 0 0 0 0 0 0 
0 0 0 0 0 0 0 0 0 0 0 0 0 0 0 0 0 
0 0 0 0 0 0 0 0 0 0 0 0 0 0 0 0 0 
1 0 0 1 0 9 3 0 9 3 0 0 0 0 0 0 0 
3 0 2 0 0 0 0 0 0 0 0 0 0 0 0 0 0 
0 0 0 0 0 0 0 0 0 0 0 0 0 0 0 0 0 
0 0 0 0 0 0 0 0 0 0 0 0 0 0 0 0 0 
0 0 0 0 0 0 0 0 0 0 0 0 0 0 0 0 0 
1 0 0 0 0 8 0 0 4 0 0 1 0 0 1 0 0 
0 0 0 0 0 0 0 0 0 0 0 0 0 0 0 0 0 
0 0 0 0 0 2 0 0 0 0 0 0 0 0 0 0 0 
0 1 0 0 0 2 1 0 0 0 0 0 0 0 0 0 0 
0 0 0 0 0 3 0 0 0 0 0 0 0 0 0 0 0 
0 1 0 0 0 7 1 0 0 0 0 0 0 0 0 0 0 
0 0 0 0 0 3 0 0 0 0 0 0 0 0 0 0 0 
3 0 0 0 3 2 0 0 2 0 0 0 0 0 0 0 0 
1 0 0 0 0 2 0 0 2 0 0 0 0 0 0 0 0 
0 1 0 0 0 8 3 0 0 0 0 0 0 0 0 0 0 
0 0 0 0 0 0 0 0 0 0 0 0 0 0 0 0 0 
0 0 0 0 0 1 0 0 0 0 0 0 0 0 0 0 0 
0 0 0 0 0 0 0 0 0 0 0 0 0 0 0 0 0 
0 0 0 0 0 1 0 0 0 0 0 0 0 0 0 0 0 
0 0 0 0 0 0 0 0 0 0 0 0 0 0 0 0 0 
0 0 0 0 0 1 0 0 0 0 0 0 0 0 0 0 0 
0 0 0 0 0 0 0 0 0 0 0 0 0 0 0 0 0 
4 0 2 0 3 0 0 0 0 0 0 0 0 0 0 0 0 
1 0 0 0 0 0 0 0 0 0 0 0 0 0 0 0 0 
0 0 0 0 0 0 0 0 0 0 0 0 0 0 0 0 0 
0 0 0 0 0 0 0 0 0 0 0 0 0 0 0 0 0 
0 0 0 0 0 0 0 0 0 0 0 0 0 0 0 0 0 
0 0 0 0 0 0 0 0 0 0 0 0 0 0 0 0 0 
0 0 0 0 0 0 0 0 0 0 0 0 0 0 0 0 0 
0 0 0 0 0 0 0 0 0 0 0 0 0 0 0 0 0 
0 0 0 0 0 0 0 0 0 0 0 0 0 0 0 0 0 
0 0 0 0 0 0 0 0 0 0 0 0 0 0 0 0 0 
0 0 0 0 0 0 0 0 0 0 0 0 0 0 0 0 0 
0 0 0 0 0 0 0 0 0 0 0 0 0 0 0 0 0 
0 0 0 0 0 0 0 0 0 0 0 0 0 0 0 0 0 
0 0 0 0 0 0 0 0 0 0 0 0 0 0 0 0 0 
2 0 1 0 0 0 0 0 0 0 0 0 0 0 0 0 0 
0 0 0 0 0 0 0 0 0 0 0 0 0 0 0 0 0 
0 0 0 0 0 0 0 0 0 0 0 0 0 0 0 0 0 
0 0 0 0 0 0 0 0 0 0 0 0 0 0 0 0 0 
0 0 0 0 0 0 0 0 0 0 0 0 0 0 0 0 0 
0 0 0 0 0 0 0 0 0 0 0 0 0 0 0 0 0 
0 0 0 0 0 0 0 0 0 0 0 0 0 0 0 0 0 
0 0 0 0 0 0 0 0 0 0 0 0 0 0 0 0 0 
0 0 0 0 0 1 0 0 0 0 0 0 0 0 0 0 0 
0 0 0 0 0 0 0 0 0 0 0 0 0 0 0 0 0 
4 0 4 3 0 13 0 0 8 0 0 6 0 0 4 0 0 
1 2 0 1 0 14 2 0 6 0 0 5 1 0 2 0 0 
1 0 0 1 0 4 0 0 4 0 0 1 0 0 1 0 0 
2 1 1 2 0 14 2 0 10 0 0 5 1 0 3 0 0 
2 1 1 2 0 9 2 0 5 0 0 3 1 0 1 0 0 
2 1 1 1 0 4 1 0 2 0 0 3 1 0 1 0 0 
2 1 1 1 0 1 0 0 1 0 0 1 0 0 1 0 0 
2 1 1 0 0 4 0 0 4 0 0 0 0 0 0 0 0 
0 1 0 0 0 2 2 0 0 0 0 0 0 0 0 0 0 
0 0 0 0 0 0 0 0 0 0 0 0 0 0 0 0 0 
0 0 0 0 0 0 0 0 0 0 0 0 0 0 0 0 0 
1 0 0 0 0 0 0 0 0 0 0 0 0 0 0 0 0 
0 0 0 0 0 0 0 0 0 0 0 0 0 0 0 0 0 
1 0 0 0 0 0 0 0 0 0 0 0 0 0 0 0 0 
0 0 0 0 0 0 0 0 0 0 0 0 0 0 0 0 0 
0 1 0 0 0 1 1 0 0 0 0 0 0 0 0 0 0 
0 0 0 0 0 0 0 0 0 0 0 0 0 0 0 0 0 
0 1 0 0 0 4 1 0 0 0 0 1 1 0 0 0 0 
0 0 0 0 0 0 0 0 0 0 0 0 0 0 0 0 0 
0 0 0 0 0 2 0 0 0 0 0 0 0 0 0 0 0 
0 0 0 0 0 0 0 0 0 0 0 0 0 0 0 0 0 
0 0 0 0 0 0 0 0 0 0 0 0 0 0 0 0 0 
2 0 1 0 0 0 0 0 0 0 0 0 0 0 0 0 0 
0 0 0 0 0 0 0 0 0 0 0 0 0 0 0 0 0 
0 0 0 0 0 0 0 0 0 0 0 0 0 0 0 0 0 
0 0 0 0 0 0 0 0 0 0 0 0 0 0 0 0 0 
0 0 0 0 0 0 0 0 0 0 0 0 0 0 0 0 0 
0 0 0 0 0 2 0 0 0 0 0 0 0 0 0 0 0 
1 0 0 0 0 1 0 0 1 0 0 0 0 0 0 0 0 
0 0 0 0 0 1 0 0 0 0 0 0 0 0 0 0 0 
0 0 0 0 0 0 0 0 0 0 0 0 0 0 0 0 0 
2 0 1 0 0 0 0 0 0 0 0 0 0 0 0 0 0 
0 0 0 0 0 0 0 0 0 0 0 0 0 0 0 0 0 
0 0 0 0 0 0 0 0 0 0 0 0 0 0 0 0 0 
1 0 0 0 0 0 0 0 0 0 0 0 0 0 0 0 0 
0 0 0 0 0 0 0 0 0 0 0 0 0 0 0 0 0 
0 0 0 0 0 0 0 0 0 0 0 0 0 0 0 0 0 
0 0 0 0 0 0 0 0 0 0 0 0 0 0 0 0 0 
0 0 0 0 0 0 0 0 0 0 0 0 0 0 0 0 0 
0 0 0 0 0 0 0 0 0 0 0 0 0 0 0 0 0 
0 0 0 0 0 0 0 0 0 0 0 0 0 0 0 0 0 
0 0 0 0 0 0 0 0 0 0 0 0 0 0 0 0 0 
0 0 0 0 0 0 0 0 0 0 0 0 0 0 0 0 0 
0 0 0 0 0 0 0 0 0 0 0 0 0 0 0 0 0 
0 0 0 0 0 0 0 0 0 0 0 0 0 0 0 0 0 
0 0 0 0 0 0 0 0 0 0 0 0 0 0 0 0 0 
0 0 0 0 0 0 0 0 0 0 0 0 0 0 0 0 0 
