1 1 0.01
2 1 3.76
3 14 1.05
4 1 0.01
5 14 1.21
6 14 1.29
7 1 0.01
8 1 0.01
9 1 0.01
10 1 0.01
11 1 0.01
12 1 0.01
13 1 0.01
14 1 0.01
15 9 2.84
16 1 1.76
17 1 0.01
18 1 0.01
19 1 1.80
20 1 0.01
21 1 0.01
22 14 2.34
23 1 0.01
24 14 1.21
25 14 1.02
26 1 1.80
27 1 0.01
28 9 7.26
29 1 0.01
30 14 6.18
31 1 0.01
32 1 0.01
33 1 0.01
34 1 0.01
35 1 0.01
36 1 0.01
37 1 0.01
38 1 0.01
39 1 0.01
40 1 0.01
41 1 0.01
42 1 0.01
43 1 0.01
44 1 0.01
45 1 0.01
46 1 0.01
47 1 0.01
48 1 0.01
49 1 0.01
50 9 2.54
51 1 1.76
52 1 0.01
53 1 0.01
54 1 0.01
55 1 0.01
56 1 0.01
57 1 0.01
58 1 0.01
59 1 0.01
60 14 4.49
61 1 0.01
62 1 1.78
63 1 0.01
64 1 0.01
65 1 0.01
66 1 1.78
67 1 0.01
68 1 0.01
69 1 0.01
70 1 0.01
71 1 0.01
72 1 0.01
