94 2 17.45
95 14 6.36
96 14 2.86
97 14 2.84
98 2 9.19
99 2 13.49
100 10 10.35
101 14 1.02
102 9 2.94
103 14 4.19
104 1 0.01
105 1 0.01
106 1 0.01
107 1 0.01
108 14 4.25
109 1 0.01
110 1 1.76
111 1 0.01
112 1 0.01
113 1 0.01
114 5 30.17
115 15 18.89
116 23 23.35
117 3 20.24
118 15 97.94
119 8 85.08
120 3 45.92
121 17 45.06
122 17 35.64
123 10 11.70
124 9 21.15
125 25 21.76
126 9 2.77
127 1 1.78
128 1 0.01
129 1 2.00
130 1 1.76
131 1 0.01
132 14 1.14
133 1 2.00
134 1 1.76
135 14 7.67
136 1 0.01
137 1 0.01
138 17 23.60
139 7 24.29
140 2 18.41
141 2 21.91
142 2 16.33
143 14 1.02
144 14 1.29
145 9 6.37
146 9 6.76
147 14 4.40
148 1 0.01
149 1 1.80
150 9 12.25
151 1 1.78
152 1 1.78
153 1 0.01
154 1 1.76
155 1 0.01
156 1 0.01
157 1 0.01
158 15 22.15
159 7 22.96
160 11 22.09
161 14 2.94
162 2 8.46
163 12 36.27
164 7 18.11
165 8 30.06
166 2 8.96
167 13 38.46
168 3 18.89
169 8 26.90
170 2 7.53
171 24 18.29
172 15 31.24
173 11 29.72
174 2 28.09
175 17 25.65
176 17 13.81
177 10 13.55
178 14 8.85
179 9 2.33
180 25 15.26
181 9 6.21
182 1 1.78
183 1 0.01
184 1 1.76
185 1 0.01
186 14 1.02
187 1 0.01
188 2 21.30
189 14 5.88
190 1 0.01
191 24 19.03
192 17 13.65
193 9 2.41
194 17 17.27
195 9 11.25
196 25 18.02
197 14 2.30
198 1 0.01
199 1 0.01
200 1 0.01
201 1 0.01
202 1 0.01
203 1 0.01
204 3 17.70
205 18 12.06
206 11 22.28
207 17 16.46
208 17 14.29
209 9 2.40
210 9 8.59
211 14 3.84
212 1 1.80
213 1 0.01
214 1 0.01
215 9 8.24
216 1 0.01
217 1 0.01
218 14 1.02
219 1 0.01
220 1 0.01
221 1 0.01
222 1 0.01
223 3 25.95
224 15 27.62
225 14 6.27
226 2 8.14
227 8 25.31
228 15 29.35
229 2 8.41
230 18 20.30
231 17 25.36
232 9 5.93
233 24 21.63
234 15 19.78
235 23 18.24
236 8 27.13
237 9 6.37
238 17 9.38
239 11 16.64
240 17 10.97
241 9 4.91
242 14 4.44
243 1 0.01
244 1 1.80
245 1 1.76
246 1 0.01
247 1 0.01
248 1 0.01
249 1 0.01
250 1 0.01
251 1 0.01
252 1 0.01
253 1 0.01
254 1 0.01
255 21 37.73
256 9 5.85
257 18 15.87
258 11 17.17
259 9 12.03
260 17 14.75
261 14 1.29
262 14 1.28
263 1 0.01
264 1 1.79
265 1 0.01
266 1 0.01
