1AWR	A 98.78 100.00 0 15 0.292 45 0.301 128 0.567 2ALF	A 1.90 54,59,60,62,70,71,72,100,101,102,110,112,120,121,125,
1CKA	A 100.00 100.00 0 16 1.458 48 1.371 145 2.588 2DVJ	A NA 8,9,10,13,14,16,17,33,34,35,36,48,50,51,52,53,
1CZY	A 100.00 100.00 0 19 0.283 57 0.279 149 0.368 1CZZ	C 2.70 41,60,62,66,67,68,77,114,115,117,120,121,122,123,132,133,134,135,137,
1D4T	A 43.27 42.31 0 26 1.440 78 1.359 195 2.212 2YSX	A NA 13,17,21,32,35,42,49,50,51,52,53,54,55,66,67,68,69,70,72,73,75,87,91,92,93,94,
1DDV	A 100.00 100.00 0 10 0.814 30 0.807 92 1.151 1I2H	A 1.80 7,9,19,65,66,67,68,69,84,85,
1DKX	A 76.22 72.22 2 16 0.271 48 0.274 112 0.871 2V7Y	A 2.37 13,14,15,16,19,21,38,39,40,41,45,47,48,49,50,80,145,149,
1EG4	A 100.00 100.00 0 16 0.859 48 0.822 135 1.143 1EG3	A 2.00 20,22,24,26,28,29,30,33,34,35,36,37,142,143,144,200,
1ELW	A 33.65 41.18 1 16 2.541 48 2.459 119 3.091 1A17	A 2.45 7,11,14,26,38,42,45,48,49,70,72,75,76,79,82,83,106,
1ER8	A 99.39 100.00 0 30 0.236 90 0.235 231 0.546 1OEW	A 0.90 8,11,13,14,31,33,35,36,75,76,77,78,79,81,114,117,120,123,131,192,215,217,219,220,221,222,224,298,300,302,
1GYB	A 100.00 100.00 0 8 0.072 24 0.070 69 0.705 1GY7	B 1.60 32,34,35,36,41,42,43,113,
1HC9	A 65.28 68.42 2 17 2.266 51 2.210 131 2.716 1NTN	A 1.90 6,7,8,9,10,11,27,28,30,32,36,37,38,39,40,68,69,70,71,
1IHJ	A 42.70 18.18 0 11 0.576 33 0.571 65 0.948 2QG1	A 1.40 16,17,18,19,20,21,40,73,74,77,80,
1JBU	A 100.00 100.00 0 27 1.586 81 1.511 226 2.967 2BZ6	H 1.60 39,40,41,42,45,46,47,48,66,68,69,70,71,75,77,222,223,226,229,230,231,232,233,234,235,236,237,
1JD5	A 44.55 44.44 0 18 3.881 54 3.792 129 4.674 1QBH	A NA 42,47,48,49,53,54,55,56,57,58,59,60,61,64,69,73,74,101,
1JWG	A 62.86 100.00 0 10 2.313 30 2.082 85 4.310 1MHQ	A 2.20 82,86,89,90,93,95,96,129,132,136,
1LVM	A 99.06 100.00 0 11 0.485 33 0.430 92 1.433 1LVB	B 2.20 56,63,64,65,66,67,71,87,88,90,91,
1MFG	A 100.00 100.00 0 17 0.667 51 0.577 133 1.990 2H3L	A 1.00 11,14,15,16,17,18,19,20,26,27,28,29,40,41,75,78,79,
1N7F	A 100.00 100.00 0 16 0.400 48 0.383 116 0.925 1N7E	A 1.50 14,15,16,17,18,19,20,21,22,23,24,32,65,69,72,73,
1NQ7	A 62.30 100.00 0 15 0.983 45 0.973 128 1.216 1N83	A 1.63 64,67,68,71,76,77,81,84,85,88,89,237,238,241,242,
1NTV	A 63.51 69.57 0 23 0.390 69 0.355 178 1.100 1P3R	B 2.10 33,34,36,88,89,90,91,92,93,94,95,96,109,110,111,114,129,132,133,136,137,139,140,
1NVR	A 98.48 100.00 0 9 0.241 27 0.277 90 1.353 2QHN	A 1.70 5,6,7,8,9,65,67,72,74,
1NX1	A 100.00 100.00 0 17 0.673 51 0.702 154 1.551 1ALV	A 1.90 6,9,12,13,28,31,32,35,36,39,73,76,77,80,81,84,131,
1OAI	A 100.00 100.00 0 15 1.220 45 1.233 129 2.053 1GO5	A NA 20,24,27,28,30,31,32,33,38,42,43,46,51,52,53,
1OU8	A 100.00 100.00 0 18 0.287 54 0.269 142 0.651 1OU9	A 1.80 24,40,46,47,48,49,53,54,55,56,68,69,70,71,72,73,75,91,
1QKZ	A 85.98 35.71 1 13 1.823 39 1.621 96 2.755 1HIL	B 2.00 31,33,35,47,50,53,59,99,100,101,102,103,104,105,
1RXZ	A 100.00 100.00 0 22 1.544 66 1.512 173 1.831 1RWZ	A 1.80 43,44,45,46,120,121,123,125,151,192,194,218,219,220,237,238,239,240,241,242,243,244,
1SE0	A 40.21 40.00 0 15 0.678 45 0.692 104 1.617 1C9Q	A NA 39,41,45,46,47,48,49,50,51,52,56,61,64,65,66,
1SFI	A 100.00 100.00 0 24 0.244 72 0.242 184 0.771 1UTN	A 1.15 22,23,24,25,40,78,79,81,131,155,171,172,173,174,175,176,177,191,192,193,194,195,196,204,
1SSH	A 100.00 100.00 0 13 0.746 39 0.660 123 1.701 1OOT	A 1.39 10,12,15,16,19,37,38,39,40,51,53,55,56,
1T4F	A 100.00 100.00 0 16 1.522 48 1.460 140 2.357 1Z1M	A NA 32,35,36,37,39,40,45,50,51,53,69,71,72,74,77,78,
1T7R	A 99.60 100.00 0 16 0.412 48 0.367 129 1.115 2AM9	A 1.64 44,45,48,52,57,62,65,66,69,70,225,226,229,230,233,234,
1TP5	A 84.38 100.00 0 17 0.813 51 0.762 136 1.730 1PDR	A 2.80 18,22,23,24,25,26,27,28,31,39,40,42,72,73,76,79,80,
1TW6	A 55.79 41.67 0 12 0.257 36 0.263 89 0.579 3CM2	A 2.50 39,42,44,46,53,54,55,56,57,61,66,70,
1U00	A 53.15 38.89 1 17 0.450 51 0.453 111 1.032 2V7Y	A 2.37 10,11,12,13,18,34,35,36,37,38,42,44,45,46,69,79,80,139,
1UJ0	A 87.93 100.00 0 13 0.570 39 0.542 121 1.424 1X2Q	A NA 9,11,12,14,15,17,18,36,37,48,50,52,53,
1W9E	A 100.00 100.00 0 16 0.587 48 0.566 121 0.924 1R6J	A 0.73 95,97,98,99,100,101,102,103,104,105,113,142,143,145,146,149,
1X2R	A 100.00 100.00 0 18 0.277 54 0.275 153 0.835 1X2J	A 1.60 11,13,40,57,59,64,92,160,185,186,202,207,232,233,249,251,254,279,
1YMT	A 57.45 92.31 0 13 1.287 39 1.171 109 2.245 1PK5	A 2.40 51,54,58,63,68,71,72,75,76,226,228,231,232,
1YUC	A 87.92 100.00 0 15 1.179 45 0.997 130 2.444 1PK5	A 2.40 56,59,63,68,73,74,76,77,80,81,231,232,233,236,237,
1YWO	A 100.00 100.00 0 13 0.347 39 0.312 123 1.319 1Y0M	A 1.20 7,9,12,13,15,16,33,34,35,47,49,51,52,
2A3I	A 98.02 100.00 0 13 0.288 39 0.273 105 0.926 2AA2	A 1.95 47,50,51,54,64,67,68,71,72,227,228,231,232,
2AK5	A 94.92 100.00 0 11 0.452 33 0.395 99 0.928 2G6F	X 0.92 13,19,21,22,39,40,41,52,54,56,57,
2B9H	A 99.41 100.00 0 20 0.338 60 0.311 177 0.824 2B9F	A 1.80 69,97,98,103,107,109,112,113,116,117,119,123,145,146,147,148,149,296,298,301,
2C3I	A 100.00 100.00 0 20 0.200 60 0.187 149 0.293 2J2I	B 1.90 89,91,92,94,95,128,130,131,132,150,163,164,165,167,195,199,200,201,204,217,
2CCH	A 100.00 100.00 0 17 0.243 51 0.239 154 0.861 1H1R	B 2.00 35,38,39,42,45,46,49,50,75,78,79,102,105,106,107,108,110,
2D0N	A 48.21 53.85 1 12 1.403 36 1.280 101 2.100 1GCQ	B 1.68 9,10,12,13,15,16,32,34,35,46,48,50,51,
2DS8	A 95.00 100.00 0 12 0.592 36 0.501 84 0.933 2DS7	A 2.50 3,12,13,15,16,17,18,19,20,21,22,25,
2FGR	A 100.00 90.91 1 10 0.281 30 0.288 92 0.573 2FGQ	X 1.45 2,3,4,5,6,7,41,42,55,285,332,
2FMF	A 98.41 100.00 0 11 0.526 33 0.477 80 0.887 1JBE	A 1.08 89,91,94,95,98,102,103,104,105,118,121,
2FOJ	A 100.00 100.00 0 13 0.287 39 0.279 120 1.377 2F1W	A 1.65 38,40,42,50,84,85,86,94,96,97,98,99,100,
2FVJ	A 100.00 100.00 0 14 0.311 42 0.301 116 1.077 2HWQ	A 1.97 74,75,78,79,82,87,92,95,96,99,248,249,252,253,
2H9M	A 100.00 100.00 0 17 0.546 51 0.527 130 1.307 2H14	A 1.48 17,18,19,35,60,61,62,77,103,104,145,229,230,231,233,275,291,
2HO2	A 100.00 100.00 0 8 0.550 24 0.537 75 1.109 2E45	A NA 10,12,17,19,24,26,27,28,
2HPL	A 100.00 100.00 0 12 0.233 36 0.225 105 0.602 2HPJ	A 1.70 23,26,27,30,39,40,42,43,44,47,49,53,
2J6F	A 56.14 57.14 0 14 1.499 42 1.408 111 1.737 2DA9	A NA 6,7,9,13,15,16,33,34,35,36,47,49,51,52,
2JAM	A 45.35 40.00 1 9 1.012 27 1.050 75 1.608 3DXN	A 2.17 1,2,50,62,63,64,65,66,70,71,
2O02	A 89.29 100.00 0 28 0.376 84 0.371 233 1.060 2BQ0	A 2.50 14,41,42,45,46,49,111,114,118,119,121,122,159,160,163,166,167,170,202,203,204,205,206,207,210,211,214,218,
2O4J	A 91.25 100.00 0 13 0.451 39 0.428 108 0.857 1IE9	A 1.40 54,57,61,66,71,74,75,78,79,231,232,235,236,
2O9V	A 100.00 100.00 0 10 0.310 30 0.280 93 0.817 2O9S	A 0.83 13,15,37,38,40,41,54,56,58,59,
2P0W	A 32.03 59.09 0 22 2.030 66 1.961 178 1.883 1BOB	A 2.30 8,32,33,35,36,40,42,164,165,166,167,168,169,170,174,177,203,215,217,218,254,255,
2P54	A 98.84 100.00 0 16 0.734 48 0.693 131 1.512 1I7G	A 2.20 83,84,87,88,91,96,101,102,104,105,108,109,257,258,261,262,
2PUY	A 87.50 100.00 0 17 1.051 51 1.028 138 1.743 2YQL	A NA 4,5,6,7,14,15,16,17,18,19,21,26,39,40,41,42,44,
2VJ0	A 100.00 100.00 0 14 0.365 42 0.347 99 0.730 1B9K	A 1.90 21,22,23,31,33,34,35,48,50,51,52,88,89,90,
2ZJD	A 99.17 100.00 0 21 1.144 63 1.101 190 1.753 1V49	A NA 6,9,10,18,22,26,29,31,34,48,49,50,51,52,53,54,62,65,68,69,107,
3CVP	A 41.22 90.48 0 21 1.726 63 1.715 173 2.022 2C0M	B 2.50 62,64,90,93,94,95,152,155,182,183,186,187,189,190,201,211,213,216,217,220,224,
3D1E	A 100.00 100.00 0 19 0.381 57 0.351 154 0.974 3D1G	A 1.64 152,155,172,174,175,176,177,242,247,320,323,344,346,360,361,362,363,364,365,
3D9T	A 93.68 100.00 0 11 1.752 33 1.673 98 3.037 1QBH	A NA 46,47,48,55,56,57,58,59,63,68,72,
#pdb	chain seq-id if-seq-id if-disord ca ca-rms bb bb-rms sc sc-rms unbound	chain ub-res if-residues
