1 6 2.93
2 1 0.01
3 1 0.01
4 1 0.01
5 1 1.84
6 1 1.86
7 1 0.01
8 7 4.71
9 1 3.83
10 1 0.01
11 1 0.01
12 25 5.74
13 7 5.63
14 1 1.84
15 1 1.83
16 1 0.01
17 1 0.01
18 1 0.01
19 1 0.01
20 25 1.52
21 1 1.84
22 1 0.01
23 1 0.01
24 1 0.01
25 1 0.01
26 1 0.01
27 25 2.71
28 1 0.01
29 1 0.01
30 1 0.01
31 1 1.83
32 1 1.85
33 1 1.83
34 1 0.01
35 1 0.01
36 1 0.01
37 1 0.01
38 1 1.83
39 1 0.01
40 1 0.01
41 25 2.82
42 25 1.24
43 1 0.01
44 1 0.01
45 1 0.01
46 1 0.01
47 1 0.01
48 1 0.01
49 7 2.43
50 1 1.83
51 1 0.01
52 1 0.01
53 1 0.01
54 1 0.01
55 1 0.01
56 1 0.01
57 1 0.01
58 1 0.01
