1 1 0.01
2 9 2.40
3 1 1.76
4 1 0.01
5 1 0.01
6 1 0.01
7 9 28.08
8 9 5.52
9 1 0.01
10 9 6.57
11 1 1.76
12 1 0.01
13 1 0.01
14 1 0.01
15 1 0.01
16 1 1.78
17 1 0.01
18 1 0.01
19 1 1.80
20 1 0.01
21 1 0.01
22 14 1.30
23 1 0.01
24 1 2.00
25 1 0.01
26 1 0.01
27 1 0.01
28 1 0.01
29 1 0.01
30 1 0.01
31 9 2.54
32 25 9.28
33 14 4.31
34 1 0.01
35 1 1.76
36 1 0.01
37 1 0.01
38 1 0.01
39 1 0.01
40 1 0.01
41 1 0.01
42 1 0.01
43 1 0.01
44 1 0.01
45 1 0.01
46 1 0.01
47 1 0.01
48 1 0.01
49 18 24.16
50 24 43.28
51 8 30.84
52 2 8.33
53 8 30.98
54 8 24.23
55 13 25.37
56 3 14.48
57 7 23.15
58 10 12.98
59 10 19.74
60 9 2.77
61 9 4.75
62 14 2.60
63 1 0.01
64 9 6.72
65 1 0.01
66 1 0.01
67 1 0.01
68 25 10.28
69 1 0.01
70 2 13.84
71 1 0.01
72 1 0.01
73 1 0.01
74 1 0.01
75 1 1.79
76 1 0.01
77 1 1.80
78 1 0.01
79 1 0.01
80 1 0.01
81 1 0.01
82 10 8.70
83 9 8.46
84 14 1.19
85 1 1.76
86 1 0.01
87 1 0.01
88 1 1.80
89 1 0.01
90 1 0.01
91 1 0.01
92 1 0.01
93 1 0.01
94 1 0.01
95 1 0.01
96 9 2.84
97 9 5.37
98 1 0.01
99 21 15.18
100 17 26.27
101 2 10.52
102 9 4.75
103 14 2.63
104 1 0.01
105 1 0.01
106 1 0.01
107 1 1.80
108 1 0.01
109 1 0.01
110 16 36.78
111 18 32.96
112 3 61.03
113 24 27.45
114 15 27.91
115 24 59.70
116 8 51.78
117 7 29.25
118 8 22.35
119 7 43.87
120 18 24.86
121 24 10.14
122 7 29.39
123 11 22.06
124 15 26.63
125 17 10.90
126 14 1.29
127 9 2.33
128 25 15.72
129 9 4.59
130 1 0.01
131 14 1.05
132 1 0.01
133 1 0.01
134 1 0.01
135 9 10.89
136 1 0.01
137 14 1.05
138 1 0.01
139 9 4.67
140 9 3.31
141 1 0.01
142 1 1.78
143 1 0.01
144 1 0.01
145 1 0.01
146 9 11.05
147 9 2.46
148 1 1.78
149 1 0.01
150 1 0.01
151 1 0.01
152 1 0.01
153 1 0.01
154 1 0.01
155 1 0.01
156 14 4.57
157 1 0.01
158 1 1.79
159 1 0.01
160 1 0.01
161 1 0.01
162 1 0.01
163 1 0.01
164 1 0.01
165 1 0.01
166 1 0.01
167 1 0.01
168 14 2.48
169 14 2.05
170 14 2.67
171 1 0.01
172 14 5.78
173 1 0.01
174 2 15.61
175 25 12.94
176 14 2.91
177 1 0.01
178 1 0.01
179 1 0.01
180 1 1.76
181 1 0.01
182 1 0.01
183 1 0.01
184 1 0.01
185 12 46.41
186 3 16.38
187 15 48.44
188 8 19.23
189 11 26.99
190 8 15.65
191 7 22.76
192 11 32.75
193 24 25.69
194 17 11.35
195 9 2.41
196 2 11.29
197 2 11.05
198 14 3.76
199 1 0.01
200 1 0.01
201 1 0.01
202 1 0.01
203 1 0.01
204 1 0.01
205 1 0.01
206 1 0.01
207 9 5.30
208 1 0.01
209 14 9.32
210 2 20.63
211 4 37.12
212 7 30.51
213 23 25.66
214 11 27.85
215 10 25.29
216 17 32.80
217 9 2.94
218 2 11.05
219 14 6.23
220 1 0.01
221 1 0.01
222 1 0.01
223 1 0.01
224 1 0.01
225 10 6.90
226 1 0.01
227 1 0.01
228 11 25.43
229 10 16.45
230 10 11.53
231 9 6.96
232 9 2.33
233 1 1.76
234 1 0.01
235 9 2.77
236 13 31.57
237 5 124.76
238 13 18.95
239 11 29.01
240 17 27.67
241 10 9.24
242 10 14.43
243 9 6.96
244 9 3.57
245 1 0.01
246 1 0.01
247 1 0.01
248 1 1.80
249 1 0.01
250 1 0.01
251 1 0.01
252 1 0.01
253 9 5.84
254 9 5.35
255 14 2.64
256 1 0.01
257 1 0.01
258 1 0.01
259 14 0.99
260 1 0.01
261 1 0.01
262 1 0.01
263 5 42.64
264 23 20.70
265 11 20.66
266 17 27.56
267 17 8.96
268 2 10.65
269 9 8.64
270 9 4.17
271 1 0.01
272 1 0.01
273 1 1.80
274 1 0.01
275 1 1.79
276 14 4.43
277 9 6.70
278 14 1.05
279 1 0.01
280 1 0.01
281 1 0.01
282 1 0.01
283 10 11.13
284 17 10.09
285 10 6.19
286 9 4.60
287 14 0.99
288 1 0.01
289 1 0.01
290 9 6.81
291 14 7.72
292 1 0.01
293 9 10.65
294 1 0.01
295 1 0.01
296 1 0.01
297 9 2.46
298 25 10.84
299 1 0.01
300 1 0.01
301 1 0.01
302 1 0.01
303 1 0.01
304 1 0.01
305 1 0.01
306 1 0.01
307 1 0.01
308 1 0.01
309 9 10.17
310 9 6.82
311 14 2.67
312 1 0.01
313 14 2.48
314 9 4.56
315 9 3.57
316 1 0.01
317 1 0.01
318 1 0.01
319 1 1.76
320 1 0.01
321 1 0.01
322 1 0.01
323 16 56.60
324 3 19.52
325 13 14.59
326 12 17.22
327 15 20.58
328 9 5.85
329 3 26.50
330 17 15.18
331 17 7.55
332 10 11.93
333 14 2.05
334 9 2.41
335 1 1.79
336 1 0.01
337 1 0.01
