1 1 0.01
2 1 0.01
3 1 0.01
4 1 0.01
5 1 0.01
6 1 0.01
7 1 0.01
8 1 0.01
9 1 0.01
10 1 0.01
11 1 0.01
12 1 0.01
13 1 0.01
14 1 0.01
15 1 0.01
16 1 0.01
17 1 0.01
18 1 0.01
19 1 1.79
20 1 0.01
21 1 0.01
22 1 0.01
23 1 0.01
24 1 0.01
25 1 0.01
26 1 1.80
27 1 0.01
28 1 0.01
29 1 0.01
30 1 0.01
31 9 3.82
32 1 0.01
33 1 0.01
34 2 18.82
35 9 12.77
36 1 0.01
37 1 0.01
38 25 12.14
39 1 0.01
40 1 0.01
41 1 0.01
42 1 0.01
43 1 0.01
44 1 0.01
45 14 1.05
46 1 0.01
47 1 0.01
48 1 0.01
49 18 33.76
50 9 5.94
51 11 14.60
52 2 25.98
53 14 4.60
54 14 2.89
55 2 8.14
56 17 18.99
57 17 18.63
58 14 0.99
59 9 8.02
60 9 5.94
61 1 1.79
62 1 0.01
63 9 3.31
64 1 0.01
65 1 0.01
66 1 0.01
67 9 6.97
68 6 13.34
69 1 0.01
70 1 0.01
71 1 1.78
72 1 0.01
73 9 4.33
74 1 1.80
75 1 0.01
76 1 0.01
77 1 0.01
78 1 1.78
79 1 0.01
80 10 12.08
81 9 8.67
82 9 7.54
83 14 1.14
84 1 0.01
85 1 0.01
86 1 1.80
87 1 0.01
88 1 0.01
89 1 0.01
90 1 0.01
91 9 5.75
92 14 4.31
93 1 0.01
94 2 20.88
95 11 29.71
96 14 1.05
97 9 2.54
98 2 12.30
99 9 6.38
100 9 4.22
101 1 0.01
102 1 0.01
103 1 1.79
104 1 0.01
105 1 0.01
106 1 0.01
107 1 0.01
108 1 0.01
109 1 0.01
110 1 0.01
111 1 0.01
112 1 0.01
113 1 0.01
114 1 0.01
115 9 5.91
116 9 2.46
117 1 1.78
118 1 0.01
119 1 0.01
