1 1 0.01
2 2 15.10
3 8 42.54
4 20 21.08
5 10 18.26
6 5 16.27
7 18 25.45
8 25 4.79
9 17 22.33
10 17 8.00
11 7 11.73
12 25 1.52
13 14 19.95
14 1 0.01
15 1 0.01
16 25 12.57
17 6 2.59
18 1 0.01
19 1 1.83
20 6 6.14
21 1 0.01
22 7 2.90
23 1 1.83
24 7 3.71
25 25 3.17
26 1 0.01
27 1 0.01
28 1 5.83
29 7 9.91
30 1 0.01
31 17 13.85
32 1 0.01
33 2 18.19
34 1 0.01
35 1 0.01
36 1 0.01
37 1 0.01
38 1 0.01
39 1 0.01
40 1 0.01
41 1 0.01
42 1 1.83
43 15 10.88
44 1 0.01
45 1 0.01
46 6 4.47
47 1 1.83
48 1 0.01
49 1 0.01
50 1 0.01
51 1 0.01
52 1 0.01
53 25 1.24
54 1 0.01
55 1 0.01
56 1 0.01
57 1 0.01
58 1 2.00
59 1 2.00
60 15 72.49
61 7 4.64
62 1 0.01
63 1 1.85
64 7 3.18
65 1 0.01
66 7 3.42
67 1 0.01
68 1 1.84
69 1 0.01
70 15 9.65
71 25 6.29
72 7 3.56
73 1 0.01
74 1 0.01
75 14 33.70
76 14 17.68
77 16 20.15
78 7 8.40
79 6 9.83
80 1 1.85
81 1 1.83
82 1 0.01
83 1 0.01
84 1 0.01
85 1 0.01
86 1 0.01
87 21 22.50
88 10 17.12
89 20 27.29
90 2 8.20
91 23 12.04
92 17 8.57
93 2 11.35
94 25 6.41
95 7 3.56
96 1 0.01
97 1 0.01
98 1 0.01
99 15 15.98
100 1 0.01
101 1 1.85
102 1 0.01
103 1 0.01
104 1 0.01
105 1 0.01
106 1 0.01
107 1 0.01
108 1 0.01
109 1 1.85
110 1 0.01
111 1 0.01
112 7 4.34
113 1 2.00
114 25 1.24
115 1 1.84
116 1 0.01
117 25 1.24
118 25 3.59
119 1 1.86
120 18 17.74
121 20 18.41
122 11 24.97
123 9 30.04
124 11 23.61
125 20 15.52
126 10 18.19
127 23 15.03
128 23 24.92
129 17 8.50
130 17 16.72
131 6 2.95
132 1 1.84
133 1 0.01
134 1 0.01
135 6 13.80
136 1 0.01
137 1 0.01
138 17 12.55
139 1 1.83
140 1 0.01
141 25 5.80
142 2 8.85
143 15 7.60
144 1 0.01
145 7 2.89
146 1 1.83
147 1 0.01
148 1 0.01
149 1 0.01
150 1 0.01
151 1 0.01
152 1 0.01
153 25 7.34
154 25 6.94
155 1 0.01
156 7 5.09
157 1 1.84
158 1 0.01
159 2 22.46
160 7 5.48
161 1 0.01
162 18 46.82
163 20 44.17
164 16 49.22
165 10 25.01
166 13 23.20
167 16 22.94
168 16 42.09
169 20 31.30
170 20 41.27
171 20 25.92
172 14 11.30
173 23 30.33
174 23 19.44
175 2 10.98
176 6 6.67
177 7 9.99
178 1 1.85
179 1 0.01
180 1 0.01
181 14 48.31
182 17 16.31
183 2 14.42
184 2 26.37
185 7 5.44
186 1 0.01
187 20 30.60
188 14 30.50
189 17 19.64
190 17 15.03
191 2 11.69
192 25 7.72
193 25 3.27
194 1 0.01
195 1 0.01
196 7 2.97
197 1 0.01
198 1 1.84
199 1 0.01
200 1 0.01
201 1 0.01
202 1 0.01
203 1 0.01
