1 9 6.62
2 1 0.01
3 1 0.01
4 1 0.01
5 14 1.22
6 14 1.19
7 1 0.01
8 9 2.33
9 1 1.80
10 1 0.01
11 1 0.01
12 9 5.30
13 1 2.00
14 1 0.01
15 14 1.02
16 1 0.01
17 14 2.05
18 1 1.79
19 9 2.41
20 9 3.82
21 1 0.01
22 1 0.01
23 1 1.76
24 1 0.01
25 1 0.01
26 1 0.01
27 1 0.01
28 1 0.01
29 1 0.01
30 9 2.33
31 9 3.31
32 1 0.01
33 1 0.01
34 1 0.01
35 1 0.01
36 1 0.01
37 1 0.01
38 9 4.51
39 9 11.20
40 1 1.78
41 1 0.01
42 1 0.01
43 1 0.01
44 1 0.01
45 1 0.01
46 1 0.01
47 1 1.76
48 1 0.01
49 1 0.01
50 1 0.01
51 1 0.01
52 1 0.01
53 14 1.05
54 25 9.42
55 1 0.01
56 1 0.01
57 1 0.01
58 1 0.01
59 9 2.40
60 1 1.80
61 1 0.01
62 1 0.01
63 1 0.01
64 1 0.01
65 1 0.01
66 1 0.01
67 1 0.01
68 1 1.78
69 1 0.01
70 1 0.01
71 1 0.01
72 1 0.01
73 10 22.75
74 1 0.01
75 1 0.01
76 1 0.01
77 25 12.29
78 1 0.01
79 1 0.01
80 1 5.75
81 14 4.47
82 1 0.01
83 1 1.76
84 1 0.01
85 1 0.01
86 1 0.01
87 1 0.01
88 1 0.01
89 1 0.01
90 1 0.01
91 1 0.01
92 1 0.01
93 1 0.01
94 1 0.01
95 1 1.76
96 1 0.01
97 9 3.31
98 1 0.01
99 1 0.01
100 1 0.01
101 1 0.01
102 1 0.01
103 1 0.01
104 1 0.01
105 1 0.01
106 1 0.01
107 1 0.01
108 14 1.19
109 1 0.01
110 1 0.01
111 10 7.68
112 9 2.40
113 1 1.79
114 1 0.01
115 1 0.01
116 1 0.01
117 1 0.01
118 1 0.01
119 1 0.01
120 1 0.01
121 1 0.01
122 14 1.22
123 25 5.42
124 1 0.01
125 1 0.01
126 14 1.19
127 1 0.01
128 1 0.01
129 1 0.01
130 1 0.01
131 1 0.01
132 1 0.01
133 1 0.01
134 1 0.01
135 1 0.01
136 1 0.01
137 1 0.01
138 1 0.01
139 1 0.01
140 1 0.01
141 1 0.01
142 1 0.01
143 14 1.22
144 21 70.49
145 10 15.10
146 10 13.26
147 10 11.48
148 10 9.08
149 14 1.02
150 1 0.01
151 14 0.99
152 9 4.57
153 1 1.76
154 1 0.01
155 1 0.01
156 1 0.01
157 9 3.43
158 9 2.46
159 9 7.95
160 1 0.01
161 14 1.14
162 1 0.01
163 14 1.30
164 1 0.01
165 14 1.25
166 1 0.01
167 1 0.01
168 1 1.79
169 14 0.99
170 1 0.01
171 1 0.01
172 1 0.01
173 9 2.54
174 1 1.76
175 1 0.01
176 10 7.68
177 9 2.98
178 1 1.80
179 1 0.01
180 1 0.01
181 1 1.79
182 1 0.01
183 14 1.19
184 1 0.01
185 1 0.01
186 1 1.76
187 1 0.01
188 1 0.01
189 1 0.01
190 1 0.01
191 1 0.01
192 1 1.80
193 1 0.01
194 1 0.01
195 1 0.01
196 1 0.01
197 1 0.01
198 1 0.01
199 9 2.46
200 1 1.78
201 1 0.01
202 1 0.01
203 1 0.01
204 1 0.01
205 1 0.01
206 1 0.01
207 9 5.85
208 9 4.56
209 2 13.65
210 9 7.51
211 1 0.01
212 15 19.30
213 7 18.87
214 2 25.57
215 9 5.81
216 17 11.27
217 9 2.40
218 10 6.19
219 9 4.60
220 14 0.99
221 1 0.01
222 1 0.01
223 1 0.01
