47 14 10.80
48 14 12.82
49 2 14.95
50 10 6.04
51 14 4.21
52 1 0.01
53 9 5.04
54 9 6.57
55 1 1.76
56 9 5.98
57 1 0.01
58 14 2.93
59 1 0.01
60 2 30.53
61 14 1.28
62 1 0.01
63 1 0.01
64 1 0.01
65 1 0.01
66 25 7.08
67 1 1.78
68 1 0.01
69 1 0.01
70 1 0.01
71 1 0.01
72 1 0.01
73 2 25.71
74 1 0.01
75 6 26.91
76 14 4.49
77 1 0.01
78 1 1.78
79 1 0.01
80 1 0.01
81 1 0.01
82 1 1.76
83 1 0.01
84 10 18.12
85 19 33.86
86 14 6.25
87 9 6.44
88 15 35.91
89 11 21.32
90 2 9.98
91 17 13.85
92 14 7.17
93 10 9.70
94 10 8.63
95 9 7.17
96 9 5.30
97 1 0.01
98 14 0.99
99 1 0.01
100 1 0.01
101 14 1.28
102 1 0.01
103 8 24.94
104 18 37.14
105 14 6.35
106 2 8.48
107 3 18.03
108 12 28.68
109 2 8.48
110 7 28.69
111 12 16.46
112 17 22.98
113 10 19.02
114 23 27.43
115 9 10.64
116 25 10.47
117 14 4.29
118 1 0.01
119 9 5.66
120 14 2.56
121 14 1.14
122 1 0.01
123 1 0.01
124 1 0.01
125 24 23.52
126 8 23.60
127 18 15.71
128 17 13.83
129 17 25.46
130 11 11.61
131 10 7.51
132 10 14.48
133 14 28.90
134 14 1.21
135 1 0.01
136 1 0.01
137 1 1.76
138 1 0.01
139 1 0.01
140 14 1.21
141 9 6.97
142 1 0.01
143 1 0.01
144 1 0.01
145 1 0.01
146 22 37.40
147 15 44.60
148 14 6.31
149 2 7.94
150 8 26.66
151 2 9.05
152 13 13.78
153 3 18.22
154 15 31.57
155 2 8.85
156 3 15.16
157 17 25.02
158 17 15.53
159 10 13.31
160 10 6.92
161 9 7.34
162 14 1.21
163 1 0.01
164 1 0.01
165 9 6.57
166 1 1.76
167 1 0.01
168 1 0.01
169 1 0.01
170 2 18.16
171 2 31.79
172 14 6.02
173 9 5.85
174 23 28.61
175 14 6.01
176 2 7.53
177 17 15.64
178 14 2.94
179 9 2.33
180 2 12.50
181 9 8.77
182 14 6.14
183 1 0.01
184 1 0.01
185 1 0.01
186 1 0.01
187 25 7.11
188 1 1.76
189 1 0.01
190 1 0.01
191 1 1.76
192 1 0.01
193 1 0.01
194 1 0.01
195 11 13.10
196 17 21.34
197 2 19.74
198 2 16.74
199 2 12.39
200 14 2.69
201 14 1.02
202 9 2.92
203 10 17.14
204 14 4.12
205 14 1.05
206 1 0.01
207 14 5.70
208 1 0.01
209 14 1.22
210 13 26.36
211 7 29.42
212 11 22.62
213 2 7.53
214 10 20.25
215 14 0.99
216 9 2.40
217 2 11.46
218 9 8.71
219 14 7.69
220 1 0.01
221 1 0.01
222 1 0.01
223 1 0.01
224 25 3.80
225 1 0.01
226 1 0.01
227 1 0.01
228 1 0.01
229 10 15.31
230 18 21.82
231 9 5.92
232 3 22.34
233 24 15.37
234 15 74.24
235 8 30.56
236 2 8.48
237 8 22.78
238 8 37.07
239 9 7.86
240 2 20.52
241 11 16.31
242 9 2.77
243 10 7.35
244 17 15.03
245 14 12.24
246 14 1.02
247 1 0.01
248 1 0.01
249 1 0.01
250 14 4.03
251 14 17.10
252 14 1.14
253 1 0.01
254 1 0.01
255 1 0.01
256 1 0.01
257 1 0.01
258 2 20.17
259 8 19.88
260 12 33.09
261 2 8.24
262 11 17.30
263 8 50.19
264 11 15.94
265 11 13.40
266 10 21.69
267 14 23.26
268 9 5.92
269 1 1.79
270 14 1.22
271 1 0.01
272 1 0.01
273 1 0.01
274 1 0.01
275 1 0.01
276 1 0.01
277 24 26.86
278 17 26.13
279 17 31.43
280 17 11.45
281 17 13.71
282 10 11.01
283 14 4.03
284 14 4.49
285 14 1.28
286 1 0.01
287 1 0.01
288 1 0.01
289 2 21.31
290 14 5.68
291 14 9.66
292 2 23.83
293 14 6.39
294 2 8.98
295 7 16.76
296 18 19.31
297 17 14.40
298 17 7.36
299 10 13.03
300 10 10.28
301 25 14.61
302 14 1.14
303 1 0.01
304 1 0.01
305 1 0.01
306 1 0.01
