1 1 0.01
2 25 3.17
3 1 0.01
4 1 0.01
5 1 0.01
6 7 14.73
7 7 3.35
8 7 8.24
9 7 2.56
10 7 2.89
11 17 18.83
12 1 0.01
13 9 19.13
14 16 18.15
15 10 24.93
16 9 20.15
17 20 22.88
18 10 14.35
19 18 17.84
20 23 9.25
21 17 10.98
22 17 13.36
23 6 6.17
24 6 10.50
25 1 1.83
26 1 0.01
27 1 0.01
28 1 0.01
29 1 0.01
30 25 1.24
31 1 0.01
32 1 0.01
33 1 0.01
34 1 0.01
35 1 0.01
36 2 20.85
37 4 43.52
38 23 28.13
39 23 27.52
40 14 12.58
41 17 9.61
42 17 10.09
43 7 4.81
44 7 2.89
45 1 1.83
46 1 0.01
47 1 0.01
48 1 0.01
49 1 0.01
50 1 0.01
51 1 0.01
52 1 0.01
53 7 6.15
54 1 0.01
55 7 3.48
56 25 1.24
57 1 0.01
58 1 0.01
59 1 0.01
60 25 1.24
61 1 0.01
62 1 0.01
63 4 56.40
64 21 46.14
65 9 16.92
66 14 14.64
67 23 23.95
68 23 11.63
69 17 9.82
70 2 26.45
71 7 3.68
72 7 6.69
73 1 0.01
74 15 8.12
75 1 0.01
76 1 0.01
77 6 2.59
78 1 0.01
79 1 0.01
80 1 0.01
81 1 0.01
82 7 4.47
83 1 0.01
84 7 10.64
85 1 0.01
86 25 3.58
87 1 0.01
88 2 10.31
89 1 0.01
90 14 26.95
91 5 24.76
92 2 7.99
93 14 37.47
94 17 13.12
95 17 16.44
96 25 2.90
97 6 20.77
98 1 1.83
99 1 0.01
100 1 0.01
101 1 0.01
102 1 0.01
103 1 0.01
104 1 0.01
105 1 0.01
106 1 0.01
107 1 0.01
108 1 0.01
109 1 0.01
110 1 0.01
111 20 18.00
112 18 31.61
113 13 20.90
114 10 20.98
115 23 22.32
116 25 5.80
117 16 14.60
118 14 22.17
119 23 8.75
120 17 11.26
121 25 1.52
122 6 6.17
123 6 10.50
124 1 1.83
125 1 0.01
126 1 0.01
127 1 0.01
128 1 0.01
