1 1 0.01
2 7 4.34
3 1 0.01
4 1 1.86
5 1 0.01
6 1 0.01
7 6 6.92
8 25 1.52
9 1 0.01
10 25 6.28
11 25 3.17
12 1 0.01
13 1 0.01
14 1 0.01
15 1 0.01
16 1 1.85
17 1 0.01
18 1 0.01
19 1 1.87
20 1 0.01
21 1 0.01
22 1 1.84
23 1 0.01
24 1 2.00
25 1 0.01
26 1 0.01
27 1 0.01
28 1 0.01
29 1 0.01
30 1 0.01
31 25 2.25
32 15 8.75
33 7 4.41
34 1 0.01
35 25 1.24
36 1 0.01
37 1 0.01
38 1 0.01
39 1 0.01
40 1 0.01
41 1 0.01
42 1 0.01
43 1 0.01
44 1 0.01
45 1 0.01
46 1 0.01
47 1 0.01
48 1 0.01
49 20 25.04
50 5 39.80
51 18 27.53
52 9 24.19
53 18 32.42
54 9 23.06
55 16 23.26
56 20 18.52
57 18 20.97
58 17 13.59
59 17 20.01
60 25 2.80
61 25 4.85
62 7 3.53
63 1 0.01
64 25 2.25
65 1 0.01
66 1 0.01
67 1 0.01
68 15 20.68
69 7 4.81
70 2 14.28
71 1 0.01
72 1 0.01
73 1 0.01
74 1 0.01
75 1 1.84
76 1 0.01
77 1 0.01
78 1 0.01
79 1 0.01
80 1 0.01
81 2 9.33
82 7 2.43
83 6 4.25
84 25 1.24
85 1 0.01
86 1 0.01
87 1 0.01
88 1 1.86
89 1 0.01
90 1 0.01
91 1 0.01
92 1 0.01
93 1 0.01
94 1 0.01
95 1 0.01
96 25 8.63
97 15 13.78
98 2 15.11
99 14 39.55
100 17 16.61
101 25 2.22
102 25 4.83
103 7 3.58
104 1 0.01
105 1 0.01
106 1 0.01
107 1 0.01
108 1 0.01
109 1 0.01
110 22 45.09
111 20 33.30
112 20 26.69
113 5 42.26
114 9 28.99
115 7 5.73
116 2 11.70
117 11 38.01
118 18 22.18
119 11 43.12
120 20 44.88
121 5 22.11
122 11 28.68
123 14 22.40
124 21 28.55
125 17 11.52
126 17 10.29
127 2 9.17
128 7 8.36
129 25 4.58
130 1 0.01
131 1 1.83
132 1 0.01
133 1 0.01
134 1 0.01
135 25 11.29
136 1 0.01
137 1 1.83
138 1 0.01
139 7 2.81
140 1 1.83
141 1 0.01
142 1 1.85
143 1 0.01
144 1 0.01
145 1 0.01
146 25 12.08
147 25 2.22
148 1 1.85
149 1 0.01
150 1 0.01
151 1 0.01
152 1 0.01
153 1 0.01
154 1 0.01
155 1 0.01
156 7 4.53
157 1 0.01
158 1 1.84
159 1 0.01
160 1 0.01
161 1 0.01
162 1 0.01
163 1 0.01
164 1 0.01
165 1 0.01
166 1 0.01
167 1 0.01
168 7 3.68
169 25 3.79
170 15 12.11
171 1 0.01
172 7 23.60
173 25 10.35
174 6 6.68
175 7 3.94
176 1 0.01
177 1 0.01
178 1 0.01
179 1 0.01
180 25 1.24
181 1 0.01
182 1 1.84
183 1 0.01
184 1 0.01
185 20 48.76
186 20 21.07
187 21 47.79
188 18 24.01
189 10 25.29
190 9 16.67
191 18 24.08
192 10 31.09
193 5 26.30
194 23 9.49
195 14 14.40
196 2 11.54
197 6 10.66
198 7 4.57
199 1 0.01
200 1 0.01
201 1 0.01
202 1 1.86
203 1 0.01
204 1 0.01
205 1 0.01
206 1 0.01
207 6 3.96
208 1 0.01
209 7 7.95
210 2 20.87
211 22 84.75
212 11 26.90
213 10 26.11
214 14 27.48
215 17 24.57
216 17 32.02
217 25 2.90
218 6 10.72
219 7 6.10
220 1 0.01
221 1 0.01
222 1 0.01
223 1 0.01
224 1 0.01
225 25 2.18
226 1 0.01
227 25 4.61
228 15 9.10
229 25 4.58
230 7 3.18
231 1 0.01
232 7 3.53
233 1 0.01
234 1 0.01
235 1 1.84
236 1 0.01
237 8 36.62
238 14 29.06
239 14 21.69
240 23 9.70
241 17 9.17
242 17 9.93
243 7 2.28
244 1 1.83
245 1 0.01
246 1 0.01
247 1 0.01
248 1 1.86
249 1 0.01
250 1 0.01
251 1 0.01
252 1 0.01
253 25 6.05
254 25 5.41
255 7 3.59
256 1 0.01
257 1 0.01
258 1 0.01
259 6 2.64
260 1 0.01
261 1 0.01
262 1 0.01
263 8 42.63
264 10 19.95
265 10 23.97
266 23 25.35
267 17 11.64
268 17 18.48
269 17 9.47
270 6 3.28
271 7 4.41
272 1 0.01
273 1 1.87
274 1 0.01
275 25 2.67
276 25 7.24
277 15 5.79
278 1 1.83
279 1 0.01
280 1 0.01
281 1 0.01
282 1 0.01
283 17 11.53
284 17 10.50
285 25 8.20
286 25 4.56
287 1 1.83
288 1 0.01
289 1 0.01
290 25 4.97
291 7 2.96
292 1 0.01
293 7 3.53
294 1 0.01
295 1 0.01
296 1 0.01
297 25 2.22
298 15 12.16
299 1 0.01
300 1 0.01
301 1 0.01
302 1 0.01
303 1 0.01
304 1 0.01
305 1 0.01
306 1 0.01
307 1 0.01
308 1 0.01
309 25 3.79
310 17 12.28
311 7 10.59
312 1 0.01
313 6 5.40
314 25 3.17
315 1 0.01
316 1 0.01
317 1 0.01
318 1 0.01
319 1 0.01
320 1 0.01
321 1 0.01
322 1 0.01
323 22 52.43
324 20 17.48
325 16 20.17
326 10 18.16
327 21 34.74
328 4 40.45
329 14 24.06
330 23 14.78
331 23 7.34
332 6 9.77
333 25 7.23
334 25 1.52
335 1 1.84
336 1 0.01
337 1 0.01
