47 0 2 0 0 0 6 3 0 0 0 0 2 1 0 0 0 0 
48 0 2 0 0 0 3 1 0 0 0 0 2 1 0 0 0 0 
49 2 1 1 1 0 5 0 0 5 0 0 2 0 0 2 0 0 
50 2 1 1 1 0 14 1 0 7 0 0 1 0 0 1 0 0 
51 0 1 0 0 0 3 3 0 0 0 0 1 1 0 0 0 0 
52 0 0 0 0 0 0 0 0 0 0 0 0 0 0 0 0 0 
53 1 0 0 2 0 4 2 0 4 2 0 0 0 0 0 0 0 
54 3 0 0 0 3 2 0 0 2 0 0 0 0 0 0 0 0 
55 1 0 0 0 0 2 0 0 2 0 0 0 0 0 0 0 0 
56 1 0 0 1 0 12 0 0 5 0 0 0 0 0 0 0 0 
57 0 0 0 0 0 0 0 0 0 0 0 0 0 0 0 0 0 
58 0 1 0 0 0 2 2 0 0 0 0 0 0 0 0 0 0 
59 0 0 0 0 0 0 0 0 0 0 0 0 0 0 0 0 0 
60 0 1 0 0 0 4 2 0 0 0 0 2 2 0 0 0 0 
61 0 1 0 0 0 10 5 0 0 0 0 0 0 0 0 0 0 
62 0 0 0 0 0 1 0 0 0 0 0 0 0 0 0 0 0 
63 0 0 0 0 0 0 0 0 0 0 0 0 0 0 0 0 0 
64 0 0 0 0 0 1 0 0 0 0 0 0 0 0 0 0 0 
65 0 0 0 0 0 0 0 0 0 0 0 0 0 0 0 0 0 
66 4 0 2 0 3 1 0 0 0 0 0 0 0 0 0 0 0 
67 1 0 0 0 0 1 0 0 1 0 0 0 0 0 0 0 0 
68 0 0 0 0 0 1 0 0 0 0 0 0 0 0 0 0 0 
69 0 0 0 0 0 0 0 0 0 0 0 0 0 0 0 0 0 
70 0 0 0 0 0 0 0 0 0 0 0 0 0 0 0 0 0 
71 0 0 0 0 0 0 0 0 0 0 0 0 0 0 0 0 0 
72 0 0 0 0 0 0 0 0 0 0 0 0 0 0 0 0 0 
73 1 1 0 1 0 30 5 0 6 0 0 2 1 0 0 0 0 
74 0 0 0 0 0 0 0 0 0 0 0 0 0 0 0 0 0 
75 6 0 6 0 3 0 0 0 0 0 0 0 0 0 0 0 0 
76 0 1 0 0 0 1 1 0 0 0 0 1 1 0 0 0 0 
77 0 0 0 0 0 0 0 0 0 0 0 0 0 0 0 0 0 
78 1 0 0 0 0 0 0 0 0 0 0 0 0 0 0 0 0 
79 0 0 0 0 0 0 0 0 0 0 0 0 0 0 0 0 0 
80 0 0 0 0 0 0 0 0 0 0 0 0 0 0 0 0 0 
81 0 0 0 0 0 0 0 0 0 0 0 0 0 0 0 0 0 
82 1 0 0 0 0 0 0 0 0 0 0 0 0 0 0 0 0 
83 0 0 0 0 0 0 0 0 0 0 0 0 0 0 0 0 0 
84 2 0 1 3 0 28 4 0 13 4 0 1 1 0 1 1 0 
85 4 1 2 3 0 51 3 0 9 3 0 8 1 0 4 1 0 
86 0 1 0 0 0 2 0 0 0 0 0 1 0 0 0 0 0 
87 1 0 0 1 0 4 0 0 4 0 0 1 0 0 1 0 0 
88 2 1 1 2 0 19 2 0 15 0 0 2 1 0 0 0 0 
89 1 2 0 0 0 16 3 0 8 0 0 5 1 0 2 0 0 
90 1 0 0 1 0 6 0 0 6 0 0 1 0 0 1 0 0 
91 2 1 1 1 0 19 3 0 10 0 0 4 1 0 3 0 0 
92 0 2 0 0 0 13 1 0 0 0 0 1 0 0 0 0 0 
93 1 0 0 2 0 6 2 0 6 2 0 2 1 0 2 1 0 
94 2 1 1 2 0 13 0 0 1 0 0 1 0 0 1 0 0 
95 1 0 0 2 0 2 1 0 2 1 0 0 0 0 0 0 0 
96 2 0 1 0 0 2 0 0 2 0 0 0 0 0 0 0 0 
97 0 0 0 0 0 0 0 0 0 0 0 0 0 0 0 0 0 
98 0 1 0 0 0 4 2 0 0 0 0 0 0 0 0 0 0 
99 0 0 0 0 0 3 0 0 0 0 0 0 0 0 0 0 0 
100 0 0 0 0 0 0 0 0 0 0 0 0 0 0 0 0 0 
101 0 1 0 0 0 3 3 0 0 0 0 0 0 0 0 0 0 
102 0 0 0 0 0 0 0 0 0 0 0 0 0 0 0 0 0 
103 2 1 1 2 0 18 2 0 12 0 0 2 0 0 2 0 0 
104 1 3 0 1 0 24 2 0 9 0 0 3 1 0 1 0 0 
105 0 1 0 0 0 3 0 0 0 0 0 1 0 0 0 0 0 
106 1 0 0 1 0 19 0 0 4 0 0 1 0 0 1 0 0 
107 2 1 1 2 0 18 2 0 12 0 0 4 1 0 2 0 0 
108 1 2 0 1 0 30 2 0 6 0 0 5 1 0 2 0 0 
109 1 0 0 1 0 4 0 0 4 0 0 1 0 0 1 0 0 
110 2 1 1 2 0 14 2 0 10 0 0 5 1 0 3 0 0 
111 2 1 1 2 0 14 2 0 10 0 0 5 1 0 3 0 0 
112 2 1 1 2 0 24 2 0 20 0 0 6 1 0 4 0 0 
113 2 1 1 2 0 22 4 0 14 0 0 3 1 0 1 0 0 
114 2 1 1 1 0 7 2 0 3 0 0 3 1 0 1 0 0 
115 2 1 1 2 0 7 0 0 7 0 0 1 0 0 1 0 0 
116 4 1 2 0 3 23 1 0 10 0 0 1 0 0 1 0 0 
117 0 1 0 0 0 2 2 0 0 0 0 1 1 0 0 0 0 
118 0 0 0 0 0 0 0 0 0 0 0 0 0 0 0 0 0 
119 1 0 0 0 0 11 0 0 2 0 0 1 0 0 1 0 0 
120 0 2 0 0 0 0 0 0 0 0 0 0 0 0 0 0 0 
121 0 1 0 0 0 2 2 0 0 0 0 0 0 0 0 0 0 
122 0 0 0 0 0 0 0 0 0 0 0 0 0 0 0 0 0 
123 0 0 0 0 0 0 0 0 0 0 0 0 0 0 0 0 0 
124 0 0 0 0 0 3 0 0 0 0 0 0 0 0 0 0 0 
125 2 1 1 2 0 14 2 0 10 0 0 5 1 0 3 0 0 
126 2 1 1 2 0 19 2 0 15 0 0 5 1 0 3 0 0 
127 2 1 1 2 0 18 3 0 12 0 0 5 1 0 3 0 0 
128 2 1 1 2 0 14 2 0 10 0 0 5 1 0 3 0 0 
129 2 1 1 2 0 18 2 0 12 0 0 3 1 0 1 0 0 
130 2 1 1 1 0 33 2 0 8 0 0 4 1 0 2 0 0 
131 2 1 1 1 0 4 1 0 2 0 0 2 0 0 1 0 0 
132 2 1 1 0 0 6 0 0 6 0 0 2 0 0 2 0 0 
133 0 4 0 0 0 12 5 0 0 0 0 2 2 0 0 0 0 
134 0 1 0 0 0 2 2 0 0 0 0 0 0 0 0 0 0 
135 0 0 0 0 0 0 0 0 0 0 0 0 0 0 0 0 0 
136 0 0 0 0 0 6 0 0 0 0 0 0 0 0 0 0 0 
137 1 0 0 0 0 1 0 0 1 0 0 0 0 0 0 0 0 
138 0 0 0 0 0 3 0 0 0 0 0 0 0 0 0 0 0 
139 0 0 0 0 0 0 0 0 0 0 0 0 0 0 0 0 0 
140 0 1 0 0 0 8 2 0 0 0 0 0 0 0 0 0 0 
141 2 0 1 1 0 11 0 0 4 0 0 0 0 0 0 0 0 
142 0 0 0 0 0 0 0 0 0 0 0 0 0 0 0 0 0 
143 0 0 0 0 0 3 0 0 0 0 0 0 0 0 0 0 0 
144 0 0 0 0 0 0 0 0 0 0 0 0 0 0 0 0 0 
145 0 0 0 0 0 4 0 0 0 0 0 0 0 0 0 0 0 
146 4 0 4 2 0 14 0 0 9 0 0 4 0 0 3 0 0 
147 1 2 0 0 0 19 2 0 6 0 0 4 1 0 1 0 0 
148 0 1 0 0 0 4 0 0 0 0 0 1 0 0 0 0 0 
149 1 0 0 1 0 6 0 0 6 0 0 1 0 0 1 0 0 
150 1 2 0 1 0 18 3 0 8 0 0 4 1 0 2 0 0 
151 1 0 0 1 0 2 0 0 2 0 0 1 0 0 1 0 0 
152 2 1 1 2 0 13 1 0 10 0 0 3 0 0 3 0 0 
153 2 1 1 2 0 38 2 0 10 0 0 4 1 0 2 0 0 
154 1 2 0 1 0 14 2 0 6 0 0 5 1 0 2 0 0 
155 1 0 0 1 0 4 0 0 4 0 0 1 0 0 1 0 0 
156 2 1 1 2 0 14 2 0 10 0 0 5 1 0 3 0 0 
157 2 1 1 2 0 14 2 0 10 0 0 5 1 0 3 0 0 
158 2 1 1 2 0 9 2 0 5 0 0 3 1 0 1 0 0 
159 2 1 1 1 0 4 1 0 2 0 0 3 1 0 1 0 0 
160 2 1 1 1 0 1 0 0 1 0 0 1 0 0 1 0 0 
161 2 1 1 0 0 6 0 0 6 0 0 0 0 0 0 0 0 
162 0 1 0 0 0 3 3 0 0 0 0 0 0 0 0 0 0 
163 0 0 0 0 0 0 0 0 0 0 0 0 0 0 0 0 0 
164 0 0 0 0 0 0 0 0 0 0 0 0 0 0 0 0 0 
165 3 0 0 0 3 0 0 0 0 0 0 0 0 0 0 0 0 
166 1 0 0 0 0 0 0 0 0 0 0 0 0 0 0 0 0 
167 0 0 0 0 0 0 0 0 0 0 0 0 0 0 0 0 0 
168 0 0 0 0 0 0 0 0 0 0 0 0 0 0 0 0 0 
169 0 0 0 0 0 0 0 0 0 0 0 0 0 0 0 0 0 
170 2 1 1 2 0 10 1 0 8 0 0 1 0 0 1 0 0 
171 1 2 0 0 0 12 2 0 6 0 0 3 1 0 1 0 0 
172 0 1 0 0 0 2 0 0 0 0 0 1 0 0 0 0 0 
173 1 0 0 1 0 4 0 0 4 0 0 0 0 0 0 0 0 
174 1 2 0 0 0 12 2 0 6 0 0 3 1 0 1 0 0 
175 0 1 0 0 0 2 0 0 0 0 0 1 0 0 0 0 0 
176 1 0 0 1 0 4 0 0 4 0 0 1 0 0 1 0 0 
177 1 2 0 1 0 14 2 0 6 0 0 4 1 0 1 0 0 
178 0 1 0 0 0 4 0 0 0 0 0 0 0 0 0 0 0 
179 1 0 0 1 0 2 0 0 2 0 0 0 0 0 0 0 0 
180 2 1 1 1 0 4 1 0 2 0 0 1 0 0 1 0 0 
181 2 1 1 1 0 1 0 0 1 0 0 0 0 0 0 0 0 
182 1 2 0 0 0 4 0 0 2 0 0 0 0 0 0 0 0 
183 0 0 0 0 0 4 0 0 0 0 0 0 0 0 0 0 0 
184 0 0 0 0 0 0 0 0 0 0 0 0 0 0 0 0 0 
185 0 0 0 0 0 0 0 0 0 0 0 0 0 0 0 0 0 
186 0 0 0 0 0 8 0 0 0 0 0 0 0 0 0 0 0 
187 3 0 2 2 0 4 0 0 1 0 0 0 0 0 0 0 0 
188 1 0 0 0 0 0 0 0 0 0 0 0 0 0 0 0 0 
189 0 0 0 0 0 0 0 0 0 0 0 0 0 0 0 0 0 
190 0 0 0 0 0 0 0 0 0 0 0 0 0 0 0 0 0 
191 1 0 0 0 0 0 0 0 0 0 0 0 0 0 0 0 0 
192 0 0 0 0 0 0 0 0 0 0 0 0 0 0 0 0 0 
193 0 0 0 0 0 0 0 0 0 0 0 0 0 0 0 0 0 
194 0 0 0 0 0 0 0 0 0 0 0 0 0 0 0 0 0 
195 2 1 1 2 0 18 3 0 12 0 0 4 1 0 2 0 0 
196 2 1 1 1 0 17 2 0 13 0 0 4 1 0 2 0 0 
197 2 1 1 1 0 15 2 0 9 0 0 2 0 0 2 0 0 
198 2 1 1 1 0 20 1 0 6 0 0 2 0 0 2 0 0 
199 1 2 0 1 0 13 1 0 4 0 0 2 0 0 1 0 0 
200 0 1 0 0 0 6 0 0 0 0 0 0 0 0 0 0 0 
201 0 1 0 0 0 2 0 0 0 0 0 0 0 0 0 0 0 
202 1 0 0 1 0 0 0 0 0 0 0 0 0 0 0 0 0 
203 2 1 1 0 0 6 0 0 6 0 0 2 0 0 2 0 0 
204 0 2 0 0 0 4 2 0 0 0 0 0 0 0 0 0 0 
205 0 1 0 0 0 4 4 0 0 0 0 0 0 0 0 0 0 
206 0 0 0 0 0 0 0 0 0 0 0 0 0 0 0 0 0 
207 1 2 0 0 0 6 3 0 0 0 0 0 0 0 0 0 0 
208 0 0 0 0 0 0 0 0 0 0 0 0 0 0 0 0 0 
209 0 1 0 0 0 9 3 0 0 0 0 0 0 0 0 0 0 
210 2 1 1 2 0 14 1 0 12 0 0 2 0 0 2 0 0 
211 2 1 1 1 0 16 3 0 10 0 0 3 1 0 1 0 0 
212 1 2 0 0 0 8 1 0 4 0 0 3 0 0 2 0 0 
213 1 0 0 1 0 6 0 0 6 0 0 1 0 0 1 0 0 
214 1 2 0 1 0 38 2 0 6 0 0 4 1 0 1 0 0 
215 0 1 0 0 0 6 0 0 0 0 0 0 0 0 0 0 0 
216 1 0 0 1 0 0 0 0 0 0 0 0 0 0 0 0 0 
217 2 1 1 1 0 1 0 0 1 0 0 1 0 0 1 0 0 
218 2 1 1 1 0 5 0 0 5 0 0 0 0 0 0 0 0 
219 1 1 0 0 0 16 1 0 2 0 0 1 0 0 0 0 0 
220 0 0 0 0 0 0 0 0 0 0 0 0 0 0 0 0 0 
221 0 0 0 0 0 0 0 0 0 0 0 0 0 0 0 0 0 
222 0 0 0 0 0 3 0 0 0 0 0 0 0 0 0 0 0 
223 0 0 0 0 0 0 0 0 0 0 0 0 0 0 0 0 0 
224 3 0 2 0 0 0 0 0 0 0 0 0 0 0 0 0 0 
225 0 0 0 0 0 0 0 0 0 0 0 0 0 0 0 0 0 
226 0 0 0 0 0 0 0 0 0 0 0 0 0 0 0 0 0 
227 0 0 0 0 0 0 0 0 0 0 0 0 0 0 0 0 0 
228 0 0 0 0 0 0 0 0 0 0 0 0 0 0 0 0 0 
229 1 0 0 1 0 12 3 0 6 3 0 2 1 0 2 1 0 
230 1 2 0 1 0 14 2 0 6 0 0 5 1 0 2 0 0 
231 1 0 0 1 0 4 0 0 4 0 0 0 0 0 0 0 0 
232 2 1 1 1 0 12 2 0 8 0 0 5 1 0 3 0 0 
233 2 1 1 2 0 10 1 0 8 0 0 3 0 0 3 0 0 
234 2 1 1 2 0 14 2 0 10 0 0 3 1 0 1 0 0 
235 1 2 0 0 0 12 2 0 6 0 0 6 1 0 3 0 0 
236 1 0 0 1 0 2 0 0 2 0 0 1 0 0 1 0 0 
237 2 1 1 2 0 10 1 0 8 0 0 5 1 0 3 0 0 
238 1 3 0 1 0 7 1 0 3 0 0 3 0 0 1 0 0 
239 1 0 0 1 0 3 3 0 3 3 0 1 1 0 1 1 0 
240 1 0 0 2 0 4 2 0 4 2 0 2 1 0 2 1 0 
241 2 0 1 2 0 8 0 0 5 0 0 3 0 0 2 0 0 
242 1 0 0 1 0 4 0 0 4 0 0 0 0 0 0 0 0 
243 2 1 1 1 0 7 2 0 3 0 0 2 0 0 1 0 0 
244 2 1 1 0 0 3 0 0 3 0 0 2 0 0 2 0 0 
245 0 4 0 0 0 10 4 0 0 0 0 0 0 0 0 0 0 
246 0 1 0 0 0 4 1 0 0 0 0 0 0 0 0 0 0 
247 0 0 0 0 0 0 0 0 0 0 0 0 0 0 0 0 0 
248 0 0 0 0 0 0 0 0 0 0 0 0 0 0 0 0 0 
249 0 0 0 0 0 0 0 0 0 0 0 0 0 0 0 0 0 
250 0 2 0 0 0 0 0 0 0 0 0 0 0 0 0 0 0 
251 0 4 0 0 0 7 3 0 0 0 0 0 0 0 0 0 0 
252 0 1 0 0 0 1 1 0 0 0 0 0 0 0 0 0 0 
253 0 0 0 0 0 0 0 0 0 0 0 0 0 0 0 0 0 
254 0 0 0 0 0 2 0 0 0 0 0 0 0 0 0 0 0 
255 0 0 0 0 0 0 0 0 0 0 0 0 0 0 0 0 0 
256 0 0 0 0 0 0 0 0 0 0 0 0 0 0 0 0 0 
257 0 0 0 0 0 0 0 0 0 0 0 0 0 0 0 0 0 
258 1 0 0 1 0 4 0 0 4 0 0 1 0 0 1 0 0 
259 2 1 1 2 0 14 2 0 10 0 0 4 1 0 2 0 0 
260 1 2 0 1 0 14 2 0 6 0 0 5 1 0 2 0 0 
261 1 0 0 1 0 4 0 0 4 0 0 1 0 0 1 0 0 
262 2 1 1 2 0 19 2 0 15 0 0 5 1 0 3 0 0 
263 2 1 1 2 0 18 3 0 12 0 0 3 1 0 1 0 0 
264 2 1 1 1 0 12 2 0 8 0 0 5 1 0 3 0 0 
265 2 1 1 2 0 8 1 0 5 0 0 3 0 0 2 0 0 
266 2 1 1 1 0 20 1 0 6 0 0 3 1 0 2 0 0 
267 0 5 0 0 0 4 2 0 0 0 0 0 0 0 0 0 0 
268 1 0 0 1 0 1 1 0 1 1 0 0 0 0 0 0 0 
269 1 0 0 0 0 1 0 0 1 0 0 0 0 0 0 0 0 
270 0 1 0 0 0 1 1 0 0 0 0 0 0 0 0 0 0 
271 0 0 0 0 0 0 0 0 0 0 0 0 0 0 0 0 0 
272 0 0 0 0 0 0 0 0 0 0 0 0 0 0 0 0 0 
273 0 0 0 0 0 0 0 0 0 0 0 0 0 0 0 0 0 
274 0 0 0 0 0 0 0 0 0 0 0 0 0 0 0 0 0 
275 0 0 0 0 0 0 0 0 0 0 0 0 0 0 0 0 0 
276 0 0 0 0 0 0 0 0 0 0 0 0 0 0 0 0 0 
277 2 1 1 2 0 14 2 0 10 0 0 5 1 0 3 0 0 
278 2 1 1 2 0 14 2 0 10 0 0 5 1 0 3 0 0 
279 2 1 1 2 0 9 2 0 5 0 0 3 1 0 1 0 0 
280 2 1 1 1 0 8 1 0 6 0 0 4 1 0 2 0 0 
281 2 1 1 1 0 8 1 0 6 0 0 3 0 0 2 0 0 
282 2 1 1 0 0 4 1 0 3 0 0 2 0 0 2 0 0 
283 0 2 0 0 0 0 0 0 0 0 0 0 0 0 0 0 0 
284 0 2 0 0 0 0 0 0 0 0 0 0 0 0 0 0 0 
285 0 1 0 0 0 1 1 0 0 0 0 0 0 0 0 0 0 
286 0 0 0 0 0 0 0 0 0 0 0 0 0 0 0 0 0 
287 0 0 0 0 0 0 0 0 0 0 0 0 0 0 0 0 0 
288 0 0 0 0 0 0 0 0 0 0 0 0 0 0 0 0 0 
289 2 1 1 0 0 7 1 0 6 0 0 2 0 0 2 0 0 
290 0 2 0 0 0 2 1 0 0 0 0 0 0 0 0 0 0 
291 0 2 0 0 0 2 1 0 0 0 0 1 0 0 0 0 0 
292 0 1 0 0 0 6 3 0 0 0 0 2 1 0 0 0 0 
293 0 1 0 0 0 4 0 0 0 0 0 1 0 0 0 0 0 
294 1 0 0 1 0 4 0 0 4 0 0 1 0 0 1 0 0 
295 2 1 1 2 0 14 2 0 10 0 0 5 1 0 3 0 0 
296 2 1 1 2 0 14 2 0 10 0 0 5 1 0 3 0 0 
297 2 1 1 2 0 19 2 0 15 0 0 5 1 0 3 0 0 
298 2 1 1 2 0 12 3 0 6 0 0 3 1 0 1 0 0 
299 2 1 1 1 0 4 1 0 2 0 0 3 1 0 1 0 0 
300 2 1 1 1 0 1 0 0 1 0 0 1 0 0 1 0 0 
301 3 1 3 0 0 0 0 0 0 0 0 0 0 0 0 0 0 
302 0 1 0 0 0 1 1 0 0 0 0 0 0 0 0 0 0 
303 0 0 0 0 0 0 0 0 0 0 0 0 0 0 0 0 0 
304 0 0 0 0 0 0 0 0 0 0 0 0 0 0 0 0 0 
305 0 0 0 0 0 0 0 0 0 0 0 0 0 0 0 0 0 
306 0 0 0 0 0 0 0 0 0 0 0 0 0 0 0 0 0 
