667 1 0.01
668 1 0.01
669 1 0.01
670 1 0.01
671 1 0.01
672 1 0.01
673 1 0.01
674 1 0.01
675 1 0.01
676 9 2.41
677 9 4.44
678 1 1.80
679 1 0.01
680 1 0.01
681 1 0.01
682 1 0.01
683 1 0.01
684 1 0.01
685 14 2.68
686 1 0.01
687 9 2.41
688 1 0.01
689 9 8.67
690 1 0.01
691 9 5.37
692 1 0.01
693 1 0.01
694 1 0.01
695 1 0.01
696 1 0.01
697 1 1.79
698 1 1.79
699 1 0.01
700 1 0.01
701 1 0.01
702 14 4.21
703 1 0.01
704 2 12.12
705 9 2.33
706 10 10.76
707 9 6.80
708 14 4.23
709 1 0.01
710 1 1.80
711 14 1.14
712 1 0.01
713 1 0.01
714 14 2.05
715 14 0.99
716 1 0.01
717 1 0.01
718 1 0.01
719 1 0.01
720 1 1.79
721 1 0.01
722 9 2.77
723 1 1.78
724 1 0.01
725 1 0.01
726 1 1.76
727 14 1.28
728 1 0.01
729 1 0.01
730 1 0.01
731 3 25.08
732 15 63.37
733 9 6.00
734 23 22.44
735 17 37.64
736 9 14.31
737 10 12.68
738 9 5.19
739 9 3.67
740 1 0.01
741 1 0.01
742 1 0.01
743 1 0.01
744 1 0.01
745 1 0.01
746 1 0.01
747 1 0.01
748 1 0.01
749 1 0.01
750 1 0.01
751 1 0.01
752 1 0.01
753 1 0.01
754 1 1.76
755 1 0.01
756 1 0.01
757 1 0.01
758 1 0.01
759 1 0.01
760 1 0.01
761 1 0.01
